query_index,name,identity,camera,scene,valid,relevant_gallery,kept_gallery,AP,INP,first_match,last_match,Rank-1,Rank-5,Rank-10,Rank-20
0,0502_c0001_000.jpg,502,0,-1,True,175,8550,0.6165025194355782,0.22407170294494239,1,781,1,1,1,1
1,0502_c0001_005.jpg,502,0,-1,True,175,8550,0.539838725736737,0.230566534914361,5,759,0,1,1,1
2,0502_c0001_010.jpg,502,0,-1,True,175,8550,0.5221112406152041,0.212636695018226,1,823,1,1,1,1
3,0502_c0001_015.jpg,502,0,-1,True,175,8550,0.630579510212545,0.22208121827411167,1,788,1,1,1,1
4,0502_c0001_020.jpg,502,0,-1,True,175,8550,0.572794179342911,0.2184769038701623,1,801,1,1,1,1
5,0502_c0002_000.jpg,502,1,-1,True,175,8550,0.7626909387449466,0.25289017341040465,1,692,1,1,1,1
6,0502_c0002_005.jpg,502,1,-1,True,175,8550,0.6369652309204656,0.3707627118644068,6,472,0,0,1,1
7,0502_c0002_010.jpg,502,1,-1,True,175,8550,0.6320850661432432,0.2902155887230514,5,603,0,1,1,1
8,0502_c0002_015.jpg,502,1,-1,True,175,8550,0.6638384048199818,0.3193430656934307,2,548,0,1,1,1
9,0502_c0002_020.jpg,502,1,-1,True,175,8550,0.7928618610422086,0.4533678756476684,1,386,1,1,1,1
10,0502_c0003_000.jpg,502,2,-1,True,175,8550,0.4862119643796129,0.14893617021276595,3,1175,0,1,1,1
11,0502_c0003_005.jpg,502,2,-1,True,175,8550,0.5232818357918453,0.16385767790262173,3,1068,0,1,1,1
12,0502_c0003_010.jpg,502,2,-1,True,175,8550,0.4272266449698667,0.1471825063078217,11,1189,0,0,0,1
13,0502_c0003_015.jpg,502,2,-1,True,175,8550,0.4824695849844909,0.1590909090909091,3,1100,0,1,1,1
14,0502_c0003_020.jpg,502,2,-1,True,175,8550,0.4417381317113047,0.1524390243902439,8,1148,0,0,1,1
15,0502_c0004_000.jpg,502,3,-1,True,175,8550,0.6778114467911878,0.14124293785310735,1,1239,1,1,1,1
16,0502_c0004_005.jpg,502,3,-1,True,175,8550,0.796647911452075,0.1717369970559372,1,1019,1,1,1,1
17,0502_c0004_010.jpg,502,3,-1,True,175,8550,0.8324199983127258,0.16990291262135923,1,1030,1,1,1,1
18,0502_c0004_015.jpg,502,3,-1,True,175,8550,0.8233446140711994,0.15751575157515751,1,1111,1,1,1,1
19,0502_c0004_020.jpg,502,3,-1,True,175,8550,0.7984973106782082,0.16385767790262173,1,1068,1,1,1,1
20,0502_c0005_000.jpg,502,4,-1,True,175,8550,0.7683054650315928,0.28,1,625,1,1,1,1
21,0502_c0005_005.jpg,502,4,-1,True,175,8550,0.7598491999295232,0.27821939586645467,1,629,1,1,1,1
22,0502_c0005_010.jpg,502,4,-1,True,175,8550,0.7090024526801497,0.2631578947368421,1,665,1,1,1,1
23,0502_c0005_015.jpg,502,4,-1,True,175,8550,0.7468227289236262,0.264750378214826,1,661,1,1,1,1
24,0502_c0005_020.jpg,502,4,-1,True,175,8550,0.7845070587467587,0.27301092043681746,1,641,1,1,1,1
25,0502_c0006_000.jpg,502,5,-1,True,175,8550,0.22835271779604702,0.09557618787547788,1,1831,1,1,1,1
26,0502_c0006_005.jpg,502,5,-1,True,175,8550,0.4059632308575447,0.12867647058823528,1,1360,1,1,1,1
27,0502_c0006_010.jpg,502,5,-1,True,175,8550,0.3740997367285682,0.11864406779661017,1,1475,1,1,1,1
28,0502_c0006_015.jpg,502,5,-1,True,175,8550,0.3216734087894644,0.11978097193702943,10,1461,0,0,1,1
29,0502_c0006_020.jpg,502,5,-1,True,175,8550,0.2781292107110202,0.11978097193702943,16,1461,0,0,0,1
30,0502_c0007_000.jpg,502,6,-1,True,175,8550,0.5537208869829625,0.23087071240105542,1,758,1,1,1,1
31,0502_c0007_005.jpg,502,6,-1,True,175,8550,0.6975462095637533,0.38631346578366443,1,453,1,1,1,1
32,0502_c0007_010.jpg,502,6,-1,True,175,8550,0.700494602449228,0.3684210526315789,1,475,1,1,1,1
33,0502_c0007_015.jpg,502,6,-1,True,175,8550,0.6738539872061993,0.3153153153153153,1,555,1,1,1,1
34,0502_c0007_020.jpg,502,6,-1,True,175,8550,0.6217253363464496,0.2751572327044025,1,636,1,1,1,1
35,0502_c0008_000.jpg,502,7,-1,True,175,8550,0.7691920527994149,0.1984126984126984,1,882,1,1,1,1
36,0502_c0008_005.jpg,502,7,-1,True,175,8550,0.7966562280854389,0.2565982404692082,1,682,1,1,1,1
37,0502_c0008_010.jpg,502,7,-1,True,175,8550,0.7874729335145279,0.20420070011668612,1,857,1,1,1,1
38,0502_c0008_015.jpg,502,7,-1,True,175,8550,0.7909649315223202,0.21820448877805487,1,802,1,1,1,1
39,0502_c0008_020.jpg,502,7,-1,True,175,8550,0.7436561219059753,0.1649387370405278,1,1061,1,1,1,1
40,0504_c0001_000.jpg,504,0,-1,True,150,8550,0.6518849158870204,0.23255813953488372,1,645,1,1,1,1
41,0504_c0001_005.jpg,504,0,-1,True,150,8550,0.6007775403734621,0.17543859649122806,1,855,1,1,1,1
42,0504_c0001_010.jpg,504,0,-1,True,150,8550,0.614919432335428,0.18495684340320592,1,811,1,1,1,1
43,0504_c0001_015.jpg,504,0,-1,True,150,8550,0.5689580228760025,0.17142857142857143,1,875,1,1,1,1
44,0504_c0001_020.jpg,504,0,-1,True,150,8550,0.6171528981359224,0.19329896907216496,1,776,1,1,1,1
45,0504_c0002_000.jpg,504,1,-1,True,150,8550,0.7236120900263562,0.35545023696682465,1,422,1,1,1,1
46,0504_c0002_005.jpg,504,1,-1,True,150,8550,0.7067660020418115,0.33707865168539325,1,445,1,1,1,1
47,0504_c0002_010.jpg,504,1,-1,True,150,8550,0.7634093411393711,0.3816793893129771,1,393,1,1,1,1
48,0504_c0002_015.jpg,504,1,-1,True,150,8550,0.7695560321201766,0.43352601156069365,1,346,1,1,1,1
49,0504_c0002_020.jpg,504,1,-1,True,150,8550,0.8156294030718959,0.4573170731707317,1,328,1,1,1,1
50,0504_c0003_000.jpg,504,2,-1,True,150,8550,0.8363929375328311,0.5703422053231939,1,263,1,1,1,1
51,0504_c0003_005.jpg,504,2,-1,True,150,8550,0.7970024488036406,0.5928853754940712,1,253,1,1,1,1
52,0504_c0003_010.jpg,504,2,-1,True,150,8550,0.8561015739298299,0.5976095617529881,1,251,1,1,1,1
53,0504_c0003_015.jpg,504,2,-1,True,150,8550,0.8787943945966193,0.6,1,250,1,1,1,1
54,0504_c0003_020.jpg,504,2,-1,True,150,8550,0.9004506576903856,0.6072874493927125,1,247,1,1,1,1
55,0504_c0005_000.jpg,504,4,-1,True,150,8550,0.6210493938608412,0.2767527675276753,1,542,1,1,1,1
56,0504_c0005_005.jpg,504,4,-1,True,150,8550,0.6498561532671668,0.3232758620689655,1,464,1,1,1,1
57,0504_c0005_010.jpg,504,4,-1,True,150,8550,0.6893846424707907,0.3488372093023256,1,430,1,1,1,1
58,0504_c0005_015.jpg,504,4,-1,True,150,8550,0.718509427089623,0.35294117647058826,1,425,1,1,1,1
59,0504_c0005_020.jpg,504,4,-1,True,150,8550,0.7149693251827205,0.3177966101694915,1,472,1,1,1,1
60,0504_c0006_000.jpg,504,5,-1,True,150,8550,0.9968215427365753,0.967741935483871,1,155,1,1,1,1
61,0504_c0006_005.jpg,504,5,-1,True,150,8550,0.9808101661107453,0.8241758241758241,1,182,1,1,1,1
62,0504_c0006_010.jpg,504,5,-1,True,150,8550,0.9808874290639352,0.8333333333333334,1,180,1,1,1,1
63,0504_c0006_015.jpg,504,5,-1,True,150,8550,0.9727671995990939,0.78125,1,192,1,1,1,1
64,0504_c0006_020.jpg,504,5,-1,True,150,8550,0.9864240655217433,0.8670520231213873,1,173,1,1,1,1
65,0504_c0007_000.jpg,504,6,-1,True,150,8550,0.9992175044396325,0.9868421052631579,1,152,1,1,1,1
66,0504_c0007_005.jpg,504,6,-1,True,150,8550,0.9948804862730263,0.9316770186335404,1,161,1,1,1,1
67,0504_c0007_010.jpg,504,6,-1,True,150,8550,0.9553524089673487,0.746268656716418,1,201,1,1,1,1
68,0504_c0007_015.jpg,504,6,-1,True,150,8550,0.9992833099729899,0.974025974025974,1,154,1,1,1,1
69,0504_c0007_020.jpg,504,6,-1,True,150,8550,0.9992613602159387,0.9868421052631579,1,152,1,1,1,1
70,0504_c0008_000.jpg,504,7,-1,True,150,8550,0.9894336017812156,0.9259259259259259,1,162,1,1,1,1
71,0504_c0008_005.jpg,504,7,-1,True,150,8550,0.9970874115713436,0.8982035928143712,1,167,1,1,1,1
72,0504_c0008_010.jpg,504,7,-1,True,150,8550,0.9874759277219263,0.819672131147541,1,183,1,1,1,1
73,0504_c0008_015.jpg,504,7,-1,True,150,8550,0.9767027458126567,0.8064516129032258,1,186,1,1,1,1
74,0504_c0008_020.jpg,504,7,-1,True,150,8550,0.9824527546259507,0.8241758241758241,1,182,1,1,1,1
75,0506_c0001_000.jpg,506,0,-1,True,175,8550,0.771397380979651,0.6097560975609756,1,287,1,1,1,1
76,0506_c0001_005.jpg,506,0,-1,True,175,8550,0.8151148434277155,0.6889763779527559,1,254,1,1,1,1
77,0506_c0001_010.jpg,506,0,-1,True,175,8550,0.7953913272874193,0.6628787878787878,1,264,1,1,1,1
78,0506_c0001_015.jpg,506,0,-1,True,175,8550,0.7897923460600451,0.5952380952380952,1,294,1,1,1,1
79,0506_c0001_020.jpg,506,0,-1,True,175,8550,0.7667936456192451,0.660377358490566,1,265,1,1,1,1
80,0506_c0002_000.jpg,506,1,-1,True,175,8550,0.8247935841471897,0.4943502824858757,1,354,1,1,1,1
81,0506_c0002_005.jpg,506,1,-1,True,175,8550,0.8406482339692636,0.5162241887905604,1,339,1,1,1,1
82,0506_c0002_010.jpg,506,1,-1,True,175,8550,0.8426918310630971,0.49157303370786515,1,356,1,1,1,1
83,0506_c0002_015.jpg,506,1,-1,True,175,8550,0.7823533371149642,0.5351681957186545,1,327,1,1,1,1
84,0506_c0002_020.jpg,506,1,-1,True,175,8550,0.82777791201899,0.5255255255255256,1,333,1,1,1,1
85,0506_c0003_000.jpg,506,2,-1,True,175,8550,0.91688928529321,0.6227758007117438,1,281,1,1,1,1
86,0506_c0003_005.jpg,506,2,-1,True,175,8550,0.9287655485947911,0.6889763779527559,1,254,1,1,1,1
87,0506_c0003_010.jpg,506,2,-1,True,175,8550,0.9095147469715965,0.6161971830985915,1,284,1,1,1,1
88,0506_c0003_015.jpg,506,2,-1,True,175,8550,0.9270073653716487,0.6578947368421053,1,266,1,1,1,1
89,0506_c0003_020.jpg,506,2,-1,True,175,8550,0.900395502333467,0.5813953488372093,1,301,1,1,1,1
90,0506_c0004_000.jpg,506,3,-1,True,175,8550,0.8156656060501661,0.43424317617866004,1,403,1,1,1,1
91,0506_c0004_005.jpg,506,3,-1,True,175,8550,0.9025600213288382,0.546875,1,320,1,1,1,1
92,0506_c0004_010.jpg,506,3,-1,True,175,8550,0.8708891146375249,0.5794701986754967,1,302,1,1,1,1
93,0506_c0004_015.jpg,506,3,-1,True,175,8550,0.8659673979904385,0.5573248407643312,1,314,1,1,1,1
94,0506_c0004_020.jpg,506,3,-1,True,175,8550,0.8511333150514095,0.5223880597014925,1,335,1,1,1,1
95,0506_c0005_000.jpg,506,4,-1,True,175,8550,0.4553562589348006,0.22905759162303665,2,764,0,1,1,1
96,0506_c0005_005.jpg,506,4,-1,True,175,8550,0.45724548843870855,0.21929824561403508,2,798,0,1,1,1
97,0506_c0005_010.jpg,506,4,-1,True,175,8550,0.4472616168284966,0.22935779816513763,1,763,1,1,1,1
98,0506_c0005_015.jpg,506,4,-1,True,175,8550,0.562050320620626,0.24857954545454544,1,704,1,1,1,1
99,0506_c0005_020.jpg,506,4,-1,True,175,8550,0.431520796164356,0.2413793103448276,3,725,0,1,1,1
100,0506_c0006_000.jpg,506,5,-1,True,175,8550,0.8842832326623559,0.3234750462107209,1,541,1,1,1,1
101,0506_c0006_005.jpg,506,5,-1,True,175,8550,0.8993461408886264,0.4069767441860465,1,430,1,1,1,1
102,0506_c0006_010.jpg,506,5,-1,True,175,8550,0.8957434853521178,0.352112676056338,1,497,1,1,1,1
103,0506_c0006_015.jpg,506,5,-1,True,175,8550,0.89739251603527,0.4050925925925926,1,432,1,1,1,1
104,0506_c0006_020.jpg,506,5,-1,True,175,8550,0.9038317338246933,0.4060324825986079,1,431,1,1,1,1
105,0506_c0007_000.jpg,506,6,-1,True,175,8550,0.9533670913224517,0.7261410788381742,1,241,1,1,1,1
106,0506_c0007_005.jpg,506,6,-1,True,175,8550,0.9577521572976301,0.6730769230769231,1,260,1,1,1,1
107,0506_c0007_010.jpg,506,6,-1,True,175,8550,0.9393115259987582,0.5255255255255256,1,333,1,1,1,1
108,0506_c0007_015.jpg,506,6,-1,True,175,8550,0.9349162286539523,0.5303030303030303,1,330,1,1,1,1
109,0506_c0007_020.jpg,506,6,-1,True,175,8550,0.9423791884524777,0.5555555555555556,1,315,1,1,1,1
110,0506_c0008_000.jpg,506,7,-1,True,175,8550,0.7095512681005458,0.20783847980997625,1,842,1,1,1,1
111,0506_c0008_005.jpg,506,7,-1,True,175,8550,0.7142428852874624,0.21820448877805487,1,802,1,1,1,1
112,0506_c0008_010.jpg,506,7,-1,True,175,8550,0.8168094340350383,0.25289017341040465,1,692,1,1,1,1
113,0506_c0008_015.jpg,506,7,-1,True,175,8550,0.8143957481305756,0.2562225475841874,1,683,1,1,1,1
114,0506_c0008_020.jpg,506,7,-1,True,175,8550,0.8321184362367847,0.2751572327044025,1,636,1,1,1,1
115,0508_c0001_000.jpg,508,0,-1,True,175,8550,0.6496851144485737,0.23874488403819918,1,733,1,1,1,1
116,0508_c0001_005.jpg,508,0,-1,True,175,8550,0.708697968379005,0.2684049079754601,1,652,1,1,1,1
117,0508_c0001_010.jpg,508,0,-1,True,175,8550,0.6461627841917531,0.22435897435897437,1,780,1,1,1,1
118,0508_c0001_015.jpg,508,0,-1,True,175,8550,0.6702113262196953,0.24005486968449932,1,729,1,1,1,1
119,0508_c0001_020.jpg,508,0,-1,True,175,8550,0.6648195101078845,0.2539912917271408,1,689,1,1,1,1
120,0508_c0002_000.jpg,508,1,-1,True,175,8550,0.871606816349548,0.4768392370572207,1,367,1,1,1,1
121,0508_c0002_005.jpg,508,1,-1,True,175,8550,0.8673149906277229,0.4088785046728972,1,428,1,1,1,1
122,0508_c0002_010.jpg,508,1,-1,True,175,8550,0.8336441834546814,0.34791252485089463,1,503,1,1,1,1
123,0508_c0002_015.jpg,508,1,-1,True,175,8550,0.8834328880199214,0.4971590909090909,1,352,1,1,1,1
124,0508_c0002_020.jpg,508,1,-1,True,175,8550,0.8834541702211907,0.5116959064327485,1,342,1,1,1,1
125,0508_c0003_000.jpg,508,2,-1,True,175,8550,0.6800641816093989,0.3888888888888889,1,450,1,1,1,1
126,0508_c0003_005.jpg,508,2,-1,True,175,8550,0.7112490093373526,0.37393162393162394,1,468,1,1,1,1
127,0508_c0003_010.jpg,508,2,-1,True,175,8550,0.6517800265443016,0.38209606986899564,1,458,1,1,1,1
128,0508_c0003_015.jpg,508,2,-1,True,175,8550,0.48643693234594315,0.360082304526749,1,486,1,1,1,1
129,0508_c0003_020.jpg,508,2,-1,True,175,8550,0.6069827577452978,0.352112676056338,1,497,1,1,1,1
130,0508_c0004_000.jpg,508,3,-1,True,175,8550,0.13207213951765986,0.12093987560469938,89,1447,0,0,0,0
131,0508_c0004_005.jpg,508,3,-1,True,175,8550,0.19019881862627624,0.2023121387283237,46,865,0,0,0,0
132,0508_c0004_010.jpg,508,3,-1,True,175,8550,0.18437916400704868,0.2004581901489118,44,873,0,0,0,0
133,0508_c0004_015.jpg,508,3,-1,True,175,8550,0.18851320474956781,0.20138089758342922,51,869,0,0,0,0
134,0508_c0004_020.jpg,508,3,-1,True,175,8550,0.15334063664601197,0.16666666666666666,70,1050,0,0,0,0
135,0508_c0005_000.jpg,508,4,-1,True,175,8550,0.9093206400888112,0.6578947368421053,1,266,1,1,1,1
136,0508_c0005_005.jpg,508,4,-1,True,175,8550,0.9138710478958114,0.6505576208178439,1,269,1,1,1,1
137,0508_c0005_010.jpg,508,4,-1,True,175,8550,0.9210168765511131,0.631768953068592,1,277,1,1,1,1
138,0508_c0005_015.jpg,508,4,-1,True,175,8550,0.9117319087242075,0.691699604743083,1,253,1,1,1,1
139,0508_c0005_020.jpg,508,4,-1,True,175,8550,0.9031729738568304,0.6457564575645757,1,271,1,1,1,1
140,0508_c0006_000.jpg,508,5,-1,True,175,8550,0.42339711021856413,0.2679938744257274,1,653,1,1,1,1
141,0508_c0006_005.jpg,508,5,-1,True,175,8550,0.4552908890292165,0.2795527156549521,1,626,1,1,1,1
142,0508_c0006_010.jpg,508,5,-1,True,175,8550,0.470914255713062,0.32649253731343286,1,536,1,1,1,1
143,0508_c0006_015.jpg,508,5,-1,True,175,8550,0.44659515672686717,0.33396946564885494,1,524,1,1,1,1
144,0508_c0006_020.jpg,508,5,-1,True,175,8550,0.47897293816621866,0.2845528455284553,1,615,1,1,1,1
145,0508_c0007_000.jpg,508,6,-1,True,175,8550,0.7104167909919678,0.2,1,875,1,1,1,1
146,0508_c0007_005.jpg,508,6,-1,True,175,8550,0.7078442080947379,0.20636792452830188,1,848,1,1,1,1
147,0508_c0007_010.jpg,508,6,-1,True,175,8550,0.768307318481776,0.21820448877805487,1,802,1,1,1,1
148,0508_c0007_015.jpg,508,6,-1,True,175,8550,0.7540300576259502,0.20491803278688525,1,854,1,1,1,1
149,0508_c0007_020.jpg,508,6,-1,True,175,8550,0.7289197016351986,0.20491803278688525,1,854,1,1,1,1
150,0508_c0008_000.jpg,508,7,-1,True,175,8550,0.7626913281125248,0.30329289428076256,1,577,1,1,1,1
151,0508_c0008_005.jpg,508,7,-1,True,175,8550,0.7673839617810043,0.3458498023715415,1,506,1,1,1,1
152,0508_c0008_010.jpg,508,7,-1,True,175,8550,0.7292474212161526,0.38293216630196936,1,457,1,1,1,1
153,0508_c0008_015.jpg,508,7,-1,True,175,8550,0.7643815697193478,0.44416243654822335,1,394,1,1,1,1
154,0508_c0008_020.jpg,508,7,-1,True,175,8550,0.777953475917249,0.4069767441860465,1,430,1,1,1,1
155,0510_c0001_000.jpg,510,0,-1,True,175,8550,0.6901376433936214,0.25697503671071953,1,681,1,1,1,1
156,0510_c0001_005.jpg,510,0,-1,True,175,8550,0.7219380915787178,0.25773195876288657,1,679,1,1,1,1
157,0510_c0001_010.jpg,510,0,-1,True,175,8550,0.7086467135377883,0.2581120943952802,1,678,1,1,1,1
158,0510_c0001_015.jpg,510,0,-1,True,175,8550,0.6663689884766582,0.23178807947019867,1,755,1,1,1,1
159,0510_c0001_020.jpg,510,0,-1,True,175,8550,0.629867231468702,0.29069767441860467,1,602,1,1,1,1
160,0510_c0002_000.jpg,510,1,-1,True,175,8550,0.6998004717606698,0.2141982864137087,1,817,1,1,1,1
161,0510_c0002_005.jpg,510,1,-1,True,175,8550,0.6213479068014223,0.2413793103448276,1,725,1,1,1,1
162,0510_c0002_010.jpg,510,1,-1,True,175,8550,0.625851395467258,0.23648648648648649,1,740,1,1,1,1
163,0510_c0002_015.jpg,510,1,-1,True,175,8550,0.5733363923227541,0.1708984375,1,1024,1,1,1,1
164,0510_c0002_020.jpg,510,1,-1,True,175,8550,0.5713337715116117,0.1592356687898089,1,1099,1,1,1,1
165,0510_c0003_000.jpg,510,2,-1,True,175,8550,0.7048764726850463,0.16462841015992474,1,1063,1,1,1,1
166,0510_c0003_005.jpg,510,2,-1,True,175,8550,0.6487261912727526,0.13650546021840873,1,1282,1,1,1,1
167,0510_c0003_010.jpg,510,2,-1,True,175,8550,0.6244205664079411,0.1471825063078217,1,1189,1,1,1,1
168,0510_c0003_015.jpg,510,2,-1,True,175,8550,0.660396093534498,0.16263940520446096,1,1076,1,1,1,1
169,0510_c0003_020.jpg,510,2,-1,True,175,8550,0.6181799670890137,0.14227642276422764,1,1230,1,1,1,1
170,0510_c0004_000.jpg,510,3,-1,True,175,8550,0.623346639552104,0.24373259052924792,1,718,1,1,1,1
171,0510_c0004_005.jpg,510,3,-1,True,175,8550,0.63270122105045,0.2547307132459971,1,687,1,1,1,1
172,0510_c0004_010.jpg,510,3,-1,True,175,8550,0.6815683387141002,0.27301092043681746,1,641,1,1,1,1
173,0510_c0004_015.jpg,510,3,-1,True,175,8550,0.5913009646620677,0.2679938744257274,1,653,1,1,1,1
174,0510_c0004_020.jpg,510,3,-1,True,175,8550,0.6268672432236028,0.2887788778877888,1,606,1,1,1,1
175,0510_c0005_000.jpg,510,4,-1,True,175,8550,0.2766086459118842,0.30809859154929575,12,568,0,0,0,1
176,0510_c0005_005.jpg,510,4,-1,True,175,8550,0.29866345321398496,0.3054101221640489,7,573,0,0,1,1
177,0510_c0005_010.jpg,510,4,-1,True,175,8550,0.2846354828412549,0.2596439169139466,49,674,0,0,0,0
178,0510_c0005_015.jpg,510,4,-1,True,175,8550,0.23046134051546618,0.27216174183514774,58,643,0,0,0,0
179,0510_c0005_020.jpg,510,4,-1,True,175,8550,0.2801166821792668,0.28688524590163933,35,610,0,0,0,0
180,0510_c0006_000.jpg,510,5,-1,True,175,8550,0.780765659633261,0.31992687385740404,1,547,1,1,1,1
181,0510_c0006_005.jpg,510,5,-1,True,175,8550,0.7122316831246902,0.32228360957642727,1,543,1,1,1,1
182,0510_c0006_010.jpg,510,5,-1,True,175,8550,0.6355959976123596,0.2864157119476268,1,611,1,1,1,1
183,0510_c0006_015.jpg,510,5,-1,True,175,8550,0.6603358609295416,0.28688524590163933,1,610,1,1,1,1
184,0510_c0006_020.jpg,510,5,-1,True,175,8550,0.6848701177349994,0.30594405594405594,1,572,1,1,1,1
185,0510_c0007_000.jpg,510,6,-1,True,175,8550,0.803593124890688,0.3747323340471092,1,467,1,1,1,1
186,0510_c0007_005.jpg,510,6,-1,True,175,8550,0.7971450858666156,0.4206730769230769,1,416,1,1,1,1
187,0510_c0007_010.jpg,510,6,-1,True,175,8550,0.8921246194216431,0.41273584905660377,1,424,1,1,1,1
188,0510_c0007_015.jpg,510,6,-1,True,175,8550,0.884859970697218,0.4268292682926829,1,410,1,1,1,1
189,0510_c0007_020.jpg,510,6,-1,True,175,8550,0.8865596263699123,0.3995433789954338,1,438,1,1,1,1
190,0510_c0008_000.jpg,510,7,-1,True,175,8550,0.9866331621189931,0.8413461538461539,1,208,1,1,1,1
191,0510_c0008_005.jpg,510,7,-1,True,175,8550,0.965544510014881,0.7882882882882883,1,222,1,1,1,1
192,0510_c0008_010.jpg,510,7,-1,True,175,8550,0.9478963209076691,0.8215962441314554,1,213,1,1,1,1
193,0510_c0008_015.jpg,510,7,-1,True,175,8550,0.9918954328127191,0.8620689655172413,1,203,1,1,1,1
194,0510_c0008_020.jpg,510,7,-1,True,175,8550,0.8837086044552896,0.6730769230769231,1,260,1,1,1,1
195,0512_c0001_000.jpg,512,0,-1,True,75,8550,0.7800148072329488,0.2767527675276753,1,271,1,1,1,1
196,0512_c0001_005.jpg,512,0,-1,True,75,8550,0.720858774050541,0.2819548872180451,1,266,1,1,1,1
197,0512_c0001_010.jpg,512,0,-1,True,75,8550,0.7007290034643083,0.27472527472527475,1,273,1,1,1,1
198,0512_c0001_015.jpg,512,0,-1,True,75,8550,0.7577422440432947,0.2808988764044944,1,267,1,1,1,1
199,0512_c0001_020.jpg,512,0,-1,True,75,8550,0.9255425307973585,0.539568345323741,1,139,1,1,1,1
200,0512_c0003_000.jpg,512,2,-1,True,75,8550,0.7877855337807307,0.4807692307692308,1,156,1,1,1,1
201,0512_c0003_005.jpg,512,2,-1,True,75,8550,0.8047175548342596,0.47468354430379744,1,158,1,1,1,1
202,0512_c0003_010.jpg,512,2,-1,True,75,8550,0.8044926015685179,0.4807692307692308,1,156,1,1,1,1
203,0512_c0003_015.jpg,512,2,-1,True,75,8550,0.8435398669782761,0.5,1,150,1,1,1,1
204,0512_c0003_020.jpg,512,2,-1,True,75,8550,0.8351821591695897,0.4966887417218543,1,151,1,1,1,1
205,0512_c0005_000.jpg,512,4,-1,True,75,8550,0.9186521533730084,0.49019607843137253,1,153,1,1,1,1
206,0512_c0005_005.jpg,512,4,-1,True,75,8550,0.9807467103874192,0.8426966292134831,1,89,1,1,1,1
207,0512_c0005_010.jpg,512,4,-1,True,75,8550,0.99129316450415,0.9375,1,80,1,1,1,1
208,0512_c0005_015.jpg,512,4,-1,True,75,8550,0.9549672201026552,0.6410256410256411,1,117,1,1,1,1
209,0512_c0005_020.jpg,512,4,-1,True,75,8550,1.0,1.0,1,75,1,1,1,1
210,0512_c0006_000.jpg,512,5,-1,True,75,8550,0.3189064157139421,0.10775862068965517,8,696,0,0,1,1
211,0512_c0006_005.jpg,512,5,-1,True,75,8550,0.3576241974281312,0.09282178217821782,1,808,1,1,1,1
212,0512_c0006_010.jpg,512,5,-1,True,75,8550,0.2917255673622518,0.09375,18,800,0,0,0,1
213,0512_c0006_015.jpg,512,5,-1,True,75,8550,0.3093624248660465,0.1056338028169014,8,710,0,0,1,1
214,0512_c0006_020.jpg,512,5,-1,True,75,8550,0.38126612479904004,0.07828810020876827,1,958,1,1,1,1
215,0514_c0001_000.jpg,514,0,-1,True,175,8550,0.23213425881533478,0.2547307132459971,76,687,0,0,0,0
216,0514_c0001_005.jpg,514,0,-1,True,175,8550,0.04502659622552129,0.06001371742112483,365,2916,0,0,0,0
217,0514_c0001_010.jpg,514,0,-1,True,175,8550,0.07864103966274048,0.09474824038982133,141,1847,0,0,0,0
218,0514_c0001_015.jpg,514,0,-1,True,175,8550,0.07313151151942313,0.092445853143159,158,1893,0,0,0,0
219,0514_c0001_020.jpg,514,0,-1,True,175,8550,0.1389431336270356,0.15257192676547515,77,1147,0,0,0,0
220,0514_c0002_000.jpg,514,1,-1,True,175,8550,0.8537423148779814,0.5520504731861199,1,317,1,1,1,1
221,0514_c0002_005.jpg,514,1,-1,True,175,8550,0.8416504673172692,0.5912162162162162,1,296,1,1,1,1
222,0514_c0002_010.jpg,514,1,-1,True,175,8550,0.8375213270902545,0.5591054313099042,1,313,1,1,1,1
223,0514_c0002_015.jpg,514,1,-1,True,175,8550,0.8726715476223246,0.6505576208178439,1,269,1,1,1,1
224,0514_c0002_020.jpg,514,1,-1,True,175,8550,0.8652998495587758,0.5932203389830508,1,295,1,1,1,1
225,0514_c0003_000.jpg,514,2,-1,True,175,8550,0.8751898255511271,0.39503386004514673,1,443,1,1,1,1
226,0514_c0003_005.jpg,514,2,-1,True,175,8550,0.8624713594071279,0.3888888888888889,1,450,1,1,1,1
227,0514_c0003_010.jpg,514,2,-1,True,175,8550,0.83864979873701,0.2897350993377483,1,604,1,1,1,1
228,0514_c0003_015.jpg,514,2,-1,True,175,8550,0.8333395400077838,0.2986348122866894,1,586,1,1,1,1
229,0514_c0003_020.jpg,514,2,-1,True,175,8550,0.8615593796604849,0.341796875,1,512,1,1,1,1
230,0514_c0004_000.jpg,514,3,-1,True,175,8550,0.9487105029172442,0.35787321063394684,1,489,1,1,1,1
231,0514_c0004_005.jpg,514,3,-1,True,175,8550,0.9498767582737114,0.3771551724137931,1,464,1,1,1,1
232,0514_c0004_010.jpg,514,3,-1,True,175,8550,0.9443222526938647,0.3514056224899598,1,498,1,1,1,1
233,0514_c0004_015.jpg,514,3,-1,True,175,8550,0.9407478939934414,0.34791252485089463,1,503,1,1,1,1
234,0514_c0004_020.jpg,514,3,-1,True,175,8550,0.9338717859573467,0.32407407407407407,1,540,1,1,1,1
235,0514_c0005_000.jpg,514,4,-1,True,175,8550,0.9233310288233708,0.43640897755610975,1,401,1,1,1,1
236,0514_c0005_005.jpg,514,4,-1,True,175,8550,0.9217603685371338,0.43209876543209874,1,405,1,1,1,1
237,0514_c0005_010.jpg,514,4,-1,True,175,8550,0.9220598340017193,0.44191919191919193,1,396,1,1,1,1
238,0514_c0005_015.jpg,514,4,-1,True,175,8550,0.9186217183783161,0.423728813559322,1,413,1,1,1,1
239,0514_c0005_020.jpg,514,4,-1,True,175,8550,0.9195949524360691,0.4032258064516129,1,434,1,1,1,1
240,0514_c0006_000.jpg,514,5,-1,True,175,8550,0.9141780687657143,0.2996575342465753,1,584,1,1,1,1
241,0514_c0006_005.jpg,514,5,-1,True,175,8550,0.9214644927984242,0.360082304526749,1,486,1,1,1,1
242,0514_c0006_010.jpg,514,5,-1,True,175,8550,0.9234127925922134,0.3699788583509514,1,473,1,1,1,1
243,0514_c0006_015.jpg,514,5,-1,True,175,8550,0.9218380024016092,0.3615702479338843,1,484,1,1,1,1
244,0514_c0006_020.jpg,514,5,-1,True,175,8550,0.9225558189748757,0.36610878661087864,1,478,1,1,1,1
245,0514_c0007_000.jpg,514,6,-1,True,175,8550,0.9311968202290206,0.3787878787878788,1,462,1,1,1,1
246,0514_c0007_005.jpg,514,6,-1,True,175,8550,0.9322768603646123,0.37553648068669526,1,466,1,1,1,1
247,0514_c0007_010.jpg,514,6,-1,True,175,8550,0.9309108262383305,0.37553648068669526,1,466,1,1,1,1
248,0514_c0007_015.jpg,514,6,-1,True,175,8550,0.9363257914275054,0.390625,1,448,1,1,1,1
249,0514_c0007_020.jpg,514,6,-1,True,175,8550,0.9304700010208561,0.3787878787878788,1,462,1,1,1,1
250,0514_c0008_000.jpg,514,7,-1,True,175,8550,0.9334854901134824,0.45454545454545453,1,385,1,1,1,1
251,0514_c0008_005.jpg,514,7,-1,True,175,8550,0.9401374599758923,0.49295774647887325,1,355,1,1,1,1
252,0514_c0008_010.jpg,514,7,-1,True,175,8550,0.9340967861636665,0.44080604534005036,1,397,1,1,1,1
253,0514_c0008_015.jpg,514,7,-1,True,175,8550,0.9460213658953337,0.5833333333333334,1,300,1,1,1,1
254,0514_c0008_020.jpg,514,7,-1,True,175,8550,0.9431708707135688,0.5537974683544303,1,316,1,1,1,1
255,0516_c0001_000.jpg,516,0,-1,True,75,8550,0.6502963777958148,0.5905511811023622,3,127,0,1,1,1
256,0516_c0001_005.jpg,516,0,-1,True,75,8550,0.7193484455117428,0.6944444444444444,2,108,0,1,1,1
257,0516_c0001_010.jpg,516,0,-1,True,75,8550,0.756515651282881,0.6818181818181818,1,110,1,1,1,1
258,0516_c0001_015.jpg,516,0,-1,True,75,8550,0.5279485778066728,0.6048387096774194,9,124,0,0,1,1
259,0516_c0001_020.jpg,516,0,-1,True,75,8550,0.41010992284014236,0.40106951871657753,31,187,0,0,0,0
260,0516_c0003_000.jpg,516,2,-1,True,75,8550,0.3612378181057051,0.17523364485981308,10,428,0,0,1,1
261,0516_c0003_005.jpg,516,2,-1,True,75,8550,0.4337877130969996,0.2148997134670487,9,349,0,0,1,1
262,0516_c0003_010.jpg,516,2,-1,True,75,8550,0.6852932588047302,0.3424657534246575,1,219,1,1,1,1
263,0516_c0003_015.jpg,516,2,-1,True,75,8550,0.4945227222865511,0.26881720430107525,7,279,0,0,1,1
264,0516_c0003_020.jpg,516,2,-1,True,75,8550,0.3134514654999271,0.18248175182481752,25,411,0,0,0,0
265,0516_c0005_000.jpg,516,4,-1,True,75,8550,0.9831919545904239,0.7978723404255319,1,94,1,1,1,1
266,0516_c0005_005.jpg,516,4,-1,True,75,8550,0.9919671666704188,0.8152173913043478,1,92,1,1,1,1
267,0516_c0005_010.jpg,516,4,-1,True,75,8550,0.9802151368576055,0.78125,1,96,1,1,1,1
268,0516_c0005_015.jpg,516,4,-1,True,75,8550,0.9771742550177039,0.78125,1,96,1,1,1,1
269,0516_c0005_020.jpg,516,4,-1,True,75,8550,0.9943757687361081,0.8928571428571429,1,84,1,1,1,1
270,0516_c0006_000.jpg,516,5,-1,True,75,8550,0.8461442293732145,0.5474452554744526,1,137,1,1,1,1
271,0516_c0006_005.jpg,516,5,-1,True,75,8550,0.7911964364248245,0.5597014925373134,1,134,1,1,1,1
272,0516_c0006_010.jpg,516,5,-1,True,75,8550,0.8274191607122017,0.6147540983606558,1,122,1,1,1,1
273,0516_c0006_015.jpg,516,5,-1,True,75,8550,0.8152123707446419,0.43859649122807015,1,171,1,1,1,1
274,0516_c0006_020.jpg,516,5,-1,True,75,8550,0.7916151680338056,0.4437869822485207,1,169,1,1,1,1
275,0518_c0001_000.jpg,518,0,-1,True,100,8550,0.2036918709511396,0.26246719160104987,26,381,0,0,0,0
276,0518_c0001_005.jpg,518,0,-1,True,100,8550,0.17830623362397577,0.2518891687657431,42,397,0,0,0,0
277,0518_c0001_010.jpg,518,0,-1,True,100,8550,0.19449054643559482,0.2557544757033248,26,391,0,0,0,0
278,0518_c0001_015.jpg,518,0,-1,True,100,8550,0.18687882681320034,0.26246719160104987,26,381,0,0,0,0
279,0518_c0001_020.jpg,518,0,-1,True,100,8550,0.23988403942857958,0.26595744680851063,26,376,0,0,0,0
280,0518_c0002_000.jpg,518,1,-1,True,100,8550,0.6090188426520392,0.8,16,125,0,0,0,1
281,0518_c0002_005.jpg,518,1,-1,True,100,8550,0.7058321649380771,0.7194244604316546,2,139,0,1,1,1
282,0518_c0002_010.jpg,518,1,-1,True,100,8550,0.6347246671213211,0.7299270072992701,3,137,0,1,1,1
283,0518_c0002_015.jpg,518,1,-1,True,100,8550,0.7344180293800409,0.7751937984496124,2,129,0,1,1,1
284,0518_c0002_020.jpg,518,1,-1,True,100,8550,0.7286519896617186,0.7407407407407407,2,135,0,1,1,1
285,0518_c0003_000.jpg,518,2,-1,True,100,8550,0.19578610295037013,0.24213075060532688,32,413,0,0,0,0
286,0518_c0003_005.jpg,518,2,-1,True,100,8550,0.4298653752755823,0.2638522427440633,1,379,1,1,1,1
287,0518_c0003_010.jpg,518,2,-1,True,100,8550,0.4822574550694921,0.3058103975535168,1,327,1,1,1,1
288,0518_c0003_015.jpg,518,2,-1,True,100,8550,0.555895621391707,0.35335689045936397,1,283,1,1,1,1
289,0518_c0003_020.jpg,518,2,-1,True,100,8550,0.5317752041202791,0.3546099290780142,1,282,1,1,1,1
290,0518_c0005_000.jpg,518,4,-1,True,100,8550,0.5884859235362341,0.33112582781456956,1,302,1,1,1,1
291,0518_c0005_005.jpg,518,4,-1,True,100,8550,0.6042566980613305,0.37593984962406013,1,266,1,1,1,1
292,0518_c0005_010.jpg,518,4,-1,True,100,8550,0.6465614647455752,0.3663003663003663,1,273,1,1,1,1
293,0518_c0005_015.jpg,518,4,-1,True,100,8550,0.6584941949126347,0.38022813688212925,1,263,1,1,1,1
294,0518_c0005_020.jpg,518,4,-1,True,100,8550,0.6612502056014001,0.36764705882352944,1,272,1,1,1,1
295,0518_c0006_000.jpg,518,5,-1,True,100,8550,0.650506600967626,0.26666666666666666,1,375,1,1,1,1
296,0518_c0006_005.jpg,518,5,-1,True,100,8550,0.6698117323310752,0.27100271002710025,1,369,1,1,1,1
297,0518_c0006_010.jpg,518,5,-1,True,100,8550,0.6654664378307511,0.2717391304347826,1,368,1,1,1,1
298,0518_c0006_015.jpg,518,5,-1,True,100,8550,0.6706169795712787,0.2770083102493075,1,361,1,1,1,1
299,0518_c0006_020.jpg,518,5,-1,True,100,8550,0.6716233006696151,0.2777777777777778,1,360,1,1,1,1
300,0520_c0001_000.jpg,520,0,-1,True,150,8550,0.38444486984210025,0.2617801047120419,1,573,1,1,1,1
301,0520_c0001_005.jpg,520,0,-1,True,150,8550,0.3851517993162382,0.25817555938037867,1,581,1,1,1,1
302,0520_c0001_010.jpg,520,0,-1,True,150,8550,0.3788001828958588,0.24752475247524752,1,606,1,1,1,1
303,0520_c0001_015.jpg,520,0,-1,True,150,8550,0.392623203384053,0.2664298401420959,1,563,1,1,1,1
304,0520_c0001_020.jpg,520,0,-1,True,150,8550,0.39419040955412255,0.2742230347349177,1,547,1,1,1,1
305,0520_c0002_000.jpg,520,1,-1,True,150,8550,0.9590091718767125,0.5576208178438662,1,269,1,1,1,1
306,0520_c0002_005.jpg,520,1,-1,True,150,8550,0.9531299216787409,0.5813953488372093,1,258,1,1,1,1
307,0520_c0002_010.jpg,520,1,-1,True,150,8550,0.9324744643034797,0.5555555555555556,1,270,1,1,1,1
308,0520_c0002_015.jpg,520,1,-1,True,150,8550,0.9403578388671375,0.5226480836236934,1,287,1,1,1,1
309,0520_c0002_020.jpg,520,1,-1,True,150,8550,0.9490476317532613,0.48231511254019294,1,311,1,1,1,1
310,0520_c0004_000.jpg,520,3,-1,True,150,8550,0.9731726934633468,0.5263157894736842,1,285,1,1,1,1
311,0520_c0004_005.jpg,520,3,-1,True,150,8550,0.9897952368893516,0.646551724137931,1,232,1,1,1,1
312,0520_c0004_010.jpg,520,3,-1,True,150,8550,0.9921041755256987,0.684931506849315,1,219,1,1,1,1
313,0520_c0004_015.jpg,520,3,-1,True,150,8550,0.9829522651942879,0.6024096385542169,1,249,1,1,1,1
314,0520_c0004_020.jpg,520,3,-1,True,150,8550,0.9764624492677467,0.5703422053231939,1,263,1,1,1,1
315,0520_c0005_000.jpg,520,4,-1,True,150,8550,0.5407405563043551,0.3048780487804878,1,492,1,1,1,1
316,0520_c0005_005.jpg,520,4,-1,True,150,8550,0.4858515823774091,0.29239766081871343,1,513,1,1,1,1
317,0520_c0005_010.jpg,520,4,-1,True,150,8550,0.42516171973812095,0.28901734104046245,1,519,1,1,1,1
318,0520_c0005_015.jpg,520,4,-1,True,150,8550,0.41189850089196606,0.297029702970297,1,505,1,1,1,1
319,0520_c0005_020.jpg,520,4,-1,True,150,8550,0.42920736318991165,0.2976190476190476,1,504,1,1,1,1
320,0520_c0006_000.jpg,520,5,-1,True,150,8550,1.0,1.0,1,150,1,1,1,1
321,0520_c0006_005.jpg,520,5,-1,True,150,8550,1.0,1.0,1,150,1,1,1,1
322,0520_c0006_010.jpg,520,5,-1,True,150,8550,1.0,1.0,1,150,1,1,1,1
323,0520_c0006_015.jpg,520,5,-1,True,150,8550,1.0,1.0,1,150,1,1,1,1
324,0520_c0006_020.jpg,520,5,-1,True,150,8550,1.0,1.0,1,150,1,1,1,1
325,0520_c0007_000.jpg,520,6,-1,True,150,8550,0.9929276340969075,0.8522727272727273,1,176,1,1,1,1
326,0520_c0007_005.jpg,520,6,-1,True,150,8550,0.9935185250742045,0.8064516129032258,1,186,1,1,1,1
327,0520_c0007_010.jpg,520,6,-1,True,150,8550,0.9910142588936169,0.8021390374331551,1,187,1,1,1,1
328,0520_c0007_015.jpg,520,6,-1,True,150,8550,0.975102334471463,0.6696428571428571,1,224,1,1,1,1
329,0520_c0007_020.jpg,520,6,-1,True,150,8550,0.9910395918517452,0.7575757575757576,1,198,1,1,1,1
330,0520_c0008_000.jpg,520,7,-1,True,150,8550,0.9758028976106569,0.5703422053231939,1,263,1,1,1,1
331,0520_c0008_005.jpg,520,7,-1,True,150,8550,0.964327227068278,0.5208333333333334,1,288,1,1,1,1
332,0520_c0008_010.jpg,520,7,-1,True,150,8550,0.9583081152139691,0.5050505050505051,1,297,1,1,1,1
333,0520_c0008_015.jpg,520,7,-1,True,150,8550,1.0,1.0,1,150,1,1,1,1
334,0520_c0008_020.jpg,520,7,-1,True,150,8550,0.9931605330692883,0.7772020725388601,1,193,1,1,1,1
335,0522_c0001_000.jpg,522,0,-1,True,150,8550,0.4005735521451217,0.04167824395665463,1,3599,1,1,1,1
336,0522_c0001_005.jpg,522,0,-1,True,150,8550,0.35197698299272107,0.043617330619366096,1,3439,1,1,1,1
337,0522_c0001_010.jpg,522,0,-1,True,150,8550,0.3601573485465236,0.03839262861530586,1,3907,1,1,1,1
338,0522_c0001_015.jpg,522,0,-1,True,150,8550,0.3587681521651244,0.042134831460674156,1,3560,1,1,1,1
339,0522_c0001_020.jpg,522,0,-1,True,150,8550,0.34165628143486476,0.041864359475300025,1,3583,1,1,1,1
340,0522_c0002_000.jpg,522,1,-1,True,150,8550,0.41871231947535137,0.03844182470527934,1,3902,1,1,1,1
341,0522_c0002_005.jpg,522,1,-1,True,150,8550,0.464256675324627,0.043202764976958526,1,3472,1,1,1,1
342,0522_c0002_010.jpg,522,1,-1,True,150,8550,0.43287588199180554,0.04961958319550116,1,3023,1,1,1,1
343,0522_c0002_015.jpg,522,1,-1,True,150,8550,0.45157984831940107,0.04553734061930783,1,3294,1,1,1,1
344,0522_c0002_020.jpg,522,1,-1,True,150,8550,0.4480074992666702,0.04671441918405481,1,3211,1,1,1,1
345,0522_c0004_000.jpg,522,3,-1,True,150,8550,0.3560376409124756,0.08064516129032258,1,1860,1,1,1,1
346,0522_c0004_005.jpg,522,3,-1,True,150,8550,0.350381796987766,0.07583417593528817,1,1978,1,1,1,1
347,0522_c0004_010.jpg,522,3,-1,True,150,8550,0.3775683515328668,0.07396449704142012,1,2028,1,1,1,1
348,0522_c0004_015.jpg,522,3,-1,True,150,8550,0.38548565401005525,0.07537688442211055,1,1990,1,1,1,1
349,0522_c0004_020.jpg,522,3,-1,True,150,8550,0.38624791347755194,0.07966011683483802,1,1883,1,1,1,1
350,0522_c0005_000.jpg,522,4,-1,True,150,8550,0.014957258300019169,0.023245002324500233,3284,6453,0,0,0,0
351,0522_c0005_005.jpg,522,4,-1,True,150,8550,0.016847906799996964,0.026146069374237406,2858,5737,0,0,0,0
352,0522_c0005_010.jpg,522,4,-1,True,150,8550,0.015779728943117955,0.02605071205279611,3210,5758,0,0,0,0
353,0522_c0005_015.jpg,522,4,-1,True,150,8550,0.016688796639637574,0.027218290691344585,3132,5511,0,0,0,0
354,0522_c0005_020.jpg,522,4,-1,True,150,8550,0.017657422071456885,0.028037383177570093,3239,5350,0,0,0,0
355,0522_c0006_000.jpg,522,5,-1,True,150,8550,0.5101780255088232,0.03587658454915092,1,4181,1,1,1,1
356,0522_c0006_005.jpg,522,5,-1,True,150,8550,0.3696756398382466,0.03487561032318066,1,4301,1,1,1,1
357,0522_c0006_010.jpg,522,5,-1,True,150,8550,0.47857628100606536,0.0357653791130186,1,4194,1,1,1,1
358,0522_c0006_015.jpg,522,5,-1,True,150,8550,0.5259835665543295,0.03505491937368544,1,4279,1,1,1,1
359,0522_c0006_020.jpg,522,5,-1,True,150,8550,0.44133648423476585,0.03599712023038157,1,4167,1,1,1,1
360,0522_c0007_000.jpg,522,6,-1,True,150,8550,0.2543560854757634,0.0552689756816507,7,2714,0,0,1,1
361,0522_c0007_005.jpg,522,6,-1,True,150,8550,0.21108489390892946,0.05368647100930565,23,2794,0,0,0,0
362,0522_c0007_010.jpg,522,6,-1,True,150,8550,0.27036052812021194,0.055391432791728215,4,2708,0,1,1,1
363,0522_c0007_015.jpg,522,6,-1,True,150,8550,0.2848361312953353,0.054844606946983544,5,2735,0,1,1,1
364,0522_c0007_020.jpg,522,6,-1,True,150,8550,0.2589820067531806,0.04730368968779565,3,3171,0,1,1,1
365,0522_c0008_000.jpg,522,7,-1,True,150,8550,0.6102604451097199,0.03536067892503536,1,4242,1,1,1,1
366,0522_c0008_005.jpg,522,7,-1,True,150,8550,0.6945361191996593,0.03536067892503536,1,4242,1,1,1,1
367,0522_c0008_010.jpg,522,7,-1,True,150,8550,0.45369049163070013,0.03424657534246575,1,4380,1,1,1,1
368,0522_c0008_015.jpg,522,7,-1,True,150,8550,0.4542093666048616,0.03408316291751875,1,4401,1,1,1,1
369,0522_c0008_020.jpg,522,7,-1,True,150,8550,0.5595876635431576,0.033921302578018994,1,4422,1,1,1,1
370,0524_c0001_000.jpg,524,0,-1,True,175,8550,0.9134876186265637,0.4679144385026738,1,374,1,1,1,1
371,0524_c0001_005.jpg,524,0,-1,True,175,8550,0.9124447021053256,0.44871794871794873,1,390,1,1,1,1
372,0524_c0001_010.jpg,524,0,-1,True,175,8550,0.9581142999929066,0.5952380952380952,1,294,1,1,1,1
373,0524_c0001_015.jpg,524,0,-1,True,175,8550,0.9776728837826496,0.6862745098039216,1,255,1,1,1,1
374,0524_c0001_020.jpg,524,0,-1,True,175,8550,0.9713386610232599,0.6809338521400778,1,257,1,1,1,1
375,0524_c0002_000.jpg,524,1,-1,True,175,8550,0.9525647567338482,0.6183745583038869,1,283,1,1,1,1
376,0524_c0002_005.jpg,524,1,-1,True,175,8550,0.8255542551364066,0.4654255319148936,1,376,1,1,1,1
377,0524_c0002_010.jpg,524,1,-1,True,175,8550,0.9023726233433076,0.5028735632183908,1,348,1,1,1,1
378,0524_c0002_015.jpg,524,1,-1,True,175,8550,0.8773299762825588,0.5952380952380952,1,294,1,1,1,1
379,0524_c0002_020.jpg,524,1,-1,True,175,8550,0.9448402769556988,0.6972111553784861,1,251,1,1,1,1
380,0524_c0003_000.jpg,524,2,-1,True,175,8550,0.9951809200356612,0.8793969849246231,1,199,1,1,1,1
381,0524_c0003_005.jpg,524,2,-1,True,175,8550,0.9490043994434262,0.6730769230769231,1,260,1,1,1,1
382,0524_c0003_010.jpg,524,2,-1,True,175,8550,0.9175355769269795,0.5645161290322581,1,310,1,1,1,1
383,0524_c0003_015.jpg,524,2,-1,True,175,8550,0.9383278302119911,0.6205673758865248,1,282,1,1,1,1
384,0524_c0003_020.jpg,524,2,-1,True,175,8550,0.9331381929561927,0.6340579710144928,1,276,1,1,1,1
385,0524_c0004_000.jpg,524,3,-1,True,175,8550,0.9059007254972071,0.4069767441860465,1,430,1,1,1,1
386,0524_c0004_005.jpg,524,3,-1,True,175,8550,0.8970635980553623,0.4088785046728972,1,428,1,1,1,1
387,0524_c0004_010.jpg,524,3,-1,True,175,8550,0.8987087306291343,0.3779697624190065,1,463,1,1,1,1
388,0524_c0004_015.jpg,524,3,-1,True,175,8550,0.8542465069161157,0.3371868978805395,1,519,1,1,1,1
389,0524_c0004_020.jpg,524,3,-1,True,175,8550,0.8699478966179885,0.34516765285996054,1,507,1,1,1,1
390,0524_c0005_000.jpg,524,4,-1,True,175,8550,0.929914805650821,0.6730769230769231,1,260,1,1,1,1
391,0524_c0005_005.jpg,524,4,-1,True,175,8550,0.9941298657729117,0.720164609053498,1,243,1,1,1,1
392,0524_c0005_010.jpg,524,4,-1,True,175,8550,0.9854850679431645,0.7028112449799196,1,249,1,1,1,1
393,0524_c0005_015.jpg,524,4,-1,True,175,8550,0.969700760109013,0.7028112449799196,1,249,1,1,1,1
394,0524_c0005_020.jpg,524,4,-1,True,175,8550,0.9760097912482869,0.7,1,250,1,1,1,1
395,0524_c0006_000.jpg,524,5,-1,True,175,8550,0.9578582794323695,0.5645161290322581,1,310,1,1,1,1
396,0524_c0006_005.jpg,524,5,-1,True,175,8550,0.9609019928160902,0.5813953488372093,1,301,1,1,1,1
397,0524_c0006_010.jpg,524,5,-1,True,175,8550,0.971200560813192,0.6205673758865248,1,282,1,1,1,1
398,0524_c0006_015.jpg,524,5,-1,True,175,8550,0.9468657208825022,0.5627009646302251,1,311,1,1,1,1
399,0524_c0006_020.jpg,524,5,-1,True,175,8550,0.9542151833119085,0.54858934169279,1,319,1,1,1,1
400,0524_c0007_000.jpg,524,6,-1,True,175,8550,0.8382532167436895,0.32051282051282054,1,546,1,1,1,1
401,0524_c0007_005.jpg,524,6,-1,True,175,8550,0.9402271262206432,0.5912162162162162,1,296,1,1,1,1
402,0524_c0007_010.jpg,524,6,-1,True,175,8550,0.9285798424041094,0.6578947368421053,1,266,1,1,1,1
403,0524_c0007_015.jpg,524,6,-1,True,175,8550,0.9119180282488635,0.6529850746268657,1,268,1,1,1,1
404,0524_c0007_020.jpg,524,6,-1,True,175,8550,0.9050102476311697,0.5645161290322581,1,310,1,1,1,1
405,0524_c0008_000.jpg,524,7,-1,True,175,8550,1.0,1.0,1,175,1,1,1,1
406,0524_c0008_005.jpg,524,7,-1,True,175,8550,0.9999675324675324,0.9943181818181818,1,176,1,1,1,1
407,0524_c0008_010.jpg,524,7,-1,True,175,8550,0.9721938293776182,0.5102040816326531,1,343,1,1,1,1
408,0524_c0008_015.jpg,524,7,-1,True,175,8550,0.9789086230046206,0.54858934169279,1,319,1,1,1,1
409,0524_c0008_020.jpg,524,7,-1,True,175,8550,0.9964225711325675,0.7,1,250,1,1,1,1
410,0526_c0001_000.jpg,526,0,-1,True,50,8550,0.04665634950577533,0.03834355828220859,110,1304,0,0,0,0
411,0526_c0001_005.jpg,526,0,-1,True,50,8550,0.036457150873146105,0.04314063848144953,184,1159,0,0,0,0
412,0526_c0001_010.jpg,526,0,-1,True,50,8550,0.05764732825335619,0.04608294930875576,80,1085,0,0,0,0
413,0526_c0001_015.jpg,526,0,-1,True,50,8550,0.05675668722046435,0.049164208456243856,103,1017,0,0,0,0
414,0526_c0001_020.jpg,526,0,-1,True,50,8550,0.15223929607267803,0.11160714285714286,49,448,0,0,0,0
415,0526_c0003_000.jpg,526,2,-1,True,50,8550,0.06675511770483103,0.02127659574468085,84,2350,0,0,0,0
416,0526_c0003_005.jpg,526,2,-1,True,50,8550,0.0691519952395721,0.028425241614553724,107,1759,0,0,0,0
417,0526_c0003_010.jpg,526,2,-1,True,50,8550,0.06761005225292978,0.02632964718272775,116,1899,0,0,0,0
418,0526_c0003_015.jpg,526,2,-1,True,50,8550,0.06879290230682095,0.026595744680851064,106,1880,0,0,0,0
419,0526_c0003_020.jpg,526,2,-1,True,50,8550,0.07523121401692866,0.033178500331785,94,1507,0,0,0,0
420,0526_c0005_000.jpg,526,4,-1,True,50,8550,0.20703592804944498,0.05235602094240838,23,955,0,0,0,0
421,0526_c0005_005.jpg,526,4,-1,True,50,8550,0.21446935392765606,0.053418803418803416,11,936,0,0,0,1
422,0526_c0005_010.jpg,526,4,-1,True,50,8550,0.20021192163078666,0.04748338081671415,22,1053,0,0,0,0
423,0526_c0005_015.jpg,526,4,-1,True,50,8550,0.16605575410439466,0.039093041438623924,8,1279,0,0,1,1
424,0526_c0005_020.jpg,526,4,-1,True,50,8550,0.21004692119374851,0.04780114722753346,9,1046,0,0,1,1
425,0528_c0001_000.jpg,528,0,-1,True,150,8550,0.9045867586453009,0.6048387096774194,1,248,1,1,1,1
426,0528_c0001_005.jpg,528,0,-1,True,150,8550,0.8831269567569273,0.5415162454873647,1,277,1,1,1,1
427,0528_c0001_010.jpg,528,0,-1,True,150,8550,0.8602253024036515,0.43731778425655976,1,343,1,1,1,1
428,0528_c0001_015.jpg,528,0,-1,True,150,8550,0.8931032097524849,0.5357142857142857,1,280,1,1,1,1
429,0528_c0001_020.jpg,528,0,-1,True,150,8550,0.9058507847182636,0.6172839506172839,1,243,1,1,1,1
430,0528_c0002_000.jpg,528,1,-1,True,150,8550,0.13220193839641323,0.13979496738117428,103,1073,0,0,0,0
431,0528_c0002_005.jpg,528,1,-1,True,150,8550,0.12947905725255288,0.13686131386861314,101,1096,0,0,0,0
432,0528_c0002_010.jpg,528,1,-1,True,150,8550,0.13259968615724077,0.13736263736263737,103,1092,0,0,0,0
433,0528_c0002_015.jpg,528,1,-1,True,150,8550,0.09944695875716256,0.08205689277899343,215,1828,0,0,0,0
434,0528_c0002_020.jpg,528,1,-1,True,150,8550,0.10902827102196165,0.10135135135135136,168,1480,0,0,0,0
435,0528_c0003_000.jpg,528,2,-1,True,150,8550,0.7168952689835739,0.2912621359223301,1,515,1,1,1,1
436,0528_c0003_005.jpg,528,2,-1,True,150,8550,0.6952259026205898,0.27624309392265195,1,543,1,1,1,1
437,0528_c0003_010.jpg,528,2,-1,True,150,8550,0.7074195244744014,0.26881720430107525,1,558,1,1,1,1
438,0528_c0003_015.jpg,528,2,-1,True,150,8550,0.7599957519834943,0.27472527472527475,1,546,1,1,1,1
439,0528_c0003_020.jpg,528,2,-1,True,150,8550,0.7715117237187264,0.2798507462686567,1,536,1,1,1,1
440,0528_c0004_000.jpg,528,3,-1,True,150,8550,0.9083726589575913,0.5319148936170213,1,282,1,1,1,1
441,0528_c0004_005.jpg,528,3,-1,True,150,8550,0.8682644359634663,0.4854368932038835,1,309,1,1,1,1
442,0528_c0004_010.jpg,528,3,-1,True,150,8550,0.9171563528098129,0.528169014084507,1,284,1,1,1,1
443,0528_c0004_015.jpg,528,3,-1,True,150,8550,0.9128554105485875,0.5,1,300,1,1,1,1
444,0528_c0004_020.jpg,528,3,-1,True,150,8550,0.9369357791766761,0.5747126436781609,1,261,1,1,1,1
445,0528_c0005_000.jpg,528,4,-1,True,150,8550,0.6036744526227655,0.1431297709923664,1,1048,1,1,1,1
446,0528_c0005_005.jpg,528,4,-1,True,150,8550,0.654732251235904,0.15608740894901144,1,961,1,1,1,1
447,0528_c0005_010.jpg,528,4,-1,True,150,8550,0.6389405563474196,0.14204545454545456,1,1056,1,1,1,1
448,0528_c0005_015.jpg,528,4,-1,True,150,8550,0.6312948142925777,0.13876040703052728,1,1081,1,1,1,1
449,0528_c0005_020.jpg,528,4,-1,True,150,8550,0.597677632173561,0.13673655423883319,1,1097,1,1,1,1
450,0528_c0006_000.jpg,528,5,-1,True,150,8550,0.7053538995836277,0.4155124653739612,1,361,1,1,1,1
451,0528_c0006_005.jpg,528,5,-1,True,150,8550,0.7025350880643221,0.39893617021276595,1,376,1,1,1,1
452,0528_c0006_010.jpg,528,5,-1,True,150,8550,0.6807395432707676,0.3836317135549872,1,391,1,1,1,1
453,0528_c0006_015.jpg,528,5,-1,True,150,8550,0.7511590373602864,0.4065040650406504,1,369,1,1,1,1
454,0528_c0006_020.jpg,528,5,-1,True,150,8550,0.7886647229106095,0.45045045045045046,1,333,1,1,1,1
455,0528_c0007_000.jpg,528,6,-1,True,150,8550,0.8108478444352168,0.37037037037037035,1,405,1,1,1,1
456,0528_c0007_005.jpg,528,6,-1,True,150,8550,0.8087190011016532,0.3448275862068966,1,435,1,1,1,1
457,0528_c0007_010.jpg,528,6,-1,True,150,8550,0.822089613601453,0.3856041131105398,1,389,1,1,1,1
458,0528_c0007_015.jpg,528,6,-1,True,150,8550,0.8171307060174232,0.3787878787878788,1,396,1,1,1,1
459,0528_c0007_020.jpg,528,6,-1,True,150,8550,0.8199181334245664,0.3768844221105528,1,398,1,1,1,1
460,0530_c0001_000.jpg,530,0,-1,True,150,8550,0.3506601342353785,0.24311183144246354,3,617,0,1,1,1
461,0530_c0001_005.jpg,530,0,-1,True,150,8550,0.40951932194578755,0.2702702702702703,1,555,1,1,1,1
462,0530_c0001_010.jpg,530,0,-1,True,150,8550,0.46570838484300064,0.30991735537190085,1,484,1,1,1,1
463,0530_c0001_015.jpg,530,0,-1,True,150,8550,0.40553699568907253,0.3054989816700611,11,491,0,0,0,1
464,0530_c0001_020.jpg,530,0,-1,True,150,8550,0.37351890608251914,0.2631578947368421,11,570,0,0,0,1
465,0530_c0002_000.jpg,530,1,-1,True,150,8550,0.6552049621335331,0.4918032786885246,1,305,1,1,1,1
466,0530_c0002_005.jpg,530,1,-1,True,150,8550,0.5691645528171065,0.45871559633027525,1,327,1,1,1,1
467,0530_c0002_010.jpg,530,1,-1,True,150,8550,0.41703789451423073,0.4573170731707317,10,328,0,0,1,1
468,0530_c0002_015.jpg,530,1,-1,True,150,8550,0.5279692263669425,0.4573170731707317,1,328,1,1,1,1
469,0530_c0002_020.jpg,530,1,-1,True,150,8550,0.5505153730597498,0.45180722891566266,1,332,1,1,1,1
470,0530_c0003_000.jpg,530,2,-1,True,150,8550,0.42759879442188264,0.21739130434782608,2,690,0,1,1,1
471,0530_c0003_005.jpg,530,2,-1,True,150,8550,0.4798392826740409,0.2148997134670487,1,698,1,1,1,1
472,0530_c0003_010.jpg,530,2,-1,True,150,8550,0.3939392395790569,0.19455252918287938,11,771,0,0,0,1
473,0530_c0003_015.jpg,530,2,-1,True,150,8550,0.3887782370523195,0.19329896907216496,11,776,0,0,0,1
474,0530_c0003_020.jpg,530,2,-1,True,150,8550,0.5806902267882876,0.20408163265306123,1,735,1,1,1,1
475,0530_c0004_000.jpg,530,3,-1,True,150,8550,0.801585350930722,0.436046511627907,1,344,1,1,1,1
476,0530_c0004_005.jpg,530,3,-1,True,150,8550,0.7849570359905084,0.3968253968253968,1,378,1,1,1,1
477,0530_c0004_010.jpg,530,3,-1,True,150,8550,0.6913973930150367,0.3768844221105528,1,398,1,1,1,1
478,0530_c0004_015.jpg,530,3,-1,True,150,8550,0.770093198671289,0.42134831460674155,1,356,1,1,1,1
479,0530_c0004_020.jpg,530,3,-1,True,150,8550,0.685310376558673,0.41899441340782123,1,358,1,1,1,1
480,0530_c0005_000.jpg,530,4,-1,True,150,8550,0.7097906211619648,0.5454545454545454,1,275,1,1,1,1
481,0530_c0005_005.jpg,530,4,-1,True,150,8550,0.773474718607946,0.45180722891566266,1,332,1,1,1,1
482,0530_c0005_010.jpg,530,4,-1,True,150,8550,0.6464192186543278,0.5357142857142857,1,280,1,1,1,1
483,0530_c0005_015.jpg,530,4,-1,True,150,8550,0.6424000992312036,0.5415162454873647,1,277,1,1,1,1
484,0530_c0005_020.jpg,530,4,-1,True,150,8550,0.6605124799194765,0.539568345323741,1,278,1,1,1,1
485,0530_c0006_000.jpg,530,5,-1,True,150,8550,0.8001318988981551,0.33112582781456956,1,453,1,1,1,1
486,0530_c0006_005.jpg,530,5,-1,True,150,8550,0.8140576973415504,0.3105590062111801,1,483,1,1,1,1
487,0530_c0006_010.jpg,530,5,-1,True,150,8550,0.82560739593387,0.32967032967032966,1,455,1,1,1,1
488,0530_c0006_015.jpg,530,5,-1,True,150,8550,0.8092480491141455,0.3816793893129771,1,393,1,1,1,1
489,0530_c0006_020.jpg,530,5,-1,True,150,8550,0.8287876805770091,0.32397408207343414,1,463,1,1,1,1
490,0530_c0008_000.jpg,530,7,-1,True,150,8550,0.42905487184246927,0.423728813559322,7,354,0,0,1,1
491,0530_c0008_005.jpg,530,7,-1,True,150,8550,0.4305103763789204,0.4178272980501393,4,359,0,1,1,1
492,0530_c0008_010.jpg,530,7,-1,True,150,8550,0.40654915064203423,0.4155124653739612,3,361,0,1,1,1
493,0530_c0008_015.jpg,530,7,-1,True,150,8550,0.4112637291879462,0.4155124653739612,1,361,1,1,1,1
494,0530_c0008_020.jpg,530,7,-1,True,150,8550,0.4595259357619517,0.39893617021276595,1,376,1,1,1,1
495,0532_c0001_000.jpg,532,0,-1,True,175,8550,1.0,1.0,1,175,1,1,1,1
496,0532_c0001_005.jpg,532,0,-1,True,175,8550,1.0,1.0,1,175,1,1,1,1
497,0532_c0001_010.jpg,532,0,-1,True,175,8550,1.0,1.0,1,175,1,1,1,1
498,0532_c0001_015.jpg,532,0,-1,True,175,8550,1.0,1.0,1,175,1,1,1,1
499,0532_c0001_020.jpg,532,0,-1,True,175,8550,1.0,1.0,1,175,1,1,1,1
500,0532_c0002_000.jpg,532,1,-1,True,175,8550,0.8677767434637121,0.7142857142857143,1,245,1,1,1,1
501,0532_c0002_005.jpg,532,1,-1,True,175,8550,0.8608498765296597,0.6944444444444444,1,252,1,1,1,1
502,0532_c0002_010.jpg,532,1,-1,True,175,8550,0.9025775420356918,0.720164609053498,1,243,1,1,1,1
503,0532_c0002_015.jpg,532,1,-1,True,175,8550,0.8842060243082996,0.7383966244725738,1,237,1,1,1,1
504,0532_c0002_020.jpg,532,1,-1,True,175,8550,0.8221154672571405,0.660377358490566,1,265,1,1,1,1
505,0532_c0003_000.jpg,532,2,-1,True,175,8550,0.8037848704525069,0.30434782608695654,1,575,1,1,1,1
506,0532_c0003_005.jpg,532,2,-1,True,175,8550,0.7917848875366891,0.2892561983471074,1,605,1,1,1,1
507,0532_c0003_010.jpg,532,2,-1,True,175,8550,0.8264199067871478,0.28735632183908044,1,609,1,1,1,1
508,0532_c0003_015.jpg,532,2,-1,True,175,8550,0.7774699116478905,0.3038194444444444,1,576,1,1,1,1
509,0532_c0003_020.jpg,532,2,-1,True,175,8550,0.8122920616738076,0.33849129593810445,1,517,1,1,1,1
510,0532_c0004_000.jpg,532,3,-1,True,175,8550,0.8595232141385212,0.4117647058823529,1,425,1,1,1,1
511,0532_c0004_005.jpg,532,3,-1,True,175,8550,0.8543849759576557,0.46174142480211083,1,379,1,1,1,1
512,0532_c0004_010.jpg,532,3,-1,True,175,8550,0.9283996410837962,0.6097560975609756,1,287,1,1,1,1
513,0532_c0004_015.jpg,532,3,-1,True,175,8550,0.9474286447584966,0.6097560975609756,1,287,1,1,1,1
514,0532_c0004_020.jpg,532,3,-1,True,175,8550,0.973050204732681,0.78125,1,224,1,1,1,1
515,0532_c0005_000.jpg,532,4,-1,True,175,8550,1.0,1.0,1,175,1,1,1,1
516,0532_c0005_005.jpg,532,4,-1,True,175,8550,1.0,1.0,1,175,1,1,1,1
517,0532_c0005_010.jpg,532,4,-1,True,175,8550,1.0,1.0,1,175,1,1,1,1
518,0532_c0005_015.jpg,532,4,-1,True,175,8550,1.0,1.0,1,175,1,1,1,1
519,0532_c0005_020.jpg,532,4,-1,True,175,8550,1.0,1.0,1,175,1,1,1,1
520,0532_c0006_000.jpg,532,5,-1,True,175,8550,0.9738341998665954,0.7291666666666666,1,240,1,1,1,1
521,0532_c0006_005.jpg,532,5,-1,True,175,8550,1.0,1.0,1,175,1,1,1,1
522,0532_c0006_010.jpg,532,5,-1,True,175,8550,0.9960483721311074,0.8663366336633663,1,202,1,1,1,1
523,0532_c0006_015.jpg,532,5,-1,True,175,8550,0.9949923342452622,0.8333333333333334,1,210,1,1,1,1
524,0532_c0006_020.jpg,532,5,-1,True,175,8550,0.9996454123603007,0.9668508287292817,1,181,1,1,1,1
525,0532_c0007_000.jpg,532,6,-1,True,175,8550,0.9964994114458885,0.8928571428571429,1,196,1,1,1,1
526,0532_c0007_005.jpg,532,6,-1,True,175,8550,0.9980105739875516,0.8974358974358975,1,195,1,1,1,1
527,0532_c0007_010.jpg,532,6,-1,True,175,8550,0.9994442912626396,0.9776536312849162,1,179,1,1,1,1
528,0532_c0007_015.jpg,532,6,-1,True,175,8550,0.9906217253006906,0.813953488372093,1,215,1,1,1,1
529,0532_c0007_020.jpg,532,6,-1,True,175,8550,0.9971995854177454,0.9162303664921466,1,191,1,1,1,1
530,0532_c0008_000.jpg,532,7,-1,True,175,8550,0.7769320264347922,0.2902155887230514,1,603,1,1,1,1
531,0532_c0008_005.jpg,532,7,-1,True,175,8550,0.7620197854943548,0.2916666666666667,1,600,1,1,1,1
532,0532_c0008_010.jpg,532,7,-1,True,175,8550,0.75107418301581,0.27602523659305994,1,634,1,1,1,1
533,0532_c0008_015.jpg,532,7,-1,True,175,8550,0.7010566397655513,0.2827140549273021,1,619,1,1,1,1
534,0532_c0008_020.jpg,532,7,-1,True,175,8550,0.8086972057736234,0.3404669260700389,1,514,1,1,1,1
535,0534_c0001_000.jpg,534,0,-1,True,150,8550,0.868495009346579,0.19556714471968709,1,767,1,1,1,1
536,0534_c0001_005.jpg,534,0,-1,True,150,8550,0.8637499495725162,0.20107238605898123,1,746,1,1,1,1
537,0534_c0001_010.jpg,534,0,-1,True,150,8550,0.862762267674854,0.19556714471968709,1,767,1,1,1,1
538,0534_c0001_015.jpg,534,0,-1,True,150,8550,0.8690710534746884,0.1986754966887417,1,755,1,1,1,1
539,0534_c0001_020.jpg,534,0,-1,True,150,8550,0.8501455036092012,0.17772511848341233,1,844,1,1,1,1
540,0534_c0002_000.jpg,534,1,-1,True,150,8550,0.4973336791289491,0.4491017964071856,1,334,1,1,1,1
541,0534_c0002_005.jpg,534,1,-1,True,150,8550,0.5089084765307688,0.45317220543806647,1,331,1,1,1,1
542,0534_c0002_010.jpg,534,1,-1,True,150,8550,0.5620604701790017,0.4702194357366771,1,319,1,1,1,1
543,0534_c0002_015.jpg,534,1,-1,True,150,8550,0.6283515923505184,0.46439628482972134,1,323,1,1,1,1
544,0534_c0002_020.jpg,534,1,-1,True,150,8550,0.5775871373204222,0.44510385756676557,1,337,1,1,1,1
545,0534_c0004_000.jpg,534,3,-1,True,150,8550,0.7586541243861789,0.1694915254237288,1,885,1,1,1,1
546,0534_c0004_005.jpg,534,3,-1,True,150,8550,0.7629383500149651,0.1756440281030445,1,854,1,1,1,1
547,0534_c0004_010.jpg,534,3,-1,True,150,8550,0.7764796620398997,0.22058823529411764,1,680,1,1,1,1
548,0534_c0004_015.jpg,534,3,-1,True,150,8550,0.7772166754072447,0.20435967302452315,1,734,1,1,1,1
549,0534_c0004_020.jpg,534,3,-1,True,150,8550,0.8358113398651071,0.26362038664323373,1,569,1,1,1,1
550,0534_c0005_000.jpg,534,4,-1,True,150,8550,0.8639507951605401,0.21770682148040638,1,689,1,1,1,1
551,0534_c0005_005.jpg,534,4,-1,True,150,8550,0.8630453393590772,0.2170767004341534,1,691,1,1,1,1
552,0534_c0005_010.jpg,534,4,-1,True,150,8550,0.8606212798926117,0.2097902097902098,1,715,1,1,1,1
553,0534_c0005_015.jpg,534,4,-1,True,150,8550,0.8732216399515222,0.22970903522205208,1,653,1,1,1,1
554,0534_c0005_020.jpg,534,4,-1,True,150,8550,0.8740290953049347,0.2276176024279211,1,659,1,1,1,1
555,0534_c0006_000.jpg,534,5,-1,True,150,8550,0.9107130191582339,0.7389162561576355,1,203,1,1,1,1
556,0534_c0006_005.jpg,534,5,-1,True,150,8550,0.9595516036010198,0.7853403141361257,1,191,1,1,1,1
557,0534_c0006_010.jpg,534,5,-1,True,150,8550,0.9132416811923311,0.7246376811594203,1,207,1,1,1,1
558,0534_c0006_015.jpg,534,5,-1,True,150,8550,0.9465647073614583,0.6578947368421053,1,228,1,1,1,1
559,0534_c0006_020.jpg,534,5,-1,True,150,8550,0.9397739219699478,0.672645739910314,1,223,1,1,1,1
560,0534_c0007_000.jpg,534,6,-1,True,150,8550,0.8883761447017078,0.2516778523489933,1,596,1,1,1,1
561,0534_c0007_005.jpg,534,6,-1,True,150,8550,0.8697135513291278,0.21676300578034682,1,692,1,1,1,1
562,0534_c0007_010.jpg,534,6,-1,True,150,8550,0.8711009739038366,0.21551724137931033,1,696,1,1,1,1
563,0534_c0007_015.jpg,534,6,-1,True,150,8550,0.8759345505752189,0.22658610271903323,1,662,1,1,1,1
564,0534_c0007_020.jpg,534,6,-1,True,150,8550,0.8855181205331032,0.24549918166939444,1,611,1,1,1,1
565,0534_c0008_000.jpg,534,7,-1,True,150,8550,0.8724845301497273,0.21246458923512748,1,706,1,1,1,1
566,0534_c0008_005.jpg,534,7,-1,True,150,8550,0.8644396995344933,0.20463847203274216,1,733,1,1,1,1
567,0534_c0008_010.jpg,534,7,-1,True,150,8550,0.8695580077156054,0.2158273381294964,1,695,1,1,1,1
568,0534_c0008_015.jpg,534,7,-1,True,150,8550,0.8584452725128182,0.1918158567774936,1,782,1,1,1,1
569,0534_c0008_020.jpg,534,7,-1,True,150,8550,0.8711627738074337,0.2054794520547945,1,730,1,1,1,1
570,0536_c0001_000.jpg,536,0,-1,True,75,8550,0.41972848832438076,0.1072961373390558,1,699,1,1,1,1
571,0536_c0001_005.jpg,536,0,-1,True,75,8550,0.27301433157316535,0.1038781163434903,16,722,0,0,0,1
572,0536_c0001_010.jpg,536,0,-1,True,75,8550,0.39750507236828997,0.10623229461756374,1,706,1,1,1,1
573,0536_c0001_015.jpg,536,0,-1,True,75,8550,0.3743333919956386,0.10259917920656635,1,731,1,1,1,1
574,0536_c0001_020.jpg,536,0,-1,True,75,8550,0.42288441059920745,0.10474860335195531,1,716,1,1,1,1
575,0536_c0002_000.jpg,536,1,-1,True,75,8550,0.8365971210975703,0.18115942028985507,1,414,1,1,1,1
576,0536_c0002_005.jpg,536,1,-1,True,75,8550,0.7260924326465898,0.2727272727272727,1,275,1,1,1,1
577,0536_c0002_010.jpg,536,1,-1,True,75,8550,0.8528814696759741,0.2737226277372263,1,274,1,1,1,1
578,0536_c0002_015.jpg,536,1,-1,True,75,8550,0.8909995110620094,0.22255192878338279,1,337,1,1,1,1
579,0536_c0002_020.jpg,536,1,-1,True,75,8550,0.8629043650353723,0.2329192546583851,1,322,1,1,1,1
580,0536_c0005_000.jpg,536,4,-1,True,75,8550,0.6283943568936724,0.189873417721519,1,395,1,1,1,1
581,0536_c0005_005.jpg,536,4,-1,True,75,8550,0.6958051771475465,0.23961661341853036,1,313,1,1,1,1
582,0536_c0005_010.jpg,536,4,-1,True,75,8550,0.6648408335512693,0.1968503937007874,1,381,1,1,1,1
583,0536_c0005_015.jpg,536,4,-1,True,75,8550,0.5548802579588848,0.15463917525773196,1,485,1,1,1,1
584,0536_c0005_020.jpg,536,4,-1,True,75,8550,0.55363016196969,0.15368852459016394,1,488,1,1,1,1
585,0536_c0006_000.jpg,536,5,-1,True,75,8550,0.043556434157681095,0.06188118811881188,386,1212,0,0,0,0
586,0536_c0006_005.jpg,536,5,-1,True,75,8550,0.04898846134610697,0.07591093117408906,278,988,0,0,0,0
587,0536_c0006_010.jpg,536,5,-1,True,75,8550,0.0675835224339361,0.09057971014492754,152,828,0,0,0,0
588,0536_c0006_015.jpg,536,5,-1,True,75,8550,0.1271775525432243,0.11094674556213018,29,676,0,0,0,0
589,0536_c0006_020.jpg,536,5,-1,True,75,8550,0.09978349258650278,0.09894459102902374,42,758,0,0,0,0
590,0538_c0001_000.jpg,538,0,-1,True,175,8550,0.3276625019084155,0.1883745963401507,39,929,0,0,0,0
591,0538_c0001_005.jpg,538,0,-1,True,175,8550,0.32293663178514814,0.1800411522633745,47,972,0,0,0,0
592,0538_c0001_010.jpg,538,0,-1,True,175,8550,0.3630948937415455,0.16339869281045752,35,1071,0,0,0,0
593,0538_c0001_015.jpg,538,0,-1,True,175,8550,0.344985168729548,0.175,34,1000,0,0,0,0
594,0538_c0001_020.jpg,538,0,-1,True,175,8550,0.3682844889596681,0.14855687606112053,29,1178,0,0,0,0
595,0538_c0002_000.jpg,538,1,-1,True,175,8550,0.5752584308215535,0.1019219569015725,1,1717,1,1,1,1
596,0538_c0002_005.jpg,538,1,-1,True,175,8550,0.5165704245061385,0.09029927760577916,1,1938,1,1,1,1
597,0538_c0002_010.jpg,538,1,-1,True,175,8550,0.5420122731510203,0.09413663259817107,1,1859,1,1,1,1
598,0538_c0002_015.jpg,538,1,-1,True,175,8550,0.5231152203151463,0.09552401746724891,1,1832,1,1,1,1
599,0538_c0002_020.jpg,538,1,-1,True,175,8550,0.5222666082273886,0.09495387954422138,1,1843,1,1,1,1
600,0538_c0003_000.jpg,538,2,-1,True,175,8550,0.0408828720400653,0.04685408299866131,320,3735,0,0,0,0
601,0538_c0003_005.jpg,538,2,-1,True,175,8550,0.15557486208884647,0.06591337099811675,37,2655,0,0,0,0
602,0538_c0003_010.jpg,538,2,-1,True,175,8550,0.39961485820431186,0.18363064008394545,1,953,1,1,1,1
603,0538_c0003_015.jpg,538,2,-1,True,175,8550,0.7770082287960496,0.26676829268292684,1,656,1,1,1,1
604,0538_c0003_020.jpg,538,2,-1,True,175,8550,0.8762551385964477,0.3246753246753247,1,539,1,1,1,1
605,0538_c0004_000.jpg,538,3,-1,True,175,8550,0.6999457172725433,0.12491077801570306,1,1401,1,1,1,1
606,0538_c0004_005.jpg,538,3,-1,True,175,8550,0.7759417823586128,0.08676251859196826,1,2017,1,1,1,1
607,0538_c0004_010.jpg,538,3,-1,True,175,8550,0.7298318606113787,0.08289909995262909,1,2111,1,1,1,1
608,0538_c0004_015.jpg,538,3,-1,True,175,8550,0.8085054090987492,0.09095634095634096,1,1924,1,1,1,1
609,0538_c0004_020.jpg,538,3,-1,True,175,8550,0.7957195695261514,0.11513157894736842,1,1520,1,1,1,1
610,0538_c0005_000.jpg,538,4,-1,True,175,8550,0.22347680265390651,0.06661591168633423,3,2627,0,1,1,1
611,0538_c0005_005.jpg,538,4,-1,True,175,8550,0.32899092883954884,0.0676459219172787,1,2587,1,1,1,1
612,0538_c0005_010.jpg,538,4,-1,True,175,8550,0.34220797093809774,0.06699846860643185,1,2612,1,1,1,1
613,0538_c0005_015.jpg,538,4,-1,True,175,8550,0.36550213750194177,0.06919731119019375,1,2529,1,1,1,1
614,0538_c0005_020.jpg,538,4,-1,True,175,8550,0.35953293845044926,0.06884343036978757,1,2542,1,1,1,1
615,0538_c0006_000.jpg,538,5,-1,True,175,8550,0.8118609217919129,0.07449978714346531,1,2349,1,1,1,1
616,0538_c0006_005.jpg,538,5,-1,True,175,8550,0.8165430598457409,0.07249378624689312,1,2414,1,1,1,1
617,0538_c0006_010.jpg,538,5,-1,True,175,8550,0.8293418226166154,0.07102272727272728,1,2464,1,1,1,1
618,0538_c0006_015.jpg,538,5,-1,True,175,8550,0.8581792039856225,0.0721947194719472,1,2424,1,1,1,1
619,0538_c0006_020.jpg,538,5,-1,True,175,8550,0.8619322469503263,0.07148692810457516,1,2448,1,1,1,1
620,0538_c0007_000.jpg,538,6,-1,True,175,8550,0.7851930889621352,0.09782001117942984,1,1789,1,1,1,1
621,0538_c0007_005.jpg,538,6,-1,True,175,8550,0.7763757616476076,0.1091703056768559,1,1603,1,1,1,1
622,0538_c0007_010.jpg,538,6,-1,True,175,8550,0.760815536416342,0.09787472035794184,1,1788,1,1,1,1
623,0538_c0007_015.jpg,538,6,-1,True,175,8550,0.752688143528801,0.1013317892298784,1,1727,1,1,1,1
624,0538_c0007_020.jpg,538,6,-1,True,175,8550,0.7676789464505775,0.09809417040358745,1,1784,1,1,1,1
625,0538_c0008_000.jpg,538,7,-1,True,175,8550,0.8482158926024436,0.09887005649717515,1,1770,1,1,1,1
626,0538_c0008_005.jpg,538,7,-1,True,175,8550,0.8462306650873166,0.10548523206751055,1,1659,1,1,1,1
627,0538_c0008_010.jpg,538,7,-1,True,175,8550,0.8629548049397547,0.1053582179409994,1,1661,1,1,1,1
628,0538_c0008_015.jpg,538,7,-1,True,175,8550,0.858802729761102,0.10638297872340426,1,1645,1,1,1,1
629,0538_c0008_020.jpg,538,7,-1,True,175,8550,0.8608537416294696,0.1059322033898305,1,1652,1,1,1,1
630,0540_c0001_000.jpg,540,0,-1,True,175,8550,0.8783884249267073,0.38716814159292035,1,452,1,1,1,1
631,0540_c0001_005.jpg,540,0,-1,True,175,8550,0.8710942717844105,0.3779697624190065,1,463,1,1,1,1
632,0540_c0001_010.jpg,540,0,-1,True,175,8550,0.8827995626935301,0.39863325740318906,1,439,1,1,1,1
633,0540_c0001_015.jpg,540,0,-1,True,175,8550,0.8921552042629467,0.3995433789954338,1,438,1,1,1,1
634,0540_c0001_020.jpg,540,0,-1,True,175,8550,0.9093793603204791,0.4098360655737705,1,427,1,1,1,1
635,0540_c0002_000.jpg,540,1,-1,True,175,8550,0.5722889966020936,0.2717391304347826,1,644,1,1,1,1
636,0540_c0002_005.jpg,540,1,-1,True,175,8550,0.5099395866150152,0.2892561983471074,1,605,1,1,1,1
637,0540_c0002_010.jpg,540,1,-1,True,175,8550,0.5150902286972735,0.28548123980424145,1,613,1,1,1,1
638,0540_c0002_015.jpg,540,1,-1,True,175,8550,0.44809043182609926,0.21033653846153846,1,832,1,1,1,1
639,0540_c0002_020.jpg,540,1,-1,True,175,8550,0.4621278180559029,0.21551724137931033,1,812,1,1,1,1
640,0540_c0003_000.jpg,540,2,-1,True,175,8550,0.9056770574192421,0.33980582524271846,1,515,1,1,1,1
641,0540_c0003_005.jpg,540,2,-1,True,175,8550,0.9238260973259835,0.3888888888888889,1,450,1,1,1,1
642,0540_c0003_010.jpg,540,2,-1,True,175,8550,0.9145469034895372,0.36764705882352944,1,476,1,1,1,1
643,0540_c0003_015.jpg,540,2,-1,True,175,8550,0.9168612810425188,0.3888888888888889,1,450,1,1,1,1
644,0540_c0003_020.jpg,540,2,-1,True,175,8550,0.9172819122043887,0.3615702479338843,1,484,1,1,1,1
645,0540_c0004_000.jpg,540,3,-1,True,175,8550,0.4669105462996397,0.341130604288499,1,513,1,1,1,1
646,0540_c0004_005.jpg,540,3,-1,True,175,8550,0.5871201850788224,0.354251012145749,1,494,1,1,1,1
647,0540_c0004_010.jpg,540,3,-1,True,175,8550,0.5759256899580575,0.32407407407407407,1,540,1,1,1,1
648,0540_c0004_015.jpg,540,3,-1,True,175,8550,0.5713783929422812,0.3431372549019608,1,510,1,1,1,1
649,0540_c0004_020.jpg,540,3,-1,True,175,8550,0.48435712885230464,0.3645833333333333,1,480,1,1,1,1
650,0540_c0005_000.jpg,540,4,-1,True,175,8550,0.9067498621047619,0.5663430420711975,1,309,1,1,1,1
651,0540_c0005_005.jpg,540,4,-1,True,175,8550,0.9132966439513285,0.5833333333333334,1,300,1,1,1,1
652,0540_c0005_010.jpg,540,4,-1,True,175,8550,0.9350272761110433,0.6183745583038869,1,283,1,1,1,1
653,0540_c0005_015.jpg,540,4,-1,True,175,8550,0.9184296885016094,0.5993150684931506,1,292,1,1,1,1
654,0540_c0005_020.jpg,540,4,-1,True,175,8550,0.9201955237036518,0.5993150684931506,1,292,1,1,1,1
655,0540_c0006_000.jpg,540,5,-1,True,175,8550,0.9475484293657407,0.4088785046728972,1,428,1,1,1,1
656,0540_c0006_005.jpg,540,5,-1,True,175,8550,0.9464064411172558,0.4069767441860465,1,430,1,1,1,1
657,0540_c0006_010.jpg,540,5,-1,True,175,8550,0.9372445018993665,0.39149888143176736,1,447,1,1,1,1
658,0540_c0006_015.jpg,540,5,-1,True,175,8550,0.9258408558186667,0.3514056224899598,1,498,1,1,1,1
659,0540_c0006_020.jpg,540,5,-1,True,175,8550,0.9416931411138076,0.41371158392434987,1,423,1,1,1,1
660,0540_c0007_000.jpg,540,6,-1,True,175,8550,0.7324346732464335,0.5833333333333334,1,300,1,1,1,1
661,0540_c0007_005.jpg,540,6,-1,True,175,8550,0.7843464204397732,0.5813953488372093,1,301,1,1,1,1
662,0540_c0007_010.jpg,540,6,-1,True,175,8550,0.8658660032015308,0.6433823529411765,1,272,1,1,1,1
663,0540_c0007_015.jpg,540,6,-1,True,175,8550,0.8760853834838819,0.625,1,280,1,1,1,1
664,0540_c0007_020.jpg,540,6,-1,True,175,8550,0.8677337018514882,0.6386861313868614,1,274,1,1,1,1
665,0540_c0008_000.jpg,540,7,-1,True,175,8550,0.3657199360371185,0.341130604288499,4,513,0,1,1,1
666,0540_c0008_005.jpg,540,7,-1,True,175,8550,0.398586560462226,0.3796095444685466,19,461,0,0,0,1
667,0540_c0008_010.jpg,540,7,-1,True,175,8550,0.34963095781664266,0.33524904214559387,24,522,0,0,0,0
668,0540_c0008_015.jpg,540,7,-1,True,175,8550,0.42675628485797445,0.3653444676409186,4,479,0,1,1,1
669,0540_c0008_020.jpg,540,7,-1,True,175,8550,0.26531268894197685,0.2696456086286595,44,649,0,0,0,0
670,0542_c0001_000.jpg,542,0,-1,True,150,8550,0.0941835780014853,0.02605071205279611,3,5758,0,1,1,1
671,0542_c0001_005.jpg,542,0,-1,True,150,8550,0.23249496046115037,0.02377179080824089,1,6310,1,1,1,1
672,0542_c0001_010.jpg,542,0,-1,True,150,8550,0.2098460912110461,0.025075225677031094,1,5982,1,1,1,1
673,0542_c0001_015.jpg,542,0,-1,True,150,8550,0.19442581807892548,0.024671052631578948,1,6080,1,1,1,1
674,0542_c0001_020.jpg,542,0,-1,True,150,8550,0.23531334722699357,0.024473813020068527,1,6129,1,1,1,1
675,0542_c0002_000.jpg,542,1,-1,True,150,8550,0.0844271046097546,0.05462490895848507,102,2746,0,0,0,0
676,0542_c0002_005.jpg,542,1,-1,True,150,8550,0.09762640793294786,0.051387461459403906,67,2919,0,0,0,0
677,0542_c0002_010.jpg,542,1,-1,True,150,8550,0.111969209100801,0.046511627906976744,40,3225,0,0,0,0
678,0542_c0002_015.jpg,542,1,-1,True,150,8550,0.12812805155996582,0.0390015600624025,38,3846,0,0,0,0
679,0542_c0002_020.jpg,542,1,-1,True,150,8550,0.13213252396941635,0.040927694406548434,44,3665,0,0,0,0
680,0542_c0004_000.jpg,542,3,-1,True,150,8550,0.21456124219155143,0.02563226247436774,1,5852,1,1,1,1
681,0542_c0004_005.jpg,542,3,-1,True,150,8550,0.21685868467538563,0.02553626149131767,1,5874,1,1,1,1
682,0542_c0004_010.jpg,542,3,-1,True,150,8550,0.22076102059441746,0.02575107296137339,1,5825,1,1,1,1
683,0542_c0004_015.jpg,542,3,-1,True,150,8550,0.21621859047590594,0.024855012427506214,1,6035,1,1,1,1
684,0542_c0004_020.jpg,542,3,-1,True,150,8550,0.22022737846954699,0.02540220152413209,1,5905,1,1,1,1
685,0542_c0005_000.jpg,542,4,-1,True,150,8550,0.25085753072594275,0.02294279596206791,1,6538,1,1,1,1
686,0542_c0005_005.jpg,542,4,-1,True,150,8550,0.26365542616926757,0.023255813953488372,1,6450,1,1,1,1
687,0542_c0005_010.jpg,542,4,-1,True,150,8550,0.26134759937110486,0.02247864528697737,1,6673,1,1,1,1
688,0542_c0005_015.jpg,542,4,-1,True,150,8550,0.25852483351397393,0.02226179875333927,1,6738,1,1,1,1
689,0542_c0005_020.jpg,542,4,-1,True,150,8550,0.26015393789305463,0.022078304386223137,1,6794,1,1,1,1
690,0542_c0006_000.jpg,542,5,-1,True,150,8550,0.14584060096264542,0.02492108323641801,12,6019,0,0,0,1
691,0542_c0006_005.jpg,542,5,-1,True,150,8550,0.15518729364176426,0.02553191489361702,12,5875,0,0,0,1
692,0542_c0006_010.jpg,542,5,-1,True,150,8550,0.15782684356799678,0.02481389578163772,11,6045,0,0,0,1
693,0542_c0006_015.jpg,542,5,-1,True,150,8550,0.15180143229057724,0.024069319640564826,6,6232,0,0,1,1
694,0542_c0006_020.jpg,542,5,-1,True,150,8550,0.15618047451144018,0.02407318247472316,12,6231,0,0,0,1
695,0542_c0007_000.jpg,542,6,-1,True,150,8550,0.13708896385895855,0.04426084390675716,44,3389,0,0,0,0
696,0542_c0007_005.jpg,542,6,-1,True,150,8550,0.11766597508782013,0.0513347022587269,50,2922,0,0,0,0
697,0542_c0007_010.jpg,542,6,-1,True,150,8550,0.15449268652241946,0.047036688617121354,41,3189,0,0,0,0
698,0542_c0007_015.jpg,542,6,-1,True,150,8550,0.13136971433234976,0.04718464926077383,49,3179,0,0,0,0
699,0542_c0007_020.jpg,542,6,-1,True,150,8550,0.1278763654241672,0.05611672278338945,43,2673,0,0,0,0
700,0542_c0008_000.jpg,542,7,-1,True,150,8550,0.2145423096017715,0.02367797947908445,1,6335,1,1,1,1
701,0542_c0008_005.jpg,542,7,-1,True,150,8550,0.21474731338957434,0.023411893241766818,1,6407,1,1,1,1
702,0542_c0008_010.jpg,542,7,-1,True,150,8550,0.20374211984099938,0.023016725487187355,1,6517,1,1,1,1
703,0542_c0008_015.jpg,542,7,-1,True,150,8550,0.20807939352378324,0.022827575711459443,1,6571,1,1,1,1
704,0542_c0008_020.jpg,542,7,-1,True,150,8550,0.20743312454736312,0.023144576454250887,1,6481,1,1,1,1
705,0544_c0001_000.jpg,544,0,-1,True,150,8550,0.20368650458845375,0.08422234699606962,9,1781,0,0,1,1
706,0544_c0001_005.jpg,544,0,-1,True,150,8550,0.1587824672761042,0.07436787307882994,47,2017,0,0,0,0
707,0544_c0001_010.jpg,544,0,-1,True,150,8550,0.20154549950558812,0.09293680297397769,40,1614,0,0,0,0
708,0544_c0001_015.jpg,544,0,-1,True,150,8550,0.20667393285064406,0.099601593625498,24,1506,0,0,0,0
709,0544_c0001_020.jpg,544,0,-1,True,150,8550,0.1892049823593682,0.08342602892102335,20,1798,0,0,0,1
710,0544_c0002_000.jpg,544,1,-1,True,150,8550,0.39403940967350304,0.11070110701107011,1,1355,1,1,1,1
711,0544_c0002_005.jpg,544,1,-1,True,150,8550,0.30687840220081986,0.10351966873706005,4,1449,0,1,1,1
712,0544_c0002_010.jpg,544,1,-1,True,150,8550,0.4463691952458174,0.12864493996569468,1,1166,1,1,1,1
713,0544_c0002_015.jpg,544,1,-1,True,150,8550,0.28885760035912805,0.11591962905718702,9,1294,0,0,1,1
714,0544_c0002_020.jpg,544,1,-1,True,150,8550,0.20426014855115318,0.12106537530266344,18,1239,0,0,0,1
715,0544_c0003_000.jpg,544,2,-1,True,150,8550,0.6704005273668993,0.14985014985014986,1,1001,1,1,1,1
716,0544_c0003_005.jpg,544,2,-1,True,150,8550,0.6921773401397764,0.18115942028985507,1,828,1,1,1,1
717,0544_c0003_010.jpg,544,2,-1,True,150,8550,0.68373131053601,0.19455252918287938,1,771,1,1,1,1
718,0544_c0003_015.jpg,544,2,-1,True,150,8550,0.6648500892101006,0.20920502092050208,1,717,1,1,1,1
719,0544_c0003_020.jpg,544,2,-1,True,150,8550,0.6692871470313423,0.22156573116691286,1,677,1,1,1,1
720,0544_c0005_000.jpg,544,4,-1,True,150,8550,0.5125338064348768,0.11355034065102196,1,1321,1,1,1,1
721,0544_c0005_005.jpg,544,4,-1,True,150,8550,0.5017551373930228,0.10660980810234541,1,1407,1,1,1,1
722,0544_c0005_010.jpg,544,4,-1,True,150,8550,0.4291408182534488,0.0832870627429206,1,1801,1,1,1,1
723,0544_c0005_015.jpg,544,4,-1,True,150,8550,0.43707386110557517,0.08571428571428572,1,1750,1,1,1,1
724,0544_c0005_020.jpg,544,4,-1,True,150,8550,0.45634518441026606,0.09129640900791236,1,1643,1,1,1,1
725,0544_c0006_000.jpg,544,5,-1,True,150,8550,0.7235728948161294,0.33707865168539325,1,445,1,1,1,1
726,0544_c0006_005.jpg,544,5,-1,True,150,8550,0.7083923956857117,0.22026431718061673,1,681,1,1,1,1
727,0544_c0006_010.jpg,544,5,-1,True,150,8550,0.7311212357457353,0.21897810218978103,1,685,1,1,1,1
728,0544_c0006_015.jpg,544,5,-1,True,150,8550,0.7012138179316556,0.18270401948842874,1,821,1,1,1,1
729,0544_c0006_020.jpg,544,5,-1,True,150,8550,0.7036738549276476,0.16042780748663102,1,935,1,1,1,1
730,0544_c0007_000.jpg,544,6,-1,True,150,8550,0.548510583466049,0.09305210918114144,1,1612,1,1,1,1
731,0544_c0007_005.jpg,544,6,-1,True,150,8550,0.5565197265311582,0.09345794392523364,1,1605,1,1,1,1
732,0544_c0007_010.jpg,544,6,-1,True,150,8550,0.4508995089740197,0.08314855875831485,1,1804,1,1,1,1
733,0544_c0007_015.jpg,544,6,-1,True,150,8550,0.4622817416361403,0.08029978586723768,1,1868,1,1,1,1
734,0544_c0007_020.jpg,544,6,-1,True,150,8550,0.5789226244717889,0.07841087297438579,1,1913,1,1,1,1
735,0544_c0008_000.jpg,544,7,-1,True,150,8550,0.9127578368334988,0.7109004739336493,1,211,1,1,1,1
736,0544_c0008_005.jpg,544,7,-1,True,150,8550,0.9073492164859831,0.6097560975609756,1,246,1,1,1,1
737,0544_c0008_010.jpg,544,7,-1,True,150,8550,0.8945030721661332,0.5639097744360902,1,266,1,1,1,1
738,0544_c0008_015.jpg,544,7,-1,True,150,8550,0.8937756999029496,0.6696428571428571,1,224,1,1,1,1
739,0544_c0008_020.jpg,544,7,-1,True,150,8550,0.8601573171535425,0.37593984962406013,1,399,1,1,1,1
740,0546_c0002_000.jpg,546,1,-1,True,75,8550,0.4288100799769445,0.4601226993865031,5,163,0,1,1,1
741,0546_c0002_005.jpg,546,1,-1,True,75,8550,0.37732935161228537,0.436046511627907,14,172,0,0,0,1
742,0546_c0002_010.jpg,546,1,-1,True,75,8550,0.43880113687172023,0.5,5,150,0,1,1,1
743,0546_c0002_015.jpg,546,1,-1,True,75,8550,0.571193705947679,0.5,1,150,1,1,1,1
744,0546_c0002_020.jpg,546,1,-1,True,75,8550,0.4365039207111771,0.4437869822485207,2,169,0,1,1,1
745,0546_c0004_000.jpg,546,3,-1,True,75,8550,0.9960987527801717,0.9259259259259259,1,81,1,1,1,1
746,0546_c0004_005.jpg,546,3,-1,True,75,8550,0.9992839550437244,0.9868421052631579,1,76,1,1,1,1
747,0546_c0004_010.jpg,546,3,-1,True,75,8550,0.9969448447776387,0.9259259259259259,1,81,1,1,1,1
748,0546_c0004_015.jpg,546,3,-1,True,75,8550,0.983271419317864,0.8928571428571429,1,84,1,1,1,1
749,0546_c0004_020.jpg,546,3,-1,True,75,8550,0.9793714779110866,0.8522727272727273,1,88,1,1,1,1
750,0546_c0007_000.jpg,546,6,-1,True,75,8550,0.9968228490935667,0.9146341463414634,1,82,1,1,1,1
751,0546_c0007_005.jpg,546,6,-1,True,75,8550,1.0,1.0,1,75,1,1,1,1
752,0546_c0007_010.jpg,546,6,-1,True,75,8550,1.0,1.0,1,75,1,1,1,1
753,0546_c0007_015.jpg,546,6,-1,True,75,8550,1.0,1.0,1,75,1,1,1,1
754,0546_c0007_020.jpg,546,6,-1,True,75,8550,1.0,1.0,1,75,1,1,1,1
755,0546_c0008_000.jpg,546,7,-1,True,75,8550,0.991067650484219,0.8620689655172413,1,87,1,1,1,1
756,0546_c0008_005.jpg,546,7,-1,True,75,8550,0.9968057250839525,0.8928571428571429,1,84,1,1,1,1
757,0546_c0008_010.jpg,546,7,-1,True,75,8550,0.9959885380540903,0.8823529411764706,1,85,1,1,1,1
758,0546_c0008_015.jpg,546,7,-1,True,75,8550,0.9926976552518113,0.8522727272727273,1,88,1,1,1,1
759,0546_c0008_020.jpg,546,7,-1,True,75,8550,0.953193834122898,0.7425742574257426,1,101,1,1,1,1
760,0548_c0001_000.jpg,548,0,-1,True,125,8550,0.48002933519770213,0.2735229759299781,1,457,1,1,1,1
761,0548_c0001_005.jpg,548,0,-1,True,125,8550,0.3247306300133919,0.22321428571428573,13,560,0,0,0,1
762,0548_c0001_010.jpg,548,0,-1,True,125,8550,0.4072521716571283,0.24509803921568626,1,510,1,1,1,1
763,0548_c0001_015.jpg,548,0,-1,True,125,8550,0.3079351655727936,0.21968365553602812,17,569,0,0,0,1
764,0548_c0001_020.jpg,548,0,-1,True,125,8550,0.3060528049260603,0.22007042253521128,23,568,0,0,0,0
765,0548_c0002_000.jpg,548,1,-1,True,125,8550,0.30708959520147927,0.22686025408348456,12,551,0,0,0,1
766,0548_c0002_005.jpg,548,1,-1,True,125,8550,0.27140470805182565,0.21626297577854672,26,578,0,0,0,0
767,0548_c0002_010.jpg,548,1,-1,True,125,8550,0.30833210774095293,0.2244165170556553,26,557,0,0,0,0
768,0548_c0002_015.jpg,548,1,-1,True,125,8550,0.3181246009914698,0.21258503401360543,25,588,0,0,0,0
769,0548_c0002_020.jpg,548,1,-1,True,125,8550,0.42491953960916656,0.23540489642184556,1,531,1,1,1,1
770,0548_c0003_000.jpg,548,2,-1,True,125,8550,0.8321417649926225,0.42517006802721086,1,294,1,1,1,1
771,0548_c0003_005.jpg,548,2,-1,True,125,8550,0.8125920588846527,0.4355400696864111,1,287,1,1,1,1
772,0548_c0003_010.jpg,548,2,-1,True,125,8550,0.8071358807890762,0.43103448275862066,1,290,1,1,1,1
773,0548_c0003_015.jpg,548,2,-1,True,125,8550,0.7743866320374416,0.41946308724832215,1,298,1,1,1,1
774,0548_c0003_020.jpg,548,2,-1,True,125,8550,0.7881812519909286,0.39184952978056425,1,319,1,1,1,1
775,0548_c0005_000.jpg,548,4,-1,True,125,8550,0.8458741459454407,0.37202380952380953,1,336,1,1,1,1
776,0548_c0005_005.jpg,548,4,-1,True,125,8550,0.8469339147624988,0.3776435045317221,1,331,1,1,1,1
777,0548_c0005_010.jpg,548,4,-1,True,125,8550,0.8569214906614546,0.38109756097560976,1,328,1,1,1,1
778,0548_c0005_015.jpg,548,4,-1,True,125,8550,0.8532884983020111,0.3799392097264438,1,329,1,1,1,1
779,0548_c0005_020.jpg,548,4,-1,True,125,8550,0.8479759410572236,0.3799392097264438,1,329,1,1,1,1
780,0548_c0006_000.jpg,548,5,-1,True,125,8550,0.6289704679482212,0.2025931928687196,1,617,1,1,1,1
781,0548_c0006_005.jpg,548,5,-1,True,125,8550,0.6360508270726046,0.20593080724876442,1,607,1,1,1,1
782,0548_c0006_010.jpg,548,5,-1,True,125,8550,0.6988013676219578,0.22727272727272727,1,550,1,1,1,1
783,0548_c0006_015.jpg,548,5,-1,True,125,8550,0.7125017624292522,0.22202486678507993,1,563,1,1,1,1
784,0548_c0006_020.jpg,548,5,-1,True,125,8550,0.706616297598819,0.2390057361376673,1,523,1,1,1,1
785,0548_c0007_000.jpg,548,6,-1,True,125,8550,0.8030231799692542,0.33156498673740054,1,377,1,1,1,1
786,0548_c0007_005.jpg,548,6,-1,True,125,8550,0.8919527628609261,0.4340277777777778,1,288,1,1,1,1
787,0548_c0007_010.jpg,548,6,-1,True,125,8550,0.9240559187158242,0.5102040816326531,1,245,1,1,1,1
788,0548_c0007_015.jpg,548,6,-1,True,125,8550,0.9256201116543902,0.5274261603375527,1,237,1,1,1,1
789,0548_c0007_020.jpg,548,6,-1,True,125,8550,0.9304986918312003,0.5506607929515418,1,227,1,1,1,1
790,0550_c0001_000.jpg,550,0,-1,True,175,8550,0.4249086864101999,0.13227513227513227,1,1323,1,1,1,1
791,0550_c0001_005.jpg,550,0,-1,True,175,8550,0.3863186250919885,0.1398880895283773,1,1251,1,1,1,1
792,0550_c0001_010.jpg,550,0,-1,True,175,8550,0.4069348388556903,0.14919011082693948,1,1173,1,1,1,1
793,0550_c0001_015.jpg,550,0,-1,True,175,8550,0.3925819845514239,0.13922036595067622,1,1257,1,1,1,1
794,0550_c0001_020.jpg,550,0,-1,True,175,8550,0.4026981057182671,0.1346153846153846,1,1300,1,1,1,1
795,0550_c0002_000.jpg,550,1,-1,True,175,8550,0.49157208110079026,0.2808988764044944,1,623,1,1,1,1
796,0550_c0002_005.jpg,550,1,-1,True,175,8550,0.4808670161917426,0.2684049079754601,1,652,1,1,1,1
797,0550_c0002_010.jpg,550,1,-1,True,175,8550,0.5432484891797125,0.26395173453996984,1,663,1,1,1,1
798,0550_c0002_015.jpg,550,1,-1,True,175,8550,0.5175687256561066,0.30329289428076256,1,577,1,1,1,1
799,0550_c0002_020.jpg,550,1,-1,True,175,8550,0.46685530888362003,0.27386541471048514,22,639,0,0,0,0
800,0550_c0003_000.jpg,550,2,-1,True,175,8550,0.29462148511013897,0.2503576537911302,8,699,0,0,1,1
801,0550_c0003_005.jpg,550,2,-1,True,175,8550,0.3021046695408852,0.26435045317220546,8,662,0,0,1,1
802,0550_c0003_010.jpg,550,2,-1,True,175,8550,0.3062813763531012,0.26119402985074625,9,670,0,0,1,1
803,0550_c0003_015.jpg,550,2,-1,True,175,8550,0.31236755217390333,0.277337559429477,9,631,0,0,1,1
804,0550_c0003_020.jpg,550,2,-1,True,175,8550,0.32448743022891474,0.26595744680851063,11,658,0,0,0,1
805,0550_c0004_000.jpg,550,3,-1,True,175,8550,0.32943070665755314,0.11978097193702943,1,1461,1,1,1,1
806,0550_c0004_005.jpg,550,3,-1,True,175,8550,0.19181031859348768,0.12127512127512127,32,1443,0,0,0,0
807,0550_c0004_010.jpg,550,3,-1,True,175,8550,0.18199667847304876,0.12446657183499289,52,1406,0,0,0,0
808,0550_c0004_015.jpg,550,3,-1,True,175,8550,0.18834646219767104,0.12093987560469938,40,1447,0,0,0,0
809,0550_c0004_020.jpg,550,3,-1,True,175,8550,0.31924131542326584,0.12384996461429583,1,1413,1,1,1,1
810,0550_c0005_000.jpg,550,4,-1,True,175,8550,0.2336870320506886,0.22845953002610966,6,766,0,0,1,1
811,0550_c0005_005.jpg,550,4,-1,True,175,8550,0.2738419124262475,0.24893314366998578,1,703,1,1,1,1
812,0550_c0005_010.jpg,550,4,-1,True,175,8550,0.2520874680293595,0.22264631043256997,18,786,0,0,0,1
813,0550_c0005_015.jpg,550,4,-1,True,175,8550,0.31990204070259465,0.1488095238095238,1,1176,1,1,1,1
814,0550_c0005_020.jpg,550,4,-1,True,175,8550,0.319965014526863,0.1488095238095238,1,1176,1,1,1,1
815,0550_c0006_000.jpg,550,5,-1,True,175,8550,0.23997387012578267,0.22349936143039592,28,783,0,0,0,0
816,0550_c0006_005.jpg,550,5,-1,True,175,8550,0.2159366495431909,0.1906318082788671,36,918,0,0,0,0
817,0550_c0006_010.jpg,550,5,-1,True,175,8550,0.33222412135999346,0.1652502360717658,1,1059,1,1,1,1
818,0550_c0006_015.jpg,550,5,-1,True,175,8550,0.24193731501803975,0.21631644004944375,22,809,0,0,0,0
819,0550_c0006_020.jpg,550,5,-1,True,175,8550,0.20478589236159955,0.20933014354066987,54,836,0,0,0,0
820,0550_c0007_000.jpg,550,6,-1,True,175,8550,0.4858290041609356,0.17893660531697342,1,978,1,1,1,1
821,0550_c0007_005.jpg,550,6,-1,True,175,8550,0.4563334618132216,0.17748478701825557,1,986,1,1,1,1
822,0550_c0007_010.jpg,550,6,-1,True,175,8550,0.4639010330079054,0.20636792452830188,1,848,1,1,1,1
823,0550_c0007_015.jpg,550,6,-1,True,175,8550,0.4537934204354443,0.15681003584229392,1,1116,1,1,1,1
824,0550_c0007_020.jpg,550,6,-1,True,175,8550,0.5163459802979166,0.15060240963855423,1,1162,1,1,1,1
825,0550_c0008_000.jpg,550,7,-1,True,175,8550,0.5294073125306256,0.11146496815286625,1,1570,1,1,1,1
826,0550_c0008_005.jpg,550,7,-1,True,175,8550,0.49125261827380184,0.10497900419916016,1,1667,1,1,1,1
827,0550_c0008_010.jpg,550,7,-1,True,175,8550,0.46701675339164644,0.09479956663055254,1,1846,1,1,1,1
828,0550_c0008_015.jpg,550,7,-1,True,175,8550,0.41056334926418375,0.09765625,1,1792,1,1,1,1
829,0550_c0008_020.jpg,550,7,-1,True,175,8550,0.3515254705370559,0.1028202115158637,1,1702,1,1,1,1
830,0552_c0001_000.jpg,552,0,-1,True,175,8550,0.5874868402540957,0.12044046799724707,1,1453,1,1,1,1
831,0552_c0001_005.jpg,552,0,-1,True,175,8550,0.5650620765881075,0.12110726643598616,1,1445,1,1,1,1
832,0552_c0001_010.jpg,552,0,-1,True,175,8550,0.5898207759556533,0.12690355329949238,1,1379,1,1,1,1
833,0552_c0001_015.jpg,552,0,-1,True,175,8550,0.5835627872487236,0.12254901960784313,1,1428,1,1,1,1
834,0552_c0001_020.jpg,552,0,-1,True,175,8550,0.5650174278824708,0.11961722488038277,1,1463,1,1,1,1
835,0552_c0002_000.jpg,552,1,-1,True,175,8550,0.27387363796642467,0.20301624129930396,26,862,0,0,0,0
836,0552_c0002_005.jpg,552,1,-1,True,175,8550,0.27147551712337387,0.20161290322580644,26,868,0,0,0,0
837,0552_c0002_010.jpg,552,1,-1,True,175,8550,0.29079300618825155,0.2080856123662307,26,841,0,0,0,0
838,0552_c0002_015.jpg,552,1,-1,True,175,8550,0.2968026344726833,0.20734597156398105,25,844,0,0,0,0
839,0552_c0002_020.jpg,552,1,-1,True,175,8550,0.30175433744794117,0.2184769038701623,25,801,0,0,0,0
840,0552_c0003_000.jpg,552,2,-1,True,175,8550,0.7342665396792191,0.7709251101321586,1,227,1,1,1,1
841,0552_c0003_005.jpg,552,2,-1,True,175,8550,0.7325037376207097,0.6972111553784861,1,251,1,1,1,1
842,0552_c0003_010.jpg,552,2,-1,True,175,8550,0.732017973316513,0.7291666666666666,1,240,1,1,1,1
843,0552_c0003_015.jpg,552,2,-1,True,175,8550,0.7341801283642121,0.7322175732217573,1,239,1,1,1,1
844,0552_c0003_020.jpg,552,2,-1,True,175,8550,0.7342340794079064,0.7743362831858407,1,226,1,1,1,1
845,0552_c0004_000.jpg,552,3,-1,True,175,8550,0.5842792852528903,0.44642857142857145,1,392,1,1,1,1
846,0552_c0004_005.jpg,552,3,-1,True,175,8550,0.5871608700933142,0.45691906005221933,1,383,1,1,1,1
847,0552_c0004_010.jpg,552,3,-1,True,175,8550,0.586632833292808,0.4533678756476684,1,386,1,1,1,1
848,0552_c0004_015.jpg,552,3,-1,True,175,8550,0.5885517951210137,0.4088785046728972,1,428,1,1,1,1
849,0552_c0004_020.jpg,552,3,-1,True,175,8550,0.559675662489444,0.45219638242894056,1,387,1,1,1,1
850,0552_c0005_000.jpg,552,4,-1,True,175,8550,0.6447351563051363,0.5351681957186545,1,327,1,1,1,1
851,0552_c0005_005.jpg,552,4,-1,True,175,8550,0.6720246026109825,0.5737704918032787,1,305,1,1,1,1
852,0552_c0005_010.jpg,552,4,-1,True,175,8550,0.5955598857821196,0.5335365853658537,2,328,0,1,1,1
853,0552_c0005_015.jpg,552,4,-1,True,175,8550,0.5934336268020732,0.5131964809384164,2,341,0,1,1,1
854,0552_c0005_020.jpg,552,4,-1,True,175,8550,0.582278006715074,0.48476454293628807,2,361,0,1,1,1
855,0552_c0006_000.jpg,552,5,-1,True,175,8550,0.6506404937113797,0.2931323283082077,1,597,1,1,1,1
856,0552_c0006_005.jpg,552,5,-1,True,175,8550,0.6452157313622234,0.2986348122866894,1,586,1,1,1,1
857,0552_c0006_010.jpg,552,5,-1,True,175,8550,0.6763174853876348,0.2845528455284553,1,615,1,1,1,1
858,0552_c0006_015.jpg,552,5,-1,True,175,8550,0.7203437537018419,0.3102836879432624,1,564,1,1,1,1
859,0552_c0006_020.jpg,552,5,-1,True,175,8550,0.7230739517979841,0.30809859154929575,1,568,1,1,1,1
860,0552_c0007_000.jpg,552,6,-1,True,175,8550,0.73733762691977,0.30434782608695654,1,575,1,1,1,1
861,0552_c0007_005.jpg,552,6,-1,True,175,8550,0.7714934060971756,0.32710280373831774,1,535,1,1,1,1
862,0552_c0007_010.jpg,552,6,-1,True,175,8550,0.7195057962787943,0.3054101221640489,1,573,1,1,1,1
863,0552_c0007_015.jpg,552,6,-1,True,175,8550,0.7085204812719919,0.2911813643926789,1,601,1,1,1,1
864,0552_c0007_020.jpg,552,6,-1,True,175,8550,0.7197917546066103,0.2956081081081081,1,592,1,1,1,1
865,0552_c0008_000.jpg,552,7,-1,True,175,8550,0.8511069757164127,0.3458498023715415,1,506,1,1,1,1
866,0552_c0008_005.jpg,552,7,-1,True,175,8550,0.8524569888546695,0.33980582524271846,1,515,1,1,1,1
867,0552_c0008_010.jpg,552,7,-1,True,175,8550,0.840371002088162,0.3295668549905838,1,531,1,1,1,1
868,0552_c0008_015.jpg,552,7,-1,True,175,8550,0.8420278096828313,0.33653846153846156,1,520,1,1,1,1
869,0552_c0008_020.jpg,552,7,-1,True,175,8550,0.849707991341623,0.354251012145749,1,494,1,1,1,1
870,0554_c0001_000.jpg,554,0,-1,True,150,8550,0.3103277704155488,0.11363636363636363,1,1320,1,1,1,1
871,0554_c0001_005.jpg,554,0,-1,True,150,8550,0.2747280559503615,0.1079136690647482,1,1390,1,1,1,1
872,0554_c0001_010.jpg,554,0,-1,True,150,8550,0.3280895626514842,0.1372369624885636,1,1093,1,1,1,1
873,0554_c0001_015.jpg,554,0,-1,True,150,8550,0.32368580636871214,0.13574660633484162,1,1105,1,1,1,1
874,0554_c0001_020.jpg,554,0,-1,True,150,8550,0.2895233905004545,0.13673655423883319,1,1097,1,1,1,1
875,0554_c0002_000.jpg,554,1,-1,True,150,8550,0.4004764225015631,0.09900990099009901,1,1515,1,1,1,1
876,0554_c0002_005.jpg,554,1,-1,True,150,8550,0.363569373791297,0.0942211055276382,1,1592,1,1,1,1
877,0554_c0002_010.jpg,554,1,-1,True,150,8550,0.2845501088087934,0.07792207792207792,1,1925,1,1,1,1
878,0554_c0002_015.jpg,554,1,-1,True,150,8550,0.27664017571788285,0.0788229111928534,1,1903,1,1,1,1
879,0554_c0002_020.jpg,554,1,-1,True,150,8550,0.3007271480892748,0.08645533141210375,1,1735,1,1,1,1
880,0554_c0003_000.jpg,554,2,-1,True,150,8550,0.1968778113584478,0.07556675062972293,28,1985,0,0,0,0
881,0554_c0003_005.jpg,554,2,-1,True,150,8550,0.2113707698948251,0.07953340402969247,29,1886,0,0,0,0
882,0554_c0003_010.jpg,554,2,-1,True,150,8550,0.21320041682248747,0.07295719844357977,5,2056,0,1,1,1
883,0554_c0003_015.jpg,554,2,-1,True,150,8550,0.1988146632152007,0.071360608943863,23,2102,0,0,0,0
884,0554_c0003_020.jpg,554,2,-1,True,150,8550,0.2023256842071457,0.08112493239588967,3,1849,0,1,1,1
885,0554_c0005_000.jpg,554,4,-1,True,150,8550,0.3549101087022686,0.07727975270479134,1,1941,1,1,1,1
886,0554_c0005_005.jpg,554,4,-1,True,150,8550,0.34780022313879166,0.07119126720455624,7,2107,0,0,1,1
887,0554_c0005_010.jpg,554,4,-1,True,150,8550,0.3538695061892512,0.07142857142857142,7,2100,0,0,1,1
888,0554_c0005_015.jpg,554,4,-1,True,150,8550,0.36645607325059776,0.0681198910081744,1,2202,1,1,1,1
889,0554_c0005_020.jpg,554,4,-1,True,150,8550,0.39487977231858373,0.06281407035175879,1,2388,1,1,1,1
890,0554_c0006_000.jpg,554,5,-1,True,150,8550,0.30682747533546106,0.25728987993138935,9,583,0,0,1,1
891,0554_c0006_005.jpg,554,5,-1,True,150,8550,0.3394943097342166,0.2782931354359926,7,539,0,0,1,1
892,0554_c0006_010.jpg,554,5,-1,True,150,8550,0.31419258165482267,0.28957528957528955,4,518,0,1,1,1
893,0554_c0006_015.jpg,554,5,-1,True,150,8550,0.26426750006107125,0.2608695652173913,6,575,0,0,1,1
894,0554_c0006_020.jpg,554,5,-1,True,150,8550,0.40660154293465073,0.2994011976047904,2,501,0,1,1,1
895,0554_c0007_000.jpg,554,6,-1,True,150,8550,0.29484108188226277,0.08818342151675485,1,1701,1,1,1,1
896,0554_c0007_005.jpg,554,6,-1,True,150,8550,0.26744493797772717,0.08278145695364239,1,1812,1,1,1,1
897,0554_c0007_010.jpg,554,6,-1,True,150,8550,0.27772462434673617,0.08756567425569177,1,1713,1,1,1,1
898,0554_c0007_015.jpg,554,6,-1,True,150,8550,0.29413886163423814,0.089179548156956,1,1682,1,1,1,1
899,0554_c0007_020.jpg,554,6,-1,True,150,8550,0.3127106667034829,0.0945179584120983,1,1587,1,1,1,1
900,0554_c0008_000.jpg,554,7,-1,True,150,8550,0.44734487892760294,0.31446540880503143,1,477,1,1,1,1
901,0554_c0008_005.jpg,554,7,-1,True,150,8550,0.40163062439555736,0.2613240418118467,1,574,1,1,1,1
902,0554_c0008_010.jpg,554,7,-1,True,150,8550,0.4130097508178387,0.2631578947368421,1,570,1,1,1,1
903,0554_c0008_015.jpg,554,7,-1,True,150,8550,0.42358816672472244,0.23400936037441497,1,641,1,1,1,1
904,0554_c0008_020.jpg,554,7,-1,True,150,8550,0.4729428594408165,0.29354207436399216,1,511,1,1,1,1
905,0556_c0001_000.jpg,556,0,-1,True,175,8550,0.41743059991551607,0.33081285444234404,10,529,0,0,1,1
906,0556_c0001_005.jpg,556,0,-1,True,175,8550,0.3871057188055717,0.3141831238779174,27,557,0,0,0,0
907,0556_c0001_010.jpg,556,0,-1,True,175,8550,0.32663447143663304,0.2996575342465753,50,584,0,0,0,0
908,0556_c0001_015.jpg,556,0,-1,True,175,8550,0.3666557779771943,0.30809859154929575,46,568,0,0,0,0
909,0556_c0001_020.jpg,556,0,-1,True,175,8550,0.38520956948850477,0.32051282051282054,44,546,0,0,0,0
910,0556_c0002_000.jpg,556,1,-1,True,175,8550,0.8665787063545985,0.28135048231511256,1,622,1,1,1,1
911,0556_c0002_005.jpg,556,1,-1,True,175,8550,0.9038261635225714,0.36231884057971014,1,483,1,1,1,1
912,0556_c0002_010.jpg,556,1,-1,True,175,8550,0.896554209817099,0.33653846153846156,1,520,1,1,1,1
913,0556_c0002_015.jpg,556,1,-1,True,175,8550,0.89258347561396,0.343811394891945,1,509,1,1,1,1
914,0556_c0002_020.jpg,556,1,-1,True,175,8550,0.8937790134812752,0.35787321063394684,1,489,1,1,1,1
915,0556_c0003_000.jpg,556,2,-1,True,175,8550,1.0,1.0,1,175,1,1,1,1
916,0556_c0003_005.jpg,556,2,-1,True,175,8550,1.0,1.0,1,175,1,1,1,1
917,0556_c0003_010.jpg,556,2,-1,True,175,8550,1.0,1.0,1,175,1,1,1,1
918,0556_c0003_015.jpg,556,2,-1,True,175,8550,1.0,1.0,1,175,1,1,1,1
919,0556_c0003_020.jpg,556,2,-1,True,175,8550,1.0,1.0,1,175,1,1,1,1
920,0556_c0004_000.jpg,556,3,-1,True,175,8550,1.0,1.0,1,175,1,1,1,1
921,0556_c0004_005.jpg,556,3,-1,True,175,8550,1.0,1.0,1,175,1,1,1,1
922,0556_c0004_010.jpg,556,3,-1,True,175,8550,1.0,1.0,1,175,1,1,1,1
923,0556_c0004_015.jpg,556,3,-1,True,175,8550,1.0,1.0,1,175,1,1,1,1
924,0556_c0004_020.jpg,556,3,-1,True,175,8550,0.9998073713995502,0.9776536312849162,1,179,1,1,1,1
925,0556_c0005_000.jpg,556,4,-1,True,175,8550,0.5527839122951392,0.49295774647887325,1,355,1,1,1,1
926,0556_c0005_005.jpg,556,4,-1,True,175,8550,0.5470507846793202,0.48342541436464087,1,362,1,1,1,1
927,0556_c0005_010.jpg,556,4,-1,True,175,8550,0.5925799612364328,0.4820936639118457,1,363,1,1,1,1
928,0556_c0005_015.jpg,556,4,-1,True,175,8550,0.540830211791373,0.5043227665706052,1,347,1,1,1,1
929,0556_c0005_020.jpg,556,4,-1,True,175,8550,0.48342447041328007,0.47297297297297297,1,370,1,1,1,1
930,0556_c0006_000.jpg,556,5,-1,True,175,8550,0.9994523009763258,0.9668508287292817,1,181,1,1,1,1
931,0556_c0006_005.jpg,556,5,-1,True,175,8550,0.9999354317998385,0.9887005649717514,1,177,1,1,1,1
932,0556_c0006_010.jpg,556,5,-1,True,175,8550,0.9998723064644852,0.9776536312849162,1,179,1,1,1,1
933,0556_c0006_015.jpg,556,5,-1,True,175,8550,0.9998723064644852,0.9776536312849162,1,179,1,1,1,1
934,0556_c0006_020.jpg,556,5,-1,True,175,8550,1.0,1.0,1,175,1,1,1,1
935,0556_c0007_000.jpg,556,6,-1,True,175,8550,0.8395826200012366,0.5287009063444109,1,331,1,1,1,1
936,0556_c0007_005.jpg,556,6,-1,True,175,8550,0.8750041233176048,0.541795665634675,1,323,1,1,1,1
937,0556_c0007_010.jpg,556,6,-1,True,175,8550,0.870805655405193,0.5192878338278932,1,337,1,1,1,1
938,0556_c0007_015.jpg,556,6,-1,True,175,8550,0.8606357883196187,0.5335365853658537,1,328,1,1,1,1
939,0556_c0007_020.jpg,556,6,-1,True,175,8550,0.8325500710332209,0.5223880597014925,1,335,1,1,1,1
940,0556_c0008_000.jpg,556,7,-1,True,175,8550,0.959353858040032,0.8254716981132075,1,212,1,1,1,1
941,0556_c0008_005.jpg,556,7,-1,True,175,8550,0.9649880699269134,0.875,1,200,1,1,1,1
942,0556_c0008_010.jpg,556,7,-1,True,175,8550,0.9798791042524508,0.875,1,200,1,1,1,1
943,0556_c0008_015.jpg,556,7,-1,True,175,8550,0.9733596426041101,0.875,1,200,1,1,1,1
944,0556_c0008_020.jpg,556,7,-1,True,175,8550,0.9777401655758555,0.875,1,200,1,1,1,1
945,0558_c0001_000.jpg,558,0,-1,True,175,8550,0.4087085975173326,0.44642857142857145,26,392,0,0,0,0
946,0558_c0001_005.jpg,558,0,-1,True,175,8550,0.41963812744337753,0.46419098143236076,26,377,0,0,0,0
947,0558_c0001_010.jpg,558,0,-1,True,175,8550,0.4285242412478848,0.4498714652956298,26,389,0,0,0,0
948,0558_c0001_015.jpg,558,0,-1,True,175,8550,0.42489517870326265,0.4605263157894737,26,380,0,0,0,0
949,0558_c0001_020.jpg,558,0,-1,True,175,8550,0.4198452722902888,0.4666666666666667,26,375,0,0,0,0
950,0558_c0002_000.jpg,558,1,-1,True,175,8550,0.4330892650772684,0.4716981132075472,19,371,0,0,0,1
951,0558_c0002_005.jpg,558,1,-1,True,175,8550,0.39647894952274326,0.4971590909090909,55,352,0,0,0,0
952,0558_c0002_010.jpg,558,1,-1,True,175,8550,0.3932069478001667,0.4781420765027322,30,366,0,0,0,0
953,0558_c0002_015.jpg,558,1,-1,True,175,8550,0.38896774736849443,0.4888268156424581,35,358,0,0,0,0
954,0558_c0002_020.jpg,558,1,-1,True,175,8550,0.3950038030052495,0.47297297297297297,24,370,0,0,0,0
955,0558_c0003_000.jpg,558,2,-1,True,175,8550,0.3774703988738863,0.36382536382536385,51,481,0,0,0,0
956,0558_c0003_005.jpg,558,2,-1,True,175,8550,0.3883680356638301,0.43209876543209874,66,405,0,0,0,0
957,0558_c0003_010.jpg,558,2,-1,True,175,8550,0.36793951021742854,0.4156769596199525,58,421,0,0,0,0
958,0558_c0003_015.jpg,558,2,-1,True,175,8550,0.3790776681630486,0.40415704387990764,51,433,0,0,0,0
959,0558_c0003_020.jpg,558,2,-1,True,175,8550,0.37733530994848186,0.4166666666666667,65,420,0,0,0,0
960,0558_c0004_000.jpg,558,3,-1,True,175,8550,0.4519483385990094,0.3707627118644068,26,472,0,0,0,0
961,0558_c0004_005.jpg,558,3,-1,True,175,8550,0.42747349505939375,0.3699788583509514,11,473,0,0,0,1
962,0558_c0004_010.jpg,558,3,-1,True,175,8550,0.4430608470494503,0.3787878787878788,1,462,1,1,1,1
963,0558_c0004_015.jpg,558,3,-1,True,175,8550,0.49438018642050624,0.37154989384288745,1,471,1,1,1,1
964,0558_c0004_020.jpg,558,3,-1,True,175,8550,0.40258760213384837,0.33269961977186313,1,526,1,1,1,1
965,0558_c0005_000.jpg,558,4,-1,True,175,8550,0.5577871689712087,0.5043227665706052,1,347,1,1,1,1
966,0558_c0005_005.jpg,558,4,-1,True,175,8550,0.5987612786772006,0.4888268156424581,1,358,1,1,1,1
967,0558_c0005_010.jpg,558,4,-1,True,175,8550,0.5622494430010153,0.48342541436464087,1,362,1,1,1,1
968,0558_c0005_015.jpg,558,4,-1,True,175,8550,0.5749272538340743,0.5072463768115942,1,345,1,1,1,1
969,0558_c0005_020.jpg,558,4,-1,True,175,8550,0.5641468654464804,0.5043227665706052,1,347,1,1,1,1
970,0558_c0006_000.jpg,558,5,-1,True,175,8550,0.5422941728157968,0.44529262086513993,26,393,0,0,0,0
971,0558_c0006_005.jpg,558,5,-1,True,175,8550,0.5363092814630614,0.4156769596199525,26,421,0,0,0,0
972,0558_c0006_010.jpg,558,5,-1,True,175,8550,0.5429049572560721,0.3796095444685466,26,461,0,0,0,0
973,0558_c0006_015.jpg,558,5,-1,True,175,8550,0.5491774406565404,0.4557291666666667,26,384,0,0,0,0
974,0558_c0006_020.jpg,558,5,-1,True,175,8550,0.5391990941894228,0.43209876543209874,26,405,0,0,0,0
975,0558_c0007_000.jpg,558,6,-1,True,175,8550,0.6410576302210131,0.5663430420711975,1,309,1,1,1,1
976,0558_c0007_005.jpg,558,6,-1,True,175,8550,0.6142291545052497,0.5368098159509203,1,326,1,1,1,1
977,0558_c0007_010.jpg,558,6,-1,True,175,8550,0.6441136079315476,0.5681818181818182,1,308,1,1,1,1
978,0558_c0007_015.jpg,558,6,-1,True,175,8550,0.6693939423337361,0.6140350877192983,1,285,1,1,1,1
979,0558_c0007_020.jpg,558,6,-1,True,175,8550,0.6553631270837725,0.5303030303030303,1,330,1,1,1,1
980,0558_c0008_000.jpg,558,7,-1,True,175,8550,0.7374185331239692,0.4666666666666667,1,375,1,1,1,1
981,0558_c0008_005.jpg,558,7,-1,True,175,8550,0.7280105009094878,0.4666666666666667,1,375,1,1,1,1
982,0558_c0008_010.jpg,558,7,-1,True,175,8550,0.732280429623986,0.4666666666666667,1,375,1,1,1,1
983,0558_c0008_015.jpg,558,7,-1,True,175,8550,0.7991351963981983,0.4691689008042895,1,373,1,1,1,1
984,0558_c0008_020.jpg,558,7,-1,True,175,8550,0.7585776190923302,0.4666666666666667,1,375,1,1,1,1
985,0560_c0001_000.jpg,560,0,-1,True,150,8550,0.036181201130568955,0.0482780817508851,633,3107,0,0,0,0
986,0560_c0001_005.jpg,560,0,-1,True,150,8550,0.02570484828679349,0.03582517315500358,1045,4187,0,0,0,0
987,0560_c0001_010.jpg,560,0,-1,True,150,8550,0.022533771406287217,0.03253090435914118,1091,4611,0,0,0,0
988,0560_c0001_015.jpg,560,0,-1,True,150,8550,0.0242178494033683,0.03449068751437112,1037,4349,0,0,0,0
989,0560_c0001_020.jpg,560,0,-1,True,150,8550,0.0227107893565673,0.03337041156840934,1218,4495,0,0,0,0
990,0560_c0002_000.jpg,560,1,-1,True,150,8550,0.9664204352251422,0.6493506493506493,1,231,1,1,1,1
991,0560_c0002_005.jpg,560,1,-1,True,150,8550,0.9664209483728392,0.6437768240343348,1,233,1,1,1,1
992,0560_c0002_010.jpg,560,1,-1,True,150,8550,0.9679875887963811,0.6550218340611353,1,229,1,1,1,1
993,0560_c0002_015.jpg,560,1,-1,True,150,8550,0.9671770581047126,0.6550218340611353,1,229,1,1,1,1
994,0560_c0002_020.jpg,560,1,-1,True,150,8550,0.9650108101639967,0.635593220338983,1,236,1,1,1,1
995,0560_c0003_000.jpg,560,2,-1,True,150,8550,0.9622794475064662,0.6944444444444444,1,216,1,1,1,1
996,0560_c0003_005.jpg,560,2,-1,True,150,8550,0.9600073134839181,0.6550218340611353,1,229,1,1,1,1
997,0560_c0003_010.jpg,560,2,-1,True,150,8550,0.9629199387461679,0.6944444444444444,1,216,1,1,1,1
998,0560_c0003_015.jpg,560,2,-1,True,150,8550,0.9614973309707816,0.6944444444444444,1,216,1,1,1,1
999,0560_c0003_020.jpg,560,2,-1,True,150,8550,0.9610873418230752,0.684931506849315,1,219,1,1,1,1
1000,0560_c0005_000.jpg,560,4,-1,True,150,8550,0.9497893966454076,0.646551724137931,1,232,1,1,1,1
1001,0560_c0005_005.jpg,560,4,-1,True,150,8550,0.965026634505803,0.7211538461538461,1,208,1,1,1,1
1002,0560_c0005_010.jpg,560,4,-1,True,150,8550,0.9649969392036166,0.7246376811594203,1,207,1,1,1,1
1003,0560_c0005_015.jpg,560,4,-1,True,150,8550,0.9635141333705463,0.7109004739336493,1,211,1,1,1,1
1004,0560_c0005_020.jpg,560,4,-1,True,150,8550,0.9662470266693198,0.75,1,200,1,1,1,1
1005,0560_c0006_000.jpg,560,5,-1,True,150,8550,0.918202136250245,0.3588516746411483,1,418,1,1,1,1
1006,0560_c0006_005.jpg,560,5,-1,True,150,8550,0.9173599375264374,0.36855036855036855,1,407,1,1,1,1
1007,0560_c0006_010.jpg,560,5,-1,True,150,8550,0.9178945474301243,0.3640776699029126,1,412,1,1,1,1
1008,0560_c0006_015.jpg,560,5,-1,True,150,8550,0.9224188136623741,0.410958904109589,1,365,1,1,1,1
1009,0560_c0006_020.jpg,560,5,-1,True,150,8550,0.9184890662054893,0.3787878787878788,1,396,1,1,1,1
1010,0560_c0007_000.jpg,560,6,-1,True,150,8550,0.9456070939215012,0.5703422053231939,1,263,1,1,1,1
1011,0560_c0007_005.jpg,560,6,-1,True,150,8550,0.9445830234020283,0.5747126436781609,1,261,1,1,1,1
1012,0560_c0007_010.jpg,560,6,-1,True,150,8550,0.9447128230017707,0.5703422053231939,1,263,1,1,1,1
1013,0560_c0007_015.jpg,560,6,-1,True,150,8550,0.9448226230246088,0.5769230769230769,1,260,1,1,1,1
1014,0560_c0007_020.jpg,560,6,-1,True,150,8550,0.9454661528076209,0.5791505791505791,1,259,1,1,1,1
1015,0560_c0008_000.jpg,560,7,-1,True,150,8550,0.956106841959393,0.5769230769230769,1,260,1,1,1,1
1016,0560_c0008_005.jpg,560,7,-1,True,150,8550,0.9578187373399618,0.5639097744360902,1,266,1,1,1,1
1017,0560_c0008_010.jpg,560,7,-1,True,150,8550,0.9546889211832024,0.5681818181818182,1,264,1,1,1,1
1018,0560_c0008_015.jpg,560,7,-1,True,150,8550,0.9547536161398693,0.5725190839694656,1,262,1,1,1,1
1019,0560_c0008_020.jpg,560,7,-1,True,150,8550,0.9555856484340552,0.5703422053231939,1,263,1,1,1,1
1020,0562_c0001_000.jpg,562,0,-1,True,50,8550,0.45248781324736326,0.4854368932038835,26,103,0,0,0,0
1021,0562_c0001_005.jpg,562,0,-1,True,50,8550,0.45214782161595585,0.47619047619047616,26,105,0,0,0,0
1022,0562_c0001_010.jpg,562,0,-1,True,50,8550,0.4494106343413513,0.4672897196261682,26,107,0,0,0,0
1023,0562_c0001_015.jpg,562,0,-1,True,50,8550,0.4506056632578001,0.4807692307692308,26,104,0,0,0,0
1024,0562_c0001_020.jpg,562,0,-1,True,50,8550,0.44873902671473814,0.47619047619047616,26,105,0,0,0,0
1025,0562_c0003_000.jpg,562,2,-1,True,50,8550,0.1475385846018768,0.25,112,200,0,0,0,0
1026,0562_c0003_005.jpg,562,2,-1,True,50,8550,0.14985759170975382,0.25,104,200,0,0,0,0
1027,0562_c0003_010.jpg,562,2,-1,True,50,8550,0.14781144777496535,0.25,110,200,0,0,0,0
1028,0562_c0003_015.jpg,562,2,-1,True,50,8550,0.14763752479805178,0.25,112,200,0,0,0,0
1029,0562_c0003_020.jpg,562,2,-1,True,50,8550,0.14807016369495563,0.25,110,200,0,0,0,0
1030,0562_c0005_000.jpg,562,4,-1,True,50,8550,0.34224205948301095,0.4,14,125,0,0,0,1
1031,0562_c0005_005.jpg,562,4,-1,True,50,8550,0.3747268313682292,0.4,7,125,0,0,1,1
1032,0562_c0005_010.jpg,562,4,-1,True,50,8550,0.3606957922439536,0.4,10,125,0,0,1,1
1033,0562_c0005_015.jpg,562,4,-1,True,50,8550,0.3610754285403299,0.4,9,125,0,0,1,1
1034,0562_c0005_020.jpg,562,4,-1,True,50,8550,0.43363119974028386,0.4,7,125,0,0,1,1
1035,0564_c0001_000.jpg,564,0,-1,True,150,8550,0.9849045183992151,0.3614457831325301,1,415,1,1,1,1
1036,0564_c0001_005.jpg,564,0,-1,True,150,8550,0.9886043900041348,0.4854368932038835,1,309,1,1,1,1
1037,0564_c0001_010.jpg,564,0,-1,True,150,8550,0.9845492234506732,0.3546099290780142,1,423,1,1,1,1
1038,0564_c0001_015.jpg,564,0,-1,True,150,8550,0.9828444900125336,0.2824858757062147,1,531,1,1,1,1
1039,0564_c0001_020.jpg,564,0,-1,True,150,8550,0.9851925638715081,0.36585365853658536,1,410,1,1,1,1
1040,0564_c0002_000.jpg,564,1,-1,True,150,8550,0.9895365625241883,0.5681818181818182,1,264,1,1,1,1
1041,0564_c0002_005.jpg,564,1,-1,True,150,8550,0.9651927285700825,0.5300353356890459,1,283,1,1,1,1
1042,0564_c0002_010.jpg,564,1,-1,True,150,8550,0.9735651559321415,0.5102040816326531,1,294,1,1,1,1
1043,0564_c0002_015.jpg,564,1,-1,True,150,8550,0.9859696950909269,0.49019607843137253,1,306,1,1,1,1
1044,0564_c0002_020.jpg,564,1,-1,True,150,8550,0.9595772318302583,0.5208333333333334,1,288,1,1,1,1
1045,0564_c0004_000.jpg,564,3,-1,True,150,8550,0.623164442307887,0.3303964757709251,17,454,0,0,0,1
1046,0564_c0004_005.jpg,564,3,-1,True,150,8550,0.7542708692036282,0.3171247357293869,1,473,1,1,1,1
1047,0564_c0004_010.jpg,564,3,-1,True,150,8550,0.647927965345907,0.33557046979865773,1,447,1,1,1,1
1048,0564_c0004_015.jpg,564,3,-1,True,150,8550,0.756409321163968,0.2222222222222222,1,675,1,1,1,1
1049,0564_c0004_020.jpg,564,3,-1,True,150,8550,0.7697222341351652,0.27624309392265195,1,543,1,1,1,1
1050,0564_c0005_000.jpg,564,4,-1,True,150,8550,0.9794506619273293,0.2435064935064935,1,616,1,1,1,1
1051,0564_c0005_005.jpg,564,4,-1,True,150,8550,0.9831395354811456,0.3614457831325301,1,415,1,1,1,1
1052,0564_c0005_010.jpg,564,4,-1,True,150,8550,0.9789356695035402,0.24549918166939444,1,611,1,1,1,1
1053,0564_c0005_015.jpg,564,4,-1,True,150,8550,0.9796159044758819,0.24793388429752067,1,605,1,1,1,1
1054,0564_c0005_020.jpg,564,4,-1,True,150,8550,0.9821505163269345,0.3080082135523614,1,487,1,1,1,1
1055,0564_c0006_000.jpg,564,5,-1,True,150,8550,0.9875110232293636,0.3937007874015748,1,381,1,1,1,1
1056,0564_c0006_005.jpg,564,5,-1,True,150,8550,0.9827771749331942,0.26501766784452296,1,566,1,1,1,1
1057,0564_c0006_010.jpg,564,5,-1,True,150,8550,0.9825062941430932,0.26785714285714285,1,560,1,1,1,1
1058,0564_c0006_015.jpg,564,5,-1,True,150,8550,0.9845628738707849,0.2994011976047904,1,501,1,1,1,1
1059,0564_c0006_020.jpg,564,5,-1,True,150,8550,0.987727819912881,0.42492917847025496,1,353,1,1,1,1
1060,0564_c0007_000.jpg,564,6,-1,True,150,8550,0.38702513994786447,0.1865671641791045,7,804,0,0,1,1
1061,0564_c0007_005.jpg,564,6,-1,True,150,8550,0.8868285756133122,0.6122448979591837,1,245,1,1,1,1
1062,0564_c0007_010.jpg,564,6,-1,True,150,8550,0.9376639147689356,0.6637168141592921,1,226,1,1,1,1
1063,0564_c0007_015.jpg,564,6,-1,True,150,8550,1.0,1.0,1,150,1,1,1,1
1064,0564_c0007_020.jpg,564,6,-1,True,150,8550,0.9876043040290426,0.7653061224489796,1,196,1,1,1,1
1065,0564_c0008_000.jpg,564,7,-1,True,150,8550,0.8168968544837024,0.5119453924914675,1,293,1,1,1,1
1066,0564_c0008_005.jpg,564,7,-1,True,150,8550,0.8524011955381087,0.5119453924914675,1,293,1,1,1,1
1067,0564_c0008_010.jpg,564,7,-1,True,150,8550,0.7908949178398614,0.4983388704318937,1,301,1,1,1,1
1068,0564_c0008_015.jpg,564,7,-1,True,150,8550,0.8994285039107861,0.5357142857142857,1,280,1,1,1,1
1069,0564_c0008_020.jpg,564,7,-1,True,150,8550,0.8446471099892338,0.48231511254019294,1,311,1,1,1,1
1070,0566_c0001_000.jpg,566,0,-1,True,175,8550,0.48922816163427885,0.08254716981132075,1,2120,1,1,1,1
1071,0566_c0001_005.jpg,566,0,-1,True,175,8550,0.4995277990341225,0.08235294117647059,1,2125,1,1,1,1
1072,0566_c0001_010.jpg,566,0,-1,True,175,8550,0.5301052728492264,0.09181532004197272,1,1906,1,1,1,1
1073,0566_c0001_015.jpg,566,0,-1,True,175,8550,0.4979352288345618,0.0884732052578362,1,1978,1,1,1,1
1074,0566_c0001_020.jpg,566,0,-1,True,175,8550,0.505800472515625,0.08582638548307994,1,2039,1,1,1,1
1075,0566_c0002_000.jpg,566,1,-1,True,175,8550,0.5211606740859971,0.12376237623762376,1,1414,1,1,1,1
1076,0566_c0002_005.jpg,566,1,-1,True,175,8550,0.4599816267038502,0.1,1,1750,1,1,1,1
1077,0566_c0002_010.jpg,566,1,-1,True,175,8550,0.43310359651516805,0.1158173395102581,1,1511,1,1,1,1
1078,0566_c0002_015.jpg,566,1,-1,True,175,8550,0.4203974875754714,0.11612475116124751,1,1507,1,1,1,1
1079,0566_c0002_020.jpg,566,1,-1,True,175,8550,0.3758862438808626,0.09652509652509653,1,1813,1,1,1,1
1080,0566_c0003_000.jpg,566,2,-1,True,175,8550,0.3765326935414222,0.10139049826187717,1,1726,1,1,1,1
1081,0566_c0003_005.jpg,566,2,-1,True,175,8550,0.30269303591796054,0.09378349410503752,1,1866,1,1,1,1
1082,0566_c0003_010.jpg,566,2,-1,True,175,8550,0.30849573080481646,0.09516041326808047,1,1839,1,1,1,1
1083,0566_c0003_015.jpg,566,2,-1,True,175,8550,0.3257075859161289,0.09988584474885845,1,1752,1,1,1,1
1084,0566_c0003_020.jpg,566,2,-1,True,175,8550,0.3159213954348569,0.09562841530054644,1,1830,1,1,1,1
1085,0566_c0004_000.jpg,566,3,-1,True,175,8550,0.09405823182203832,0.09138381201044386,199,1915,0,0,0,0
1086,0566_c0004_005.jpg,566,3,-1,True,175,8550,0.1251057223555102,0.11075949367088607,100,1580,0,0,0,0
1087,0566_c0004_010.jpg,566,3,-1,True,175,8550,0.1788380599043928,0.08789552988448016,38,1991,0,0,0,0
1088,0566_c0004_015.jpg,566,3,-1,True,175,8550,0.12652835627012102,0.08462282398452611,52,2068,0,0,0,0
1089,0566_c0004_020.jpg,566,3,-1,True,175,8550,0.1304132450899674,0.08684863523573201,90,2015,0,0,0,0
1090,0566_c0005_000.jpg,566,4,-1,True,175,8550,0.6351406096971495,0.1358695652173913,1,1288,1,1,1,1
1091,0566_c0005_005.jpg,566,4,-1,True,175,8550,0.5738373036503889,0.11437908496732026,1,1530,1,1,1,1
1092,0566_c0005_010.jpg,566,4,-1,True,175,8550,0.5171757676809787,0.10964912280701754,1,1596,1,1,1,1
1093,0566_c0005_015.jpg,566,4,-1,True,175,8550,0.6502572827377445,0.17623363544813697,1,993,1,1,1,1
1094,0566_c0005_020.jpg,566,4,-1,True,175,8550,0.615400990303933,0.12662807525325614,1,1382,1,1,1,1
1095,0566_c0006_000.jpg,566,5,-1,True,175,8550,0.4186893748262349,0.0983698707138842,1,1779,1,1,1,1
1096,0566_c0006_005.jpg,566,5,-1,True,175,8550,0.25815129427495015,0.08595284872298625,1,2036,1,1,1,1
1097,0566_c0006_010.jpg,566,5,-1,True,175,8550,0.3268169396150536,0.08910386965376782,1,1964,1,1,1,1
1098,0566_c0006_015.jpg,566,5,-1,True,175,8550,0.2849439016912886,0.08135750813575081,1,2151,1,1,1,1
1099,0566_c0006_020.jpg,566,5,-1,True,175,8550,0.2668396297096163,0.08139534883720931,1,2150,1,1,1,1
1100,0566_c0007_000.jpg,566,6,-1,True,175,8550,0.7004237217062124,0.35353535353535354,1,495,1,1,1,1
1101,0566_c0007_005.jpg,566,6,-1,True,175,8550,0.7254738900082035,0.35496957403651114,1,493,1,1,1,1
1102,0566_c0007_010.jpg,566,6,-1,True,175,8550,0.5885993344119308,0.27821939586645467,1,629,1,1,1,1
1103,0566_c0007_015.jpg,566,6,-1,True,175,8550,0.558985657194443,0.3125,1,560,1,1,1,1
1104,0566_c0007_020.jpg,566,6,-1,True,175,8550,0.6032839691001527,0.39149888143176736,1,447,1,1,1,1
1105,0566_c0008_000.jpg,566,7,-1,True,175,8550,0.2957949287666092,0.07282563462338744,1,2403,1,1,1,1
1106,0566_c0008_005.jpg,566,7,-1,True,175,8550,0.3310052797466166,0.07443641003828158,1,2351,1,1,1,1
1107,0566_c0008_010.jpg,566,7,-1,True,175,8550,0.42610449173999215,0.08381226053639847,1,2088,1,1,1,1
1108,0566_c0008_015.jpg,566,7,-1,True,175,8550,0.39758426526817825,0.09413663259817107,1,1859,1,1,1,1
1109,0566_c0008_020.jpg,566,7,-1,True,175,8550,0.33464403877111204,0.07285595337218984,1,2402,1,1,1,1
1110,0568_c0001_000.jpg,568,0,-1,True,50,8550,0.40796515986367693,0.10822510822510822,2,462,0,1,1,1
1111,0568_c0001_005.jpg,568,0,-1,True,50,8550,0.15882277912522422,0.10101010101010101,24,495,0,0,0,0
1112,0568_c0001_010.jpg,568,0,-1,True,50,8550,0.21949452527375501,0.1037344398340249,14,482,0,0,0,1
1113,0568_c0001_015.jpg,568,0,-1,True,50,8550,0.23257025418918365,0.117096018735363,6,427,0,0,1,1
1114,0568_c0001_020.jpg,568,0,-1,True,50,8550,0.3880743440965254,0.11574074074074074,2,432,0,1,1,1
1115,0568_c0005_000.jpg,568,4,-1,True,50,8550,0.32730119034040994,0.3401360544217687,29,147,0,0,0,0
1116,0568_c0005_005.jpg,568,4,-1,True,50,8550,0.3371659663043496,0.3968253968253968,14,126,0,0,0,1
1117,0568_c0005_010.jpg,568,4,-1,True,50,8550,0.3224153443461975,0.38461538461538464,27,130,0,0,0,0
1118,0568_c0005_015.jpg,568,4,-1,True,50,8550,0.3538176802514535,0.42735042735042733,16,117,0,0,0,1
1119,0568_c0005_020.jpg,568,4,-1,True,50,8550,0.4243721067357892,0.45045045045045046,10,111,0,0,1,1
1120,0568_c0006_000.jpg,568,5,-1,True,50,8550,0.6119335394062668,0.19157088122605365,1,261,1,1,1,1
1121,0568_c0006_005.jpg,568,5,-1,True,50,8550,0.6217564183482978,0.19305019305019305,1,259,1,1,1,1
1122,0568_c0006_010.jpg,568,5,-1,True,50,8550,0.6350097652946853,0.20161290322580644,1,248,1,1,1,1
1123,0568_c0006_015.jpg,568,5,-1,True,50,8550,0.6105379008557292,0.17667844522968199,1,283,1,1,1,1
1124,0568_c0006_020.jpg,568,5,-1,True,50,8550,0.5963602851892043,0.15527950310559005,1,322,1,1,1,1
1125,0570_c0001_000.jpg,570,0,-1,True,150,8550,0.399963959042359,0.2508361204013378,1,598,1,1,1,1
1126,0570_c0001_005.jpg,570,0,-1,True,150,8550,0.38348601748261485,0.2358490566037736,1,636,1,1,1,1
1127,0570_c0001_010.jpg,570,0,-1,True,150,8550,0.3993822904155083,0.2435064935064935,1,616,1,1,1,1
1128,0570_c0001_015.jpg,570,0,-1,True,150,8550,0.4017453701600372,0.2336448598130841,1,642,1,1,1,1
1129,0570_c0001_020.jpg,570,0,-1,True,150,8550,0.3565179436068583,0.228310502283105,1,657,1,1,1,1
1130,0570_c0002_000.jpg,570,1,-1,True,150,8550,0.6142355773446385,0.3393665158371041,1,442,1,1,1,1
1131,0570_c0002_005.jpg,570,1,-1,True,150,8550,0.47429288608224207,0.31185031185031187,10,481,0,0,1,1
1132,0570_c0002_010.jpg,570,1,-1,True,150,8550,0.5340030235736349,0.3218884120171674,1,466,1,1,1,1
1133,0570_c0002_015.jpg,570,1,-1,True,150,8550,0.5453541717027364,0.3,1,500,1,1,1,1
1134,0570_c0002_020.jpg,570,1,-1,True,150,8550,0.5733695161674789,0.29354207436399216,1,511,1,1,1,1
1135,0570_c0004_000.jpg,570,3,-1,True,150,8550,0.2679814986005093,0.25210084033613445,87,595,0,0,0,0
1136,0570_c0004_005.jpg,570,3,-1,True,150,8550,0.2740286077891499,0.3067484662576687,43,489,0,0,0,0
1137,0570_c0004_010.jpg,570,3,-1,True,150,8550,0.3172440146568785,0.3225806451612903,35,465,0,0,0,0
1138,0570_c0004_015.jpg,570,3,-1,True,150,8550,0.3742353891786371,0.32967032967032966,22,455,0,0,0,0
1139,0570_c0004_020.jpg,570,3,-1,True,150,8550,0.40864485987564175,0.2912621359223301,14,515,0,0,0,1
1140,0570_c0005_000.jpg,570,4,-1,True,150,8550,0.2637926418432058,0.19556714471968709,8,767,0,0,1,1
1141,0570_c0005_005.jpg,570,4,-1,True,150,8550,0.2266631751805584,0.1728110599078341,42,868,0,0,0,0
1142,0570_c0005_010.jpg,570,4,-1,True,150,8550,0.2172270675073831,0.17772511848341233,45,844,0,0,0,0
1143,0570_c0005_015.jpg,570,4,-1,True,150,8550,0.22326324530679542,0.205761316872428,42,729,0,0,0,0
1144,0570_c0005_020.jpg,570,4,-1,True,150,8550,0.17316649030705175,0.14534883720930233,48,1032,0,0,0,0
1145,0570_c0006_000.jpg,570,5,-1,True,150,8550,0.12374643029822832,0.15873015873015872,146,945,0,0,0,0
1146,0570_c0006_005.jpg,570,5,-1,True,150,8550,0.11713510528367738,0.11867088607594936,95,1264,0,0,0,0
1147,0570_c0006_010.jpg,570,5,-1,True,150,8550,0.1300159452105951,0.15673981191222572,135,957,0,0,0,0
1148,0570_c0006_015.jpg,570,5,-1,True,150,8550,0.11018466760442529,0.1497005988023952,240,1002,0,0,0,0
1149,0570_c0006_020.jpg,570,5,-1,True,150,8550,0.14747940569409299,0.19455252918287938,131,771,0,0,0,0
1150,0570_c0007_000.jpg,570,6,-1,True,150,8550,0.4433567213116942,0.3067484662576687,35,489,0,0,0,0
1151,0570_c0007_005.jpg,570,6,-1,True,150,8550,0.44233150733943577,0.24958402662229617,27,601,0,0,0,0
1152,0570_c0007_010.jpg,570,6,-1,True,150,8550,0.42539459870834767,0.22156573116691286,26,677,0,0,0,0
1153,0570_c0007_015.jpg,570,6,-1,True,150,8550,0.4535038285764756,0.26455026455026454,26,567,0,0,0,0
1154,0570_c0007_020.jpg,570,6,-1,True,150,8550,0.4354998665838402,0.21306818181818182,26,704,0,0,0,0
1155,0570_c0008_000.jpg,570,7,-1,True,150,8550,0.45637774357626465,0.2782931354359926,1,539,1,1,1,1
1156,0570_c0008_005.jpg,570,7,-1,True,150,8550,0.4403157356943615,0.3024193548387097,1,496,1,1,1,1
1157,0570_c0008_010.jpg,570,7,-1,True,150,8550,0.480920559973693,0.3125,1,480,1,1,1,1
1158,0570_c0008_015.jpg,570,7,-1,True,150,8550,0.48534303781563276,0.3225806451612903,1,465,1,1,1,1
1159,0570_c0008_020.jpg,570,7,-1,True,150,8550,0.44632190479729766,0.2640845070422535,1,568,1,1,1,1
1160,0572_c0001_000.jpg,572,0,-1,True,175,8550,0.7457653265356862,0.43209876543209874,1,405,1,1,1,1
1161,0572_c0001_005.jpg,572,0,-1,True,175,8550,0.7456182052867903,0.42997542997543,1,407,1,1,1,1
1162,0572_c0001_010.jpg,572,0,-1,True,175,8550,0.6999106721723872,0.3064798598949212,1,571,1,1,1,1
1163,0572_c0001_015.jpg,572,0,-1,True,175,8550,0.7273609237098297,0.3424657534246575,1,511,1,1,1,1
1164,0572_c0001_020.jpg,572,0,-1,True,175,8550,0.7437755281473312,0.43424317617866004,1,403,1,1,1,1
1165,0572_c0002_000.jpg,572,1,-1,True,175,8550,0.6676607091951454,0.1783893985728848,1,981,1,1,1,1
1166,0572_c0002_005.jpg,572,1,-1,True,175,8550,0.6764454831405466,0.18059855521155832,1,969,1,1,1,1
1167,0572_c0002_010.jpg,572,1,-1,True,175,8550,0.6480936288045557,0.15996343692870202,1,1094,1,1,1,1
1168,0572_c0002_015.jpg,572,1,-1,True,175,8550,0.6158243232943446,0.14344262295081966,1,1220,1,1,1,1
1169,0572_c0002_020.jpg,572,1,-1,True,175,8550,0.618149193627101,0.13801261829652997,1,1268,1,1,1,1
1170,0572_c0003_000.jpg,572,2,-1,True,175,8550,0.6864044568447307,0.2503576537911302,1,699,1,1,1,1
1171,0572_c0003_005.jpg,572,2,-1,True,175,8550,0.7285902842985892,0.277337559429477,1,631,1,1,1,1
1172,0572_c0003_010.jpg,572,2,-1,True,175,8550,0.6910671039012183,0.2266839378238342,1,772,1,1,1,1
1173,0572_c0003_015.jpg,572,2,-1,True,175,8550,0.6638056344429005,0.212636695018226,1,823,1,1,1,1
1174,0572_c0003_020.jpg,572,2,-1,True,175,8550,0.6494436567727518,0.23240371845949534,1,753,1,1,1,1
1175,0572_c0004_000.jpg,572,3,-1,True,175,8550,0.37468586327253317,0.3630705394190871,29,482,0,0,0,0
1176,0572_c0004_005.jpg,572,3,-1,True,175,8550,0.3675367827091845,0.3653444676409186,26,479,0,0,0,0
1177,0572_c0004_010.jpg,572,3,-1,True,175,8550,0.37081387300499125,0.35714285714285715,26,490,0,0,0,0
1178,0572_c0004_015.jpg,572,3,-1,True,175,8550,0.39481597888385805,0.36610878661087864,26,478,0,0,0,0
1179,0572_c0004_020.jpg,572,3,-1,True,175,8550,0.39423739064928776,0.3653444676409186,27,479,0,0,0,0
1180,0572_c0005_000.jpg,572,4,-1,True,175,8550,0.756254587663085,0.3763440860215054,1,465,1,1,1,1
1181,0572_c0005_005.jpg,572,4,-1,True,175,8550,0.7124876557411763,0.5028735632183908,1,348,1,1,1,1
1182,0572_c0005_010.jpg,572,4,-1,True,175,8550,0.6283507997654549,0.4605263157894737,1,380,1,1,1,1
1183,0572_c0005_015.jpg,572,4,-1,True,175,8550,0.6679608193022057,0.4557291666666667,1,384,1,1,1,1
1184,0572_c0005_020.jpg,572,4,-1,True,175,8550,0.7344673071414419,0.46296296296296297,1,378,1,1,1,1
1185,0572_c0006_000.jpg,572,5,-1,True,175,8550,0.4308553795461662,0.15765765765765766,1,1110,1,1,1,1
1186,0572_c0006_005.jpg,572,5,-1,True,175,8550,0.46196356083306717,0.17430278884462153,1,1004,1,1,1,1
1187,0572_c0006_010.jpg,572,5,-1,True,175,8550,0.4581167588443012,0.15391380826737028,1,1137,1,1,1,1
1188,0572_c0006_015.jpg,572,5,-1,True,175,8550,0.4145402231680839,0.1363990646921278,1,1283,1,1,1,1
1189,0572_c0006_020.jpg,572,5,-1,True,175,8550,0.38311655853836757,0.10599636583888553,1,1651,1,1,1,1
1190,0572_c0007_000.jpg,572,6,-1,True,175,8550,0.8151182604803171,0.3314393939393939,1,528,1,1,1,1
1191,0572_c0007_005.jpg,572,6,-1,True,175,8550,0.8397085183684014,0.38802660753880264,1,451,1,1,1,1
1192,0572_c0007_010.jpg,572,6,-1,True,175,8550,0.8309208389537801,0.36082474226804123,1,485,1,1,1,1
1193,0572_c0007_015.jpg,572,6,-1,True,175,8550,0.8083894005189391,0.3141831238779174,1,557,1,1,1,1
1194,0572_c0007_020.jpg,572,6,-1,True,175,8550,0.8099317581222525,0.30918727915194344,1,566,1,1,1,1
1195,0572_c0008_000.jpg,572,7,-1,True,175,8550,0.268050426157166,0.09143155694879833,2,1914,0,1,1,1
1196,0572_c0008_005.jpg,572,7,-1,True,175,8550,0.23656219740043188,0.1042287075640262,24,1679,0,0,0,0
1197,0572_c0008_010.jpg,572,7,-1,True,175,8550,0.23442724163599224,0.08874239350912778,16,1972,0,0,0,1
1198,0572_c0008_015.jpg,572,7,-1,True,175,8550,0.22267762325837975,0.09495387954422138,26,1843,0,0,0,0
1199,0572_c0008_020.jpg,572,7,-1,True,175,8550,0.2046558943870211,0.0920568122041031,28,1901,0,0,0,0
1200,0574_c0001_000.jpg,574,0,-1,True,150,8550,0.32234511357573714,0.04953764861294584,1,3028,1,1,1,1
1201,0574_c0001_005.jpg,574,0,-1,True,150,8550,0.34506135064186433,0.0583203732503888,1,2572,1,1,1,1
1202,0574_c0001_010.jpg,574,0,-1,True,150,8550,0.5296412057823122,0.13054830287206268,1,1149,1,1,1,1
1203,0574_c0001_015.jpg,574,0,-1,True,150,8550,0.3993447050572242,0.1141552511415525,1,1314,1,1,1,1
1204,0574_c0001_020.jpg,574,0,-1,True,150,8550,0.33640312451822413,0.066815144766147,1,2245,1,1,1,1
1205,0574_c0002_000.jpg,574,1,-1,True,150,8550,0.4509856452879662,0.10893246187363835,1,1377,1,1,1,1
1206,0574_c0002_005.jpg,574,1,-1,True,150,8550,0.48939414806952697,0.11746280344557557,1,1277,1,1,1,1
1207,0574_c0002_010.jpg,574,1,-1,True,150,8550,0.5361582523899834,0.15228426395939088,1,985,1,1,1,1
1208,0574_c0002_015.jpg,574,1,-1,True,150,8550,0.5528941102731845,0.18450184501845018,1,813,1,1,1,1
1209,0574_c0002_020.jpg,574,1,-1,True,150,8550,0.5820421998222601,0.19035532994923857,1,788,1,1,1,1
1210,0574_c0003_000.jpg,574,2,-1,True,150,8550,0.3704863720825299,0.379746835443038,26,395,0,0,0,0
1211,0574_c0003_005.jpg,574,2,-1,True,150,8550,0.3549566143819525,0.3856041131105398,27,389,0,0,0,0
1212,0574_c0003_010.jpg,574,2,-1,True,150,8550,0.33898224228783796,0.37037037037037035,25,405,0,0,0,0
1213,0574_c0003_015.jpg,574,2,-1,True,150,8550,0.357637086516337,0.375,1,400,1,1,1,1
1214,0574_c0003_020.jpg,574,2,-1,True,150,8550,0.3263540609240913,0.3401360544217687,18,441,0,0,0,1
1215,0574_c0004_000.jpg,574,3,-1,True,150,8550,0.4739489083398894,0.35294117647058826,1,425,1,1,1,1
1216,0574_c0004_005.jpg,574,3,-1,True,150,8550,0.4357825227466378,0.38461538461538464,1,390,1,1,1,1
1217,0574_c0004_010.jpg,574,3,-1,True,150,8550,0.44562877693298103,0.3865979381443299,1,388,1,1,1,1
1218,0574_c0004_015.jpg,574,3,-1,True,150,8550,0.5068116476126948,0.4225352112676056,1,355,1,1,1,1
1219,0574_c0004_020.jpg,574,3,-1,True,150,8550,0.4220764876814268,0.3978779840848806,1,377,1,1,1,1
1220,0574_c0005_000.jpg,574,4,-1,True,150,8550,0.12080979347434083,0.03268685988232731,11,4589,0,0,0,1
1221,0574_c0005_005.jpg,574,4,-1,True,150,8550,0.14964850591658707,0.03923620193565263,6,3823,0,0,1,1
1222,0574_c0005_010.jpg,574,4,-1,True,150,8550,0.18419166610303764,0.03926701570680628,5,3820,0,1,1,1
1223,0574_c0005_015.jpg,574,4,-1,True,150,8550,0.17324913521488924,0.03841229193341869,7,3905,0,0,1,1
1224,0574_c0005_020.jpg,574,4,-1,True,150,8550,0.1689769786528699,0.038679731820526045,9,3878,0,0,1,1
1225,0574_c0006_000.jpg,574,5,-1,True,150,8550,0.5648780085719024,0.2912621359223301,1,515,1,1,1,1
1226,0574_c0006_005.jpg,574,5,-1,True,150,8550,0.5618254218710258,0.2912621359223301,1,515,1,1,1,1
1227,0574_c0006_010.jpg,574,5,-1,True,150,8550,0.5700715780456016,0.2918287937743191,1,514,1,1,1,1
1228,0574_c0006_015.jpg,574,5,-1,True,150,8550,0.6202938276368093,0.3073770491803279,1,488,1,1,1,1
1229,0574_c0006_020.jpg,574,5,-1,True,150,8550,0.5947784229797582,0.31512605042016806,1,476,1,1,1,1
1230,0574_c0008_000.jpg,574,7,-1,True,150,8550,0.5714079019387894,0.16759776536312848,1,895,1,1,1,1
1231,0574_c0008_005.jpg,574,7,-1,True,150,8550,0.5483129369705971,0.10676156583629894,1,1405,1,1,1,1
1232,0574_c0008_010.jpg,574,7,-1,True,150,8550,0.541227739604192,0.12658227848101267,1,1185,1,1,1,1
1233,0574_c0008_015.jpg,574,7,-1,True,150,8550,0.5375435810201492,0.13020833333333334,1,1152,1,1,1,1
1234,0574_c0008_020.jpg,574,7,-1,True,150,8550,0.5471227182184463,0.14258555133079848,1,1052,1,1,1,1
1235,0576_c0001_000.jpg,576,0,-1,True,150,8550,0.21501126814625962,0.19430051813471502,27,772,0,0,0,0
1236,0576_c0001_005.jpg,576,0,-1,True,150,8550,0.16865584413978316,0.14705882352941177,68,1020,0,0,0,0
1237,0576_c0001_010.jpg,576,0,-1,True,150,8550,0.17625965654513776,0.15544041450777202,26,965,0,0,0,0
1238,0576_c0001_015.jpg,576,0,-1,True,150,8550,0.1580636797519324,0.1392757660167131,27,1077,0,0,0,0
1239,0576_c0001_020.jpg,576,0,-1,True,150,8550,0.18927940244228003,0.1611170784103115,26,931,0,0,0,0
1240,0576_c0002_000.jpg,576,1,-1,True,150,8550,0.5490379826718257,0.2717391304347826,1,552,1,1,1,1
1241,0576_c0002_005.jpg,576,1,-1,True,150,8550,0.486093615694287,0.23547880690737832,1,637,1,1,1,1
1242,0576_c0002_010.jpg,576,1,-1,True,150,8550,0.3310863611496357,0.26223776223776224,14,572,0,0,0,1
1243,0576_c0002_015.jpg,576,1,-1,True,150,8550,0.25349858519846474,0.23400936037441497,12,641,0,0,0,1
1244,0576_c0002_020.jpg,576,1,-1,True,150,8550,0.19923409259915187,0.16930022573363432,22,886,0,0,0,0
1245,0576_c0003_000.jpg,576,2,-1,True,150,8550,0.6257533661415922,0.30927835051546393,1,485,1,1,1,1
1246,0576_c0003_005.jpg,576,2,-1,True,150,8550,0.7401435469007489,0.3605769230769231,1,416,1,1,1,1
1247,0576_c0003_010.jpg,576,2,-1,True,150,8550,0.6418352900647603,0.3112033195020747,1,482,1,1,1,1
1248,0576_c0003_015.jpg,576,2,-1,True,150,8550,0.6011069387135374,0.31645569620253167,1,474,1,1,1,1
1249,0576_c0003_020.jpg,576,2,-1,True,150,8550,0.6347217468169911,0.32119914346895073,1,467,1,1,1,1
1250,0576_c0004_000.jpg,576,3,-1,True,150,8550,0.80426959415058,0.4166666666666667,1,360,1,1,1,1
1251,0576_c0004_005.jpg,576,3,-1,True,150,8550,0.7161768330414522,0.35799522673031026,1,419,1,1,1,1
1252,0576_c0004_010.jpg,576,3,-1,True,150,8550,0.815842291285514,0.4672897196261682,1,321,1,1,1,1
1253,0576_c0004_015.jpg,576,3,-1,True,150,8550,0.775221946951044,0.3865979381443299,1,388,1,1,1,1
1254,0576_c0004_020.jpg,576,3,-1,True,150,8550,0.7474452326930199,0.35714285714285715,1,420,1,1,1,1
1255,0576_c0005_000.jpg,576,4,-1,True,150,8550,0.9492623136150665,0.6880733944954128,1,218,1,1,1,1
1256,0576_c0005_005.jpg,576,4,-1,True,150,8550,0.9456668205307278,0.7009345794392523,1,214,1,1,1,1
1257,0576_c0005_010.jpg,576,4,-1,True,150,8550,0.9174991777958242,0.6224066390041494,1,241,1,1,1,1
1258,0576_c0005_015.jpg,576,4,-1,True,150,8550,0.9166229234915723,0.6276150627615062,1,239,1,1,1,1
1259,0576_c0005_020.jpg,576,4,-1,True,150,8550,0.8044509545065904,0.44776119402985076,1,335,1,1,1,1
1260,0576_c0006_000.jpg,576,5,-1,True,150,8550,0.7953903996899097,0.37037037037037035,1,405,1,1,1,1
1261,0576_c0006_005.jpg,576,5,-1,True,150,8550,0.6493372137087302,0.3409090909090909,1,440,1,1,1,1
1262,0576_c0006_010.jpg,576,5,-1,True,150,8550,0.7467703792869027,0.39267015706806285,1,382,1,1,1,1
1263,0576_c0006_015.jpg,576,5,-1,True,150,8550,0.750148334835788,0.36585365853658536,1,410,1,1,1,1
1264,0576_c0006_020.jpg,576,5,-1,True,150,8550,0.6962956197703013,0.33112582781456956,1,453,1,1,1,1
1265,0576_c0007_000.jpg,576,6,-1,True,150,8550,0.688857788923567,0.2830188679245283,1,530,1,1,1,1
1266,0576_c0007_005.jpg,576,6,-1,True,150,8550,0.7788663097776807,0.30425963488843816,1,493,1,1,1,1
1267,0576_c0007_010.jpg,576,6,-1,True,150,8550,0.8085299543641753,0.3218884120171674,1,466,1,1,1,1
1268,0576_c0007_015.jpg,576,6,-1,True,150,8550,0.8326697772458217,0.32894736842105265,1,456,1,1,1,1
1269,0576_c0007_020.jpg,576,6,-1,True,150,8550,0.8479523083745129,0.3488372093023256,1,430,1,1,1,1
1270,0578_c0001_000.jpg,578,0,-1,True,175,8550,0.39811818099485957,0.3556910569105691,26,492,0,0,0,0
1271,0578_c0001_005.jpg,578,0,-1,True,175,8550,0.3752517906159756,0.3528225806451613,26,496,0,0,0,0
1272,0578_c0001_010.jpg,578,0,-1,True,175,8550,0.372744528866501,0.3514056224899598,26,498,0,0,0,0
1273,0578_c0001_015.jpg,578,0,-1,True,175,8550,0.3700677820515401,0.34860557768924305,26,502,0,0,0,0
1274,0578_c0001_020.jpg,578,0,-1,True,175,8550,0.3870974926108209,0.37154989384288745,26,471,0,0,0,0
1275,0578_c0002_000.jpg,578,1,-1,True,175,8550,0.17901972436424665,0.23744911804613297,122,737,0,0,0,0
1276,0578_c0002_005.jpg,578,1,-1,True,175,8550,0.18757842114735063,0.2468265162200282,113,709,0,0,0,0
1277,0578_c0002_010.jpg,578,1,-1,True,175,8550,0.19695528024694187,0.2588757396449704,102,676,0,0,0,0
1278,0578_c0002_015.jpg,578,1,-1,True,175,8550,0.19703836100098368,0.25547445255474455,99,685,0,0,0,0
1279,0578_c0002_020.jpg,578,1,-1,True,175,8550,0.19684700478499922,0.2547307132459971,100,687,0,0,0,0
1280,0578_c0003_000.jpg,578,2,-1,True,175,8550,0.41683182657353884,0.3771551724137931,1,464,1,1,1,1
1281,0578_c0003_005.jpg,578,2,-1,True,175,8550,0.34999683128271125,0.40792540792540793,20,429,0,0,0,1
1282,0578_c0003_010.jpg,578,2,-1,True,175,8550,0.4406799279521221,0.4013761467889908,1,436,1,1,1,1
1283,0578_c0003_015.jpg,578,2,-1,True,175,8550,0.4462330491922301,0.38461538461538464,1,455,1,1,1,1
1284,0578_c0003_020.jpg,578,2,-1,True,175,8550,0.43223872760863435,0.41371158392434987,1,423,1,1,1,1
1285,0578_c0004_000.jpg,578,3,-1,True,175,8550,0.4435048298773057,0.30809859154929575,1,568,1,1,1,1
1286,0578_c0004_005.jpg,578,3,-1,True,175,8550,0.39864202391489384,0.341796875,2,512,0,1,1,1
1287,0578_c0004_010.jpg,578,3,-1,True,175,8550,0.3989553579913562,0.3246753246753247,1,539,1,1,1,1
1288,0578_c0004_015.jpg,578,3,-1,True,175,8550,0.3852419063189492,0.2966101694915254,1,590,1,1,1,1
1289,0578_c0004_020.jpg,578,3,-1,True,175,8550,0.37407234149428736,0.35070140280561124,2,499,0,1,1,1
1290,0578_c0005_000.jpg,578,4,-1,True,175,8550,0.4267821408693489,0.3854625550660793,52,454,0,0,0,0
1291,0578_c0005_005.jpg,578,4,-1,True,175,8550,0.3962070250216599,0.32407407407407407,53,540,0,0,0,0
1292,0578_c0005_010.jpg,578,4,-1,True,175,8550,0.3689406416605757,0.28317152103559873,44,618,0,0,0,0
1293,0578_c0005_015.jpg,578,4,-1,True,175,8550,0.3597532395038249,0.277337559429477,36,631,0,0,0,0
1294,0578_c0005_020.jpg,578,4,-1,True,175,8550,0.3402652074860551,0.2717391304347826,44,644,0,0,0,0
1295,0578_c0006_000.jpg,578,5,-1,True,175,8550,0.38409073202791977,0.341130604288499,39,513,0,0,0,0
1296,0578_c0006_005.jpg,578,5,-1,True,175,8550,0.42872132704480254,0.4227053140096618,35,414,0,0,0,0
1297,0578_c0006_010.jpg,578,5,-1,True,175,8550,0.4242834525956664,0.3995433789954338,41,438,0,0,0,0
1298,0578_c0006_015.jpg,578,5,-1,True,175,8550,0.4393420001581883,0.44080604534005036,51,397,0,0,0,0
1299,0578_c0006_020.jpg,578,5,-1,True,175,8550,0.4245752136562321,0.4166666666666667,50,420,0,0,0,0
1300,0578_c0007_000.jpg,578,6,-1,True,175,8550,0.5015984375762995,0.37393162393162394,1,468,1,1,1,1
1301,0578_c0007_005.jpg,578,6,-1,True,175,8550,0.4712779252255041,0.43640897755610975,1,401,1,1,1,1
1302,0578_c0007_010.jpg,578,6,-1,True,175,8550,0.4784018020345715,0.41371158392434987,1,423,1,1,1,1
1303,0578_c0007_015.jpg,578,6,-1,True,175,8550,0.5058993203961062,0.3699788583509514,1,473,1,1,1,1
1304,0578_c0007_020.jpg,578,6,-1,True,175,8550,0.5042511644331319,0.39592760180995473,1,442,1,1,1,1
1305,0578_c0008_000.jpg,578,7,-1,True,175,8550,0.49543386408844853,0.33396946564885494,1,524,1,1,1,1
1306,0578_c0008_005.jpg,578,7,-1,True,175,8550,0.4898744138867651,0.33396946564885494,1,524,1,1,1,1
1307,0578_c0008_010.jpg,578,7,-1,True,175,8550,0.48079911198733305,0.33269961977186313,1,526,1,1,1,1
1308,0578_c0008_015.jpg,578,7,-1,True,175,8550,0.4821069647695617,0.33269961977186313,1,526,1,1,1,1
1309,0578_c0008_020.jpg,578,7,-1,True,175,8550,0.49859063772379986,0.33396946564885494,1,524,1,1,1,1
1310,0580_c0001_000.jpg,580,0,-1,True,175,8550,0.18237524451354598,0.07285595337218984,26,2402,0,0,0,0
1311,0580_c0001_005.jpg,580,0,-1,True,175,8550,0.17710549836673384,0.07936507936507936,26,2205,0,0,0,0
1312,0580_c0001_010.jpg,580,0,-1,True,175,8550,0.15532574017900377,0.0815090824406148,11,2147,0,0,0,1
1313,0580_c0001_015.jpg,580,0,-1,True,175,8550,0.15635249309349783,0.08405379442843419,9,2082,0,0,1,1
1314,0580_c0001_020.jpg,580,0,-1,True,175,8550,0.18789191668613592,0.09283819628647215,2,1885,0,1,1,1
1315,0580_c0002_000.jpg,580,1,-1,True,175,8550,0.1328415807921216,0.07465870307167236,118,2344,0,0,0,0
1316,0580_c0002_005.jpg,580,1,-1,True,175,8550,0.1499962913272864,0.06825273010920437,27,2564,0,0,0,0
1317,0580_c0002_010.jpg,580,1,-1,True,175,8550,0.14415243147520598,0.06245538900785153,11,2802,0,0,0,1
1318,0580_c0002_015.jpg,580,1,-1,True,175,8550,0.1461885699096765,0.0711671411142741,19,2459,0,0,0,1
1319,0580_c0002_020.jpg,580,1,-1,True,175,8550,0.1584742373947419,0.07408975444538526,44,2362,0,0,0,0
1320,0580_c0003_000.jpg,580,2,-1,True,175,8550,0.07978845116005667,0.060574593284873655,227,2889,0,0,0,0
1321,0580_c0003_005.jpg,580,2,-1,True,175,8550,0.10160266237296318,0.06359011627906977,135,2752,0,0,0,0
1322,0580_c0003_010.jpg,580,2,-1,True,175,8550,0.07815318102131345,0.059503570214212854,207,2941,0,0,0,0
1323,0580_c0003_015.jpg,580,2,-1,True,175,8550,0.08436328457351865,0.058922558922558925,144,2970,0,0,0,0
1324,0580_c0003_020.jpg,580,2,-1,True,175,8550,0.09037235025070632,0.061210213361315144,159,2859,0,0,0,0
1325,0580_c0004_000.jpg,580,3,-1,True,175,8550,0.4986942240093752,0.22321428571428573,3,784,0,1,1,1
1326,0580_c0004_005.jpg,580,3,-1,True,175,8550,0.5141529409812772,0.2348993288590604,2,745,0,1,1,1
1327,0580_c0004_010.jpg,580,3,-1,True,175,8550,0.5182940504337228,0.2492877492877493,3,702,0,1,1,1
1328,0580_c0004_015.jpg,580,3,-1,True,175,8550,0.5066609479526619,0.2547307132459971,3,687,0,1,1,1
1329,0580_c0004_020.jpg,580,3,-1,True,175,8550,0.5187940198102448,0.2517985611510791,3,695,0,1,1,1
1330,0580_c0005_000.jpg,580,4,-1,True,175,8550,0.2574610928701318,0.16055045871559634,2,1090,0,1,1,1
1331,0580_c0005_005.jpg,580,4,-1,True,175,8550,0.23856200253070184,0.18134715025906736,7,965,0,0,1,1
1332,0580_c0005_010.jpg,580,4,-1,True,175,8550,0.260272958569809,0.1715686274509804,7,1020,0,0,1,1
1333,0580_c0005_015.jpg,580,4,-1,True,175,8550,0.2769798489586401,0.18248175182481752,3,959,0,1,1,1
1334,0580_c0005_020.jpg,580,4,-1,True,175,8550,0.25421414936839004,0.1780264496439471,3,983,0,1,1,1
1335,0580_c0006_000.jpg,580,5,-1,True,175,8550,0.3073565692471699,0.1370399373531715,1,1277,1,1,1,1
1336,0580_c0006_005.jpg,580,5,-1,True,175,8550,0.2872110862867222,0.13440860215053763,7,1302,0,0,1,1
1337,0580_c0006_010.jpg,580,5,-1,True,175,8550,0.26450550167305514,0.12127512127512127,23,1443,0,0,0,0
1338,0580_c0006_015.jpg,580,5,-1,True,175,8550,0.2862415356773353,0.11904761904761904,4,1470,0,1,1,1
1339,0580_c0006_020.jpg,580,5,-1,True,175,8550,0.28811049370600983,0.13167795334838225,17,1329,0,0,0,1
1340,0580_c0007_000.jpg,580,6,-1,True,175,8550,0.3469317498992821,0.07621951219512195,3,2296,0,1,1,1
1341,0580_c0007_005.jpg,580,6,-1,True,175,8550,0.30941920533175327,0.07099391480730223,26,2465,0,0,0,0
1342,0580_c0007_010.jpg,580,6,-1,True,175,8550,0.34377800836217887,0.07582322357019064,15,2308,0,0,0,1
1343,0580_c0007_015.jpg,580,6,-1,True,175,8550,0.35492808559032274,0.0845819236346061,12,2069,0,0,0,1
1344,0580_c0007_020.jpg,580,6,-1,True,175,8550,0.34976671515977525,0.07879333633498424,16,2221,0,0,0,1
1345,0580_c0008_000.jpg,580,7,-1,True,175,8550,0.46440126527521247,0.12589928057553956,1,1390,1,1,1,1
1346,0580_c0008_005.jpg,580,7,-1,True,175,8550,0.4850471928982532,0.11304909560723514,1,1548,1,1,1,1
1347,0580_c0008_010.jpg,580,7,-1,True,175,8550,0.40156061442575636,0.12858192505510654,20,1361,0,0,0,1
1348,0580_c0008_015.jpg,580,7,-1,True,175,8550,0.44813981794708313,0.12727272727272726,1,1375,1,1,1,1
1349,0580_c0008_020.jpg,580,7,-1,True,175,8550,0.3871620682546043,0.12272089761570827,14,1426,0,0,0,1
1350,0582_c0001_000.jpg,582,0,-1,True,175,8550,0.612944081507026,0.19001085776330076,10,921,0,0,1,1
1351,0582_c0001_005.jpg,582,0,-1,True,175,8550,0.6380444754590296,0.3054101221640489,2,573,0,1,1,1
1352,0582_c0001_010.jpg,582,0,-1,True,175,8550,0.786510487254712,0.3246753246753247,1,539,1,1,1,1
1353,0582_c0001_015.jpg,582,0,-1,True,175,8550,0.5909127040360194,0.28180354267310787,4,621,0,1,1,1
1354,0582_c0001_020.jpg,582,0,-1,True,175,8550,0.8265617790663647,0.2883031301482702,1,607,1,1,1,1
1355,0582_c0002_000.jpg,582,1,-1,True,175,8550,0.29113274532743166,0.0720164609053498,1,2430,1,1,1,1
1356,0582_c0002_005.jpg,582,1,-1,True,175,8550,0.2772214622427475,0.0622997508009968,1,2809,1,1,1,1
1357,0582_c0002_010.jpg,582,1,-1,True,175,8550,0.36157404014620576,0.07598784194528875,1,2303,1,1,1,1
1358,0582_c0002_015.jpg,582,1,-1,True,175,8550,0.4935257830076536,0.0948509485094851,1,1845,1,1,1,1
1359,0582_c0002_020.jpg,582,1,-1,True,175,8550,0.446109073880297,0.0938337801608579,1,1865,1,1,1,1
1360,0582_c0003_000.jpg,582,2,-1,True,175,8550,0.20986899608110224,0.10903426791277258,12,1605,0,0,0,1
1361,0582_c0003_005.jpg,582,2,-1,True,175,8550,0.17548227092563848,0.10080645161290322,28,1736,0,0,0,0
1362,0582_c0003_010.jpg,582,2,-1,True,175,8550,0.21266586902864376,0.11104060913705584,16,1576,0,0,0,1
1363,0582_c0003_015.jpg,582,2,-1,True,175,8550,0.23051338563951443,0.11210762331838565,11,1561,0,0,0,1
1364,0582_c0003_020.jpg,582,2,-1,True,175,8550,0.21484696558944416,0.11254019292604502,13,1555,0,0,0,1
1365,0582_c0004_000.jpg,582,3,-1,True,175,8550,0.4250796758446279,0.1953125,6,896,0,0,1,1
1366,0582_c0004_005.jpg,582,3,-1,True,175,8550,0.46706208190590703,0.18716577540106952,8,935,0,0,1,1
1367,0582_c0004_010.jpg,582,3,-1,True,175,8550,0.41552910979130103,0.20091848450057406,6,871,0,0,1,1
1368,0582_c0004_015.jpg,582,3,-1,True,175,8550,0.4010562831347945,0.18959913326110509,8,923,0,0,1,1
1369,0582_c0004_020.jpg,582,3,-1,True,175,8550,0.4213047352249162,0.1997716894977169,5,876,0,1,1,1
1370,0582_c0005_000.jpg,582,4,-1,True,175,8550,0.7905300393873212,0.24441340782122906,1,716,1,1,1,1
1371,0582_c0005_005.jpg,582,4,-1,True,175,8550,0.7792698303231638,0.21929824561403508,1,798,1,1,1,1
1372,0582_c0005_010.jpg,582,4,-1,True,175,8550,0.799078951000384,0.24893314366998578,1,703,1,1,1,1
1373,0582_c0005_015.jpg,582,4,-1,True,175,8550,0.7892502221894211,0.2543604651162791,1,688,1,1,1,1
1374,0582_c0005_020.jpg,582,4,-1,True,175,8550,0.7836189960362845,0.2217997465145754,1,789,1,1,1,1
1375,0582_c0006_000.jpg,582,5,-1,True,175,8550,0.2745874156637178,0.12915129151291513,1,1355,1,1,1,1
1376,0582_c0006_005.jpg,582,5,-1,True,175,8550,0.32790511940377925,0.1647834274952919,1,1062,1,1,1,1
1377,0582_c0006_010.jpg,582,5,-1,True,175,8550,0.34238154432210505,0.14498757249378624,1,1207,1,1,1,1
1378,0582_c0006_015.jpg,582,5,-1,True,175,8550,0.29975815931115446,0.1393312101910828,1,1256,1,1,1,1
1379,0582_c0006_020.jpg,582,5,-1,True,175,8550,0.27709463843304155,0.1201923076923077,1,1456,1,1,1,1
1380,0582_c0007_000.jpg,582,6,-1,True,175,8550,0.8020174195490348,0.5116959064327485,1,342,1,1,1,1
1381,0582_c0007_005.jpg,582,6,-1,True,175,8550,0.8793791969267961,0.4943502824858757,1,354,1,1,1,1
1382,0582_c0007_010.jpg,582,6,-1,True,175,8550,0.8599738744465785,0.5833333333333334,1,300,1,1,1,1
1383,0582_c0007_015.jpg,582,6,-1,True,175,8550,0.841659354874609,0.550314465408805,1,318,1,1,1,1
1384,0582_c0007_020.jpg,582,6,-1,True,175,8550,0.8572897116515394,0.5303030303030303,1,330,1,1,1,1
1385,0582_c0008_000.jpg,582,7,-1,True,175,8550,0.7611829371841409,0.2229299363057325,1,785,1,1,1,1
1386,0582_c0008_005.jpg,582,7,-1,True,175,8550,0.7674799486045133,0.2147239263803681,1,815,1,1,1,1
1387,0582_c0008_010.jpg,582,7,-1,True,175,8550,0.7629980875056995,0.24787535410764872,1,706,1,1,1,1
1388,0582_c0008_015.jpg,582,7,-1,True,175,8550,0.7600380335803181,0.22697795071335927,1,771,1,1,1,1
1389,0582_c0008_020.jpg,582,7,-1,True,175,8550,0.761832569215267,0.2327127659574468,1,752,1,1,1,1
1390,0584_c0001_000.jpg,584,0,-1,True,175,8550,0.4134068963538495,0.26717557251908397,1,655,1,1,1,1
1391,0584_c0001_005.jpg,584,0,-1,True,175,8550,0.21902380303001628,0.16447368421052633,45,1064,0,0,0,0
1392,0584_c0001_010.jpg,584,0,-1,True,175,8550,0.3567222637792914,0.20184544405997693,13,867,0,0,0,1
1393,0584_c0001_015.jpg,584,0,-1,True,175,8550,0.3542630216227156,0.23427041499330656,12,747,0,0,0,1
1394,0584_c0001_020.jpg,584,0,-1,True,175,8550,0.5497417125570775,0.28135048231511256,1,622,1,1,1,1
1395,0584_c0002_000.jpg,584,1,-1,True,175,8550,0.697828917590039,0.06542056074766354,1,2675,1,1,1,1
1396,0584_c0002_005.jpg,584,1,-1,True,175,8550,0.6878930455570191,0.06342877854295034,1,2759,1,1,1,1
1397,0584_c0002_010.jpg,584,1,-1,True,175,8550,0.6947064998647013,0.0639386189258312,1,2737,1,1,1,1
1398,0584_c0002_015.jpg,584,1,-1,True,175,8550,0.7090154720290952,0.06720430107526881,1,2604,1,1,1,1
1399,0584_c0002_020.jpg,584,1,-1,True,175,8550,0.711082272975964,0.06544502617801047,1,2674,1,1,1,1
1400,0584_c0003_000.jpg,584,2,-1,True,175,8550,0.842152065477194,0.10883084577114428,1,1608,1,1,1,1
1401,0584_c0003_005.jpg,584,2,-1,True,175,8550,0.8210236728583231,0.09313464608834486,1,1879,1,1,1,1
1402,0584_c0003_010.jpg,584,2,-1,True,175,8550,0.829703415301768,0.09583789704271632,1,1826,1,1,1,1
1403,0584_c0003_015.jpg,584,2,-1,True,175,8550,0.8522602630231572,0.12127512127512127,1,1443,1,1,1,1
1404,0584_c0003_020.jpg,584,2,-1,True,175,8550,0.8574567419198331,0.12962962962962962,1,1350,1,1,1,1
1405,0584_c0004_000.jpg,584,3,-1,True,175,8550,0.40268656380112294,0.20734597156398105,1,844,1,1,1,1
1406,0584_c0004_005.jpg,584,3,-1,True,175,8550,0.25886661347744644,0.12848751835535976,2,1362,0,1,1,1
1407,0584_c0004_010.jpg,584,3,-1,True,175,8550,0.5216275470069913,0.2517985611510791,2,695,0,1,1,1
1408,0584_c0004_015.jpg,584,3,-1,True,175,8550,0.6282508037987471,0.30809859154929575,1,568,1,1,1,1
1409,0584_c0004_020.jpg,584,3,-1,True,175,8550,0.47827027574128855,0.22845953002610966,2,766,0,1,1,1
1410,0584_c0005_000.jpg,584,4,-1,True,175,8550,0.8242533836788094,0.09373326191751473,1,1867,1,1,1,1
1411,0584_c0005_005.jpg,584,4,-1,True,175,8550,0.818247457032167,0.0904860392967942,1,1934,1,1,1,1
1412,0584_c0005_010.jpg,584,4,-1,True,175,8550,0.8248370974234667,0.09343299519487454,1,1873,1,1,1,1
1413,0584_c0005_015.jpg,584,4,-1,True,175,8550,0.8266247428908192,0.09328358208955224,1,1876,1,1,1,1
1414,0584_c0005_020.jpg,584,4,-1,True,175,8550,0.8213658897806657,0.0912884715701617,1,1917,1,1,1,1
1415,0584_c0006_000.jpg,584,5,-1,True,175,8550,0.6319716292342368,0.12867647058823528,1,1360,1,1,1,1
1416,0584_c0006_005.jpg,584,5,-1,True,175,8550,0.7708877244314452,0.1016260162601626,1,1722,1,1,1,1
1417,0584_c0006_010.jpg,584,5,-1,True,175,8550,0.8132107508251162,0.08616445100935499,1,2031,1,1,1,1
1418,0584_c0006_015.jpg,584,5,-1,True,175,8550,0.7967366491803523,0.07994518044769301,1,2189,1,1,1,1
1419,0584_c0006_020.jpg,584,5,-1,True,175,8550,0.7799718819635275,0.07465870307167236,1,2344,1,1,1,1
1420,0584_c0007_000.jpg,584,6,-1,True,175,8550,0.506777638142988,0.2981260647359455,1,587,1,1,1,1
1421,0584_c0007_005.jpg,584,6,-1,True,175,8550,0.4836066048516236,0.28594771241830064,1,612,1,1,1,1
1422,0584_c0007_010.jpg,584,6,-1,True,175,8550,0.5329167406285986,0.30755711775043937,1,569,1,1,1,1
1423,0584_c0007_015.jpg,584,6,-1,True,175,8550,0.6228535928185057,0.32710280373831774,1,535,1,1,1,1
1424,0584_c0007_020.jpg,584,6,-1,True,175,8550,0.5213408513652227,0.2956081081081081,1,592,1,1,1,1
1425,0584_c0008_000.jpg,584,7,-1,True,175,8550,0.1661731754295097,0.07826475849731664,26,2236,0,0,0,0
1426,0584_c0008_005.jpg,584,7,-1,True,175,8550,0.16858861849858264,0.08321445553970519,26,2103,0,0,0,0
1427,0584_c0008_010.jpg,584,7,-1,True,175,8550,0.15097256727169525,0.08421559191530317,31,2078,0,0,0,0
1428,0584_c0008_015.jpg,584,7,-1,True,175,8550,0.1475818101342559,0.0794010889292196,33,2204,0,0,0,0
1429,0584_c0008_020.jpg,584,7,-1,True,175,8550,0.1477788784769494,0.08016491067338526,32,2183,0,0,0,0
1430,0586_c0001_000.jpg,586,0,-1,True,175,8550,0.5786826449492575,0.46296296296296297,6,378,0,0,1,1
1431,0586_c0001_005.jpg,586,0,-1,True,175,8550,0.610130204572851,0.4654255319148936,6,376,0,0,1,1
1432,0586_c0001_010.jpg,586,0,-1,True,175,8550,0.6314914797883987,0.49295774647887325,4,355,0,1,1,1
1433,0586_c0001_015.jpg,586,0,-1,True,175,8550,0.6115835268709343,0.46419098143236076,6,377,0,0,1,1
1434,0586_c0001_020.jpg,586,0,-1,True,175,8550,0.5895580275582899,0.46419098143236076,6,377,0,0,1,1
1435,0586_c0002_000.jpg,586,1,-1,True,175,8550,0.8375214355875642,0.49575070821529743,1,353,1,1,1,1
1436,0586_c0002_005.jpg,586,1,-1,True,175,8550,0.7825653003505896,0.4533678756476684,1,386,1,1,1,1
1437,0586_c0002_010.jpg,586,1,-1,True,175,8550,0.796712613414981,0.4679144385026738,1,374,1,1,1,1
1438,0586_c0002_015.jpg,586,1,-1,True,175,8550,0.8019399679323195,0.45931758530183725,1,381,1,1,1,1
1439,0586_c0002_020.jpg,586,1,-1,True,175,8550,0.7978720202588349,0.45219638242894056,1,387,1,1,1,1
1440,0586_c0003_000.jpg,586,2,-1,True,175,8550,0.8229182387908086,0.2981260647359455,1,587,1,1,1,1
1441,0586_c0003_005.jpg,586,2,-1,True,175,8550,0.8214188331978859,0.2931323283082077,1,597,1,1,1,1
1442,0586_c0003_010.jpg,586,2,-1,True,175,8550,0.8224254973783395,0.2921535893155259,1,599,1,1,1,1
1443,0586_c0003_015.jpg,586,2,-1,True,175,8550,0.8194481348493589,0.2734375,1,640,1,1,1,1
1444,0586_c0003_020.jpg,586,2,-1,True,175,8550,0.8215829763280481,0.2902155887230514,1,603,1,1,1,1
1445,0586_c0004_000.jpg,586,3,-1,True,175,8550,0.9810639546231482,0.875,1,200,1,1,1,1
1446,0586_c0004_005.jpg,586,3,-1,True,175,8550,0.9903761120232661,0.9067357512953368,1,193,1,1,1,1
1447,0586_c0004_010.jpg,586,3,-1,True,175,8550,0.983796322493688,0.8838383838383839,1,198,1,1,1,1
1448,0586_c0004_015.jpg,586,3,-1,True,175,8550,0.9845715052085646,0.8974358974358975,1,195,1,1,1,1
1449,0586_c0004_020.jpg,586,3,-1,True,175,8550,0.9754807619747966,0.8706467661691543,1,201,1,1,1,1
1450,0586_c0005_000.jpg,586,4,-1,True,175,8550,0.9089687297451473,0.45931758530183725,1,381,1,1,1,1
1451,0586_c0005_005.jpg,586,4,-1,True,175,8550,0.9131019223844955,0.46296296296296297,1,378,1,1,1,1
1452,0586_c0005_010.jpg,586,4,-1,True,175,8550,0.9215996368639106,0.4820936639118457,1,363,1,1,1,1
1453,0586_c0005_015.jpg,586,4,-1,True,175,8550,0.9230650893835783,0.4861111111111111,1,360,1,1,1,1
1454,0586_c0005_020.jpg,586,4,-1,True,175,8550,0.9124694472960456,0.4557291666666667,1,384,1,1,1,1
1455,0586_c0006_000.jpg,586,5,-1,True,175,8550,1.0,1.0,1,175,1,1,1,1
1456,0586_c0006_005.jpg,586,5,-1,True,175,8550,0.997530316610287,0.9668508287292817,1,181,1,1,1,1
1457,0586_c0006_010.jpg,586,5,-1,True,175,8550,0.995576546531145,0.9408602150537635,1,186,1,1,1,1
1458,0586_c0006_015.jpg,586,5,-1,True,175,8550,0.9915448732431553,0.8706467661691543,1,201,1,1,1,1
1459,0586_c0006_020.jpg,586,5,-1,True,175,8550,0.9775785496635613,0.8454106280193237,1,207,1,1,1,1
1460,0586_c0007_000.jpg,586,6,-1,True,175,8550,0.9812427496366162,0.8883248730964467,1,197,1,1,1,1
1461,0586_c0007_005.jpg,586,6,-1,True,175,8550,0.9946508860544139,0.9722222222222222,1,180,1,1,1,1
1462,0586_c0007_010.jpg,586,6,-1,True,175,8550,0.9994659652721329,0.9887005649717514,1,177,1,1,1,1
1463,0586_c0007_015.jpg,586,6,-1,True,175,8550,1.0,1.0,1,175,1,1,1,1
1464,0586_c0007_020.jpg,586,6,-1,True,175,8550,1.0,1.0,1,175,1,1,1,1
1465,0586_c0008_000.jpg,586,7,-1,True,175,8550,0.9238434769959557,0.5663430420711975,1,309,1,1,1,1
1466,0586_c0008_005.jpg,586,7,-1,True,175,8550,0.9438936422317521,0.6227758007117438,1,281,1,1,1,1
1467,0586_c0008_010.jpg,586,7,-1,True,175,8550,0.9395255856996677,0.6055363321799307,1,289,1,1,1,1
1468,0586_c0008_015.jpg,586,7,-1,True,175,8550,0.9304856034560219,0.6013745704467354,1,291,1,1,1,1
1469,0586_c0008_020.jpg,586,7,-1,True,175,8550,0.9431666152514961,0.6183745583038869,1,283,1,1,1,1
1470,0588_c0001_000.jpg,588,0,-1,True,175,8550,0.30906776968017863,0.24752475247524752,25,707,0,0,0,0
1471,0588_c0001_005.jpg,588,0,-1,True,175,8550,0.3106758833513255,0.25773195876288657,39,679,0,0,0,0
1472,0588_c0001_010.jpg,588,0,-1,True,175,8550,0.2995966258551671,0.24578651685393257,24,712,0,0,0,0
1473,0588_c0001_015.jpg,588,0,-1,True,175,8550,0.285880594070735,0.2596439169139466,34,674,0,0,0,0
1474,0588_c0001_020.jpg,588,0,-1,True,175,8550,0.29974805873868077,0.23458445040214476,32,746,0,0,0,0
1475,0588_c0002_000.jpg,588,1,-1,True,175,8550,0.5242317410354855,0.2827140549273021,1,619,1,1,1,1
1476,0588_c0002_005.jpg,588,1,-1,True,175,8550,0.45237478043069734,0.22727272727272727,1,770,1,1,1,1
1477,0588_c0002_010.jpg,588,1,-1,True,175,8550,0.5249968466071802,0.2521613832853026,1,694,1,1,1,1
1478,0588_c0002_015.jpg,588,1,-1,True,175,8550,0.5315446008760121,0.27472527472527475,1,637,1,1,1,1
1479,0588_c0002_020.jpg,588,1,-1,True,175,8550,0.5999684009580101,0.21793275217932753,1,803,1,1,1,1
1480,0588_c0003_000.jpg,588,2,-1,True,175,8550,0.4659758564339495,0.3779697624190065,7,463,0,0,1,1
1481,0588_c0003_005.jpg,588,2,-1,True,175,8550,0.5846340497118351,0.41371158392434987,1,423,1,1,1,1
1482,0588_c0003_010.jpg,588,2,-1,True,175,8550,0.5625455652246308,0.4060324825986079,1,431,1,1,1,1
1483,0588_c0003_015.jpg,588,2,-1,True,175,8550,0.5954596787315302,0.37393162393162394,1,468,1,1,1,1
1484,0588_c0003_020.jpg,588,2,-1,True,175,8550,0.571372635223209,0.41866028708133973,1,418,1,1,1,1
1485,0588_c0004_000.jpg,588,3,-1,True,175,8550,0.2464693370487516,0.16540642722117202,1,1058,1,1,1,1
1486,0588_c0004_005.jpg,588,3,-1,True,175,8550,0.2697237737189421,0.17123287671232876,1,1022,1,1,1,1
1487,0588_c0004_010.jpg,588,3,-1,True,175,8550,0.20467721427016192,0.16279069767441862,3,1075,0,1,1,1
1488,0588_c0004_015.jpg,588,3,-1,True,175,8550,0.21817803790104018,0.17395626242544732,2,1006,0,1,1,1
1489,0588_c0004_020.jpg,588,3,-1,True,175,8550,0.25233492251907286,0.16794625719769674,1,1042,1,1,1,1
1490,0588_c0005_000.jpg,588,4,-1,True,175,8550,0.4889300531671886,0.27386541471048514,23,639,0,0,0,0
1491,0588_c0005_005.jpg,588,4,-1,True,175,8550,0.4801743890300442,0.2864157119476268,26,611,0,0,0,0
1492,0588_c0005_010.jpg,588,4,-1,True,175,8550,0.49424193871945915,0.2911813643926789,17,601,0,0,0,1
1493,0588_c0005_015.jpg,588,4,-1,True,175,8550,0.6283542075773444,0.27301092043681746,1,641,1,1,1,1
1494,0588_c0005_020.jpg,588,4,-1,True,175,8550,0.5260956714708905,0.2755905511811024,4,635,0,1,1,1
1495,0588_c0006_000.jpg,588,5,-1,True,175,8550,0.6848923192725339,0.24787535410764872,1,706,1,1,1,1
1496,0588_c0006_005.jpg,588,5,-1,True,175,8550,0.6764209457899879,0.2764612954186414,1,633,1,1,1,1
1497,0588_c0006_010.jpg,588,5,-1,True,175,8550,0.6752088935834007,0.2581120943952802,1,678,1,1,1,1
1498,0588_c0006_015.jpg,588,5,-1,True,175,8550,0.6704172923417728,0.264750378214826,1,661,1,1,1,1
1499,0588_c0006_020.jpg,588,5,-1,True,175,8550,0.6661726947101507,0.2751572327044025,1,636,1,1,1,1
1500,0588_c0007_000.jpg,588,6,-1,True,175,8550,0.6986011302713065,0.25107604017216645,1,697,1,1,1,1
1501,0588_c0007_005.jpg,588,6,-1,True,175,8550,0.7182372375679182,0.30329289428076256,1,577,1,1,1,1
1502,0588_c0007_010.jpg,588,6,-1,True,175,8550,0.7199896825583258,0.24171270718232044,1,724,1,1,1,1
1503,0588_c0007_015.jpg,588,6,-1,True,175,8550,0.6980973049276042,0.22816166883963493,1,767,1,1,1,1
1504,0588_c0007_020.jpg,588,6,-1,True,175,8550,0.6948262579023092,0.2413793103448276,1,725,1,1,1,1
1505,0588_c0008_000.jpg,588,7,-1,True,175,8550,0.5134944748327737,0.18363064008394545,2,953,0,1,1,1
1506,0588_c0008_005.jpg,588,7,-1,True,175,8550,0.40647844036742,0.17985611510791366,7,973,0,0,1,1
1507,0588_c0008_010.jpg,588,7,-1,True,175,8550,0.3760243451937131,0.1708984375,2,1024,0,1,1,1
1508,0588_c0008_015.jpg,588,7,-1,True,175,8550,0.41854841648155944,0.1794871794871795,5,975,0,1,1,1
1509,0588_c0008_020.jpg,588,7,-1,True,175,8550,0.42035003498845086,0.17857142857142858,16,980,0,0,0,1
1510,0590_c0001_000.jpg,590,0,-1,True,150,8550,0.8479706064489633,0.25,1,600,1,1,1,1
1511,0590_c0001_005.jpg,590,0,-1,True,150,8550,0.8324906593634435,0.24390243902439024,1,615,1,1,1,1
1512,0590_c0001_010.jpg,590,0,-1,True,150,8550,0.8335868433113813,0.23696682464454977,1,633,1,1,1,1
1513,0590_c0001_015.jpg,590,0,-1,True,150,8550,0.838426239829781,0.22900763358778625,1,655,1,1,1,1
1514,0590_c0001_020.jpg,590,0,-1,True,150,8550,0.849628713049172,0.2358490566037736,1,636,1,1,1,1
1515,0590_c0002_000.jpg,590,1,-1,True,150,8550,0.26857707075022547,0.15432098765432098,9,972,0,0,1,1
1516,0590_c0002_005.jpg,590,1,-1,True,150,8550,0.38543502590650375,0.19946808510638298,5,752,0,1,1,1
1517,0590_c0002_010.jpg,590,1,-1,True,150,8550,0.23690479434858402,0.13192612137203166,25,1137,0,0,0,0
1518,0590_c0002_015.jpg,590,1,-1,True,150,8550,0.25281603036346356,0.13901760889712697,24,1079,0,0,0,0
1519,0590_c0002_020.jpg,590,1,-1,True,150,8550,0.5343911929615347,0.2613240418118467,1,574,1,1,1,1
1520,0590_c0004_000.jpg,590,3,-1,True,150,8550,0.8913922196320219,0.24390243902439024,1,615,1,1,1,1
1521,0590_c0004_005.jpg,590,3,-1,True,150,8550,0.8947742702427252,0.2664298401420959,1,563,1,1,1,1
1522,0590_c0004_010.jpg,590,3,-1,True,150,8550,0.8904993302162449,0.25380710659898476,1,591,1,1,1,1
1523,0590_c0004_015.jpg,590,3,-1,True,150,8550,0.8801324094520823,0.22026431718061673,1,681,1,1,1,1
1524,0590_c0004_020.jpg,590,3,-1,True,150,8550,0.8791664327220756,0.2183406113537118,1,687,1,1,1,1
1525,0590_c0005_000.jpg,590,4,-1,True,150,8550,0.9465397394596785,0.423728813559322,1,354,1,1,1,1
1526,0590_c0005_005.jpg,590,4,-1,True,150,8550,0.9259075692663816,0.5,1,300,1,1,1,1
1527,0590_c0005_010.jpg,590,4,-1,True,150,8550,0.9081969909942373,0.43731778425655976,1,343,1,1,1,1
1528,0590_c0005_015.jpg,590,4,-1,True,150,8550,0.9387815023439285,0.5747126436781609,1,261,1,1,1,1
1529,0590_c0005_020.jpg,590,4,-1,True,150,8550,0.9410710101663486,0.684931506849315,1,219,1,1,1,1
1530,0590_c0006_000.jpg,590,5,-1,True,150,8550,0.7937870528084063,0.4573170731707317,1,328,1,1,1,1
1531,0590_c0006_005.jpg,590,5,-1,True,150,8550,0.8298008454528737,0.5067567567567568,1,296,1,1,1,1
1532,0590_c0006_010.jpg,590,5,-1,True,150,8550,0.7872327328011544,0.48859934853420195,1,307,1,1,1,1
1533,0590_c0006_015.jpg,590,5,-1,True,150,8550,0.8539561027370538,0.5033557046979866,1,298,1,1,1,1
1534,0590_c0006_020.jpg,590,5,-1,True,150,8550,0.8525294251696146,0.5136986301369864,1,292,1,1,1,1
1535,0590_c0007_000.jpg,590,6,-1,True,150,8550,0.9532897050040314,0.4411764705882353,1,340,1,1,1,1
1536,0590_c0007_005.jpg,590,6,-1,True,150,8550,0.9746182518706974,0.5905511811023622,1,254,1,1,1,1
1537,0590_c0007_010.jpg,590,6,-1,True,150,8550,0.943492390501131,0.42492917847025496,1,353,1,1,1,1
1538,0590_c0007_015.jpg,590,6,-1,True,150,8550,0.9469606441047427,0.4155124653739612,1,361,1,1,1,1
1539,0590_c0007_020.jpg,590,6,-1,True,150,8550,0.9734347575594045,0.539568345323741,1,278,1,1,1,1
1540,0590_c0008_000.jpg,590,7,-1,True,150,8550,0.9067319358420737,0.3333333333333333,1,450,1,1,1,1
1541,0590_c0008_005.jpg,590,7,-1,True,150,8550,0.8966155910174671,0.3105590062111801,1,483,1,1,1,1
1542,0590_c0008_010.jpg,590,7,-1,True,150,8550,0.8828464473015707,0.2857142857142857,1,525,1,1,1,1
1543,0590_c0008_015.jpg,590,7,-1,True,150,8550,0.9005276767617717,0.29880478087649404,1,502,1,1,1,1
1544,0590_c0008_020.jpg,590,7,-1,True,150,8550,0.9295858598478298,0.390625,1,384,1,1,1,1
1545,0592_c0001_000.jpg,592,0,-1,True,125,8550,0.3778136765223649,0.2934272300469484,26,426,0,0,0,0
1546,0592_c0001_005.jpg,592,0,-1,True,125,8550,0.31701208180864665,0.23277467411545624,6,537,0,0,1,1
1547,0592_c0001_010.jpg,592,0,-1,True,125,8550,0.3415471677315424,0.24271844660194175,17,515,0,0,0,1
1548,0592_c0001_015.jpg,592,0,-1,True,125,8550,0.3529429332395331,0.2735229759299781,14,457,0,0,0,1
1549,0592_c0001_020.jpg,592,0,-1,True,125,8550,0.3248110118426379,0.2399232245681382,20,521,0,0,0,1
1550,0592_c0002_000.jpg,592,1,-1,True,125,8550,0.625794877580986,0.32722513089005234,1,382,1,1,1,1
1551,0592_c0002_005.jpg,592,1,-1,True,125,8550,0.6840188175761646,0.3078817733990148,1,406,1,1,1,1
1552,0592_c0002_010.jpg,592,1,-1,True,125,8550,0.6716998353661694,0.27292576419213976,1,458,1,1,1,1
1553,0592_c0002_015.jpg,592,1,-1,True,125,8550,0.6342029141717105,0.27593818984547464,1,453,1,1,1,1
1554,0592_c0002_020.jpg,592,1,-1,True,125,8550,0.6137913538252787,0.2615062761506276,1,478,1,1,1,1
1555,0592_c0003_000.jpg,592,2,-1,True,125,8550,0.418895925029481,0.2385496183206107,1,524,1,1,1,1
1556,0592_c0003_005.jpg,592,2,-1,True,125,8550,0.42374357971637194,0.2385496183206107,1,524,1,1,1,1
1557,0592_c0003_010.jpg,592,2,-1,True,125,8550,0.4175390152914327,0.23809523809523808,1,525,1,1,1,1
1558,0592_c0003_015.jpg,592,2,-1,True,125,8550,0.44099473128232347,0.2385496183206107,1,524,1,1,1,1
1559,0592_c0003_020.jpg,592,2,-1,True,125,8550,0.38515232671563354,0.23809523809523808,5,525,0,1,1,1
1560,0592_c0005_000.jpg,592,4,-1,True,125,8550,0.6641892256039329,0.32894736842105265,1,380,1,1,1,1
1561,0592_c0005_005.jpg,592,4,-1,True,125,8550,0.6537284756137712,0.3026634382566586,1,413,1,1,1,1
1562,0592_c0005_010.jpg,592,4,-1,True,125,8550,0.6495029522142388,0.29550827423167847,1,423,1,1,1,1
1563,0592_c0005_015.jpg,592,4,-1,True,125,8550,0.6512861019138997,0.294811320754717,1,424,1,1,1,1
1564,0592_c0005_020.jpg,592,4,-1,True,125,8550,0.6390949416284232,0.27901785714285715,1,448,1,1,1,1
1565,0592_c0006_000.jpg,592,5,-1,True,125,8550,0.27596786153345093,0.28868360277136257,27,433,0,0,0,0
1566,0592_c0006_005.jpg,592,5,-1,True,125,8550,0.3474987991247179,0.2900232018561485,26,431,0,0,0,0
1567,0592_c0006_010.jpg,592,5,-1,True,125,8550,0.3554735878340943,0.29832935560859186,26,419,0,0,0,0
1568,0592_c0006_015.jpg,592,5,-1,True,125,8550,0.3487428525968554,0.2880184331797235,20,434,0,0,0,1
1569,0592_c0006_020.jpg,592,5,-1,True,125,8550,0.38339453003383034,0.314070351758794,8,398,0,0,1,1
1570,0592_c0007_000.jpg,592,6,-1,True,125,8550,0.7165070158659846,0.2604166666666667,1,480,1,1,1,1
1571,0592_c0007_005.jpg,592,6,-1,True,125,8550,0.7099887213111022,0.23809523809523808,1,525,1,1,1,1
1572,0592_c0007_010.jpg,592,6,-1,True,125,8550,0.6170940546783196,0.22522522522522523,1,555,1,1,1,1
1573,0592_c0007_015.jpg,592,6,-1,True,125,8550,0.7427660783906769,0.2385496183206107,1,524,1,1,1,1
1574,0592_c0007_020.jpg,592,6,-1,True,125,8550,0.7323813787330453,0.2609603340292276,1,479,1,1,1,1
1575,0594_c0001_000.jpg,594,0,-1,True,150,8550,0.4800077361487801,0.13215859030837004,1,1135,1,1,1,1
1576,0594_c0001_005.jpg,594,0,-1,True,150,8550,0.44641328948175657,0.12355848434925865,1,1214,1,1,1,1
1577,0594_c0001_010.jpg,594,0,-1,True,150,8550,0.43227568801961336,0.11303692539562923,1,1327,1,1,1,1
1578,0594_c0001_015.jpg,594,0,-1,True,150,8550,0.4350659679965118,0.11746280344557557,1,1277,1,1,1,1
1579,0594_c0001_020.jpg,594,0,-1,True,150,8550,0.42049023398982094,0.1073729420186113,1,1397,1,1,1,1
1580,0594_c0002_000.jpg,594,1,-1,True,150,8550,0.500529755453314,0.18518518518518517,1,810,1,1,1,1
1581,0594_c0002_005.jpg,594,1,-1,True,150,8550,0.4611824993722009,0.1820388349514563,1,824,1,1,1,1
1582,0594_c0002_010.jpg,594,1,-1,True,150,8550,0.448102960408998,0.18679950186799502,1,803,1,1,1,1
1583,0594_c0002_015.jpg,594,1,-1,True,150,8550,0.4414172897752911,0.17857142857142858,1,840,1,1,1,1
1584,0594_c0002_020.jpg,594,1,-1,True,150,8550,0.4557313639901877,0.17543859649122806,1,855,1,1,1,1
1585,0594_c0003_000.jpg,594,2,-1,True,150,8550,0.5960850688538343,0.14245014245014245,1,1053,1,1,1,1
1586,0594_c0003_005.jpg,594,2,-1,True,150,8550,0.5925995708472442,0.14231499051233396,1,1054,1,1,1,1
1587,0594_c0003_010.jpg,594,2,-1,True,150,8550,0.5865008747204513,0.14367816091954022,1,1044,1,1,1,1
1588,0594_c0003_015.jpg,594,2,-1,True,150,8550,0.5747195648077041,0.14326647564469913,1,1047,1,1,1,1
1589,0594_c0003_020.jpg,594,2,-1,True,150,8550,0.5882111118185965,0.14423076923076922,1,1040,1,1,1,1
1590,0594_c0005_000.jpg,594,4,-1,True,150,8550,0.5825661609590367,0.14177693761814744,1,1058,1,1,1,1
1591,0594_c0005_005.jpg,594,4,-1,True,150,8550,0.5835247694350187,0.13837638376383765,1,1084,1,1,1,1
1592,0594_c0005_010.jpg,594,4,-1,True,150,8550,0.5862425243080852,0.13812154696132597,1,1086,1,1,1,1
1593,0594_c0005_015.jpg,594,4,-1,True,150,8550,0.5705374273096491,0.1362397820163488,1,1101,1,1,1,1
1594,0594_c0005_020.jpg,594,4,-1,True,150,8550,0.5787776081435687,0.13636363636363635,1,1100,1,1,1,1
1595,0594_c0006_000.jpg,594,5,-1,True,150,8550,0.25888165619273046,0.13562386980108498,26,1106,0,0,0,0
1596,0594_c0006_005.jpg,594,5,-1,True,150,8550,0.2659741252861528,0.13940520446096655,26,1076,0,0,0,0
1597,0594_c0006_010.jpg,594,5,-1,True,150,8550,0.27166946898241784,0.14191106906338694,26,1057,0,0,0,0
1598,0594_c0006_015.jpg,594,5,-1,True,150,8550,0.2998228929861191,0.15,26,1000,0,0,0,0
1599,0594_c0006_020.jpg,594,5,-1,True,150,8550,0.28298716831576937,0.1482213438735178,26,1012,0,0,0,0
1600,0594_c0007_000.jpg,594,6,-1,True,150,8550,0.2709848316775291,0.30864197530864196,46,486,0,0,0,0
1601,0594_c0007_005.jpg,594,6,-1,True,150,8550,0.2601711830365695,0.2958579881656805,106,507,0,0,0,0
1602,0594_c0007_010.jpg,594,6,-1,True,150,8550,0.2639173111381901,0.3138075313807531,132,478,0,0,0,0
1603,0594_c0007_015.jpg,594,6,-1,True,150,8550,0.2642480680226981,0.32119914346895073,107,467,0,0,0,0
1604,0594_c0007_020.jpg,594,6,-1,True,150,8550,0.27105227131565773,0.3112033195020747,120,482,0,0,0,0
1605,0594_c0008_000.jpg,594,7,-1,True,150,8550,0.29152757506261795,0.2403846153846154,72,624,0,0,0,0
1606,0594_c0008_005.jpg,594,7,-1,True,150,8550,0.1882941669719151,0.19455252918287938,141,771,0,0,0,0
1607,0594_c0008_010.jpg,594,7,-1,True,150,8550,0.2425174840014806,0.2029769959404601,99,739,0,0,0,0
1608,0594_c0008_015.jpg,594,7,-1,True,150,8550,0.286790082037577,0.2608695652173913,76,575,0,0,0,0
1609,0594_c0008_020.jpg,594,7,-1,True,150,8550,0.20453881394605028,0.17123287671232876,80,876,0,0,0,0
1610,0596_c0001_000.jpg,596,0,-1,True,175,8550,0.4166175638580114,0.1152073732718894,26,1519,0,0,0,0
1611,0596_c0001_005.jpg,596,0,-1,True,175,8550,0.4414543569816949,0.11475409836065574,26,1525,0,0,0,0
1612,0596_c0001_010.jpg,596,0,-1,True,175,8550,0.4863560742550856,0.1144538914323087,24,1529,0,0,0,0
1613,0596_c0001_015.jpg,596,0,-1,True,175,8550,0.4789860940590459,0.10789149198520345,25,1622,0,0,0,0
1614,0596_c0001_020.jpg,596,0,-1,True,175,8550,0.5128996194233851,0.11075949367088607,13,1580,0,0,0,1
1615,0596_c0002_000.jpg,596,1,-1,True,175,8550,0.13774019720321823,0.10074841681059298,111,1737,0,0,0,0
1616,0596_c0002_005.jpg,596,1,-1,True,175,8550,0.4281626094754211,0.13040238450074515,1,1342,1,1,1,1
1617,0596_c0002_010.jpg,596,1,-1,True,175,8550,0.4356631432701871,0.13040238450074515,1,1342,1,1,1,1
1618,0596_c0002_015.jpg,596,1,-1,True,175,8550,0.428102772354249,0.12681159420289856,1,1380,1,1,1,1
1619,0596_c0002_020.jpg,596,1,-1,True,175,8550,0.4340380392840188,0.11800404585300067,1,1483,1,1,1,1
1620,0596_c0003_000.jpg,596,2,-1,True,175,8550,0.8439933900665861,0.14498757249378624,1,1207,1,1,1,1
1621,0596_c0003_005.jpg,596,2,-1,True,175,8550,0.8139308959194694,0.14,1,1250,1,1,1,1
1622,0596_c0003_010.jpg,596,2,-1,True,175,8550,0.8313594655491259,0.13565891472868216,1,1290,1,1,1,1
1623,0596_c0003_015.jpg,596,2,-1,True,175,8550,0.8177045283785764,0.1447477253928867,1,1209,1,1,1,1
1624,0596_c0003_020.jpg,596,2,-1,True,175,8550,0.8196327885425267,0.1441515650741351,1,1214,1,1,1,1
1625,0596_c0004_000.jpg,596,3,-1,True,175,8550,0.873689289186074,0.08499271491015056,1,2059,1,1,1,1
1626,0596_c0004_005.jpg,596,3,-1,True,175,8550,0.8748258771426756,0.08116883116883117,1,2156,1,1,1,1
1627,0596_c0004_010.jpg,596,3,-1,True,175,8550,0.8735572377904436,0.08365200764818356,1,2092,1,1,1,1
1628,0596_c0004_015.jpg,596,3,-1,True,175,8550,0.8797142028503406,0.08482792050412022,1,2063,1,1,1,1
1629,0596_c0004_020.jpg,596,3,-1,True,175,8550,0.8810034945503147,0.08557457212713937,1,2045,1,1,1,1
1630,0596_c0005_000.jpg,596,4,-1,True,175,8550,0.8288010506224572,0.07056451612903226,1,2480,1,1,1,1
1631,0596_c0005_005.jpg,596,4,-1,True,175,8550,0.8223243575838478,0.07234394377842084,1,2419,1,1,1,1
1632,0596_c0005_010.jpg,596,4,-1,True,175,8550,0.8198316651917152,0.07186858316221766,1,2435,1,1,1,1
1633,0596_c0005_015.jpg,596,4,-1,True,175,8550,0.7976249780048725,0.0720164609053498,1,2430,1,1,1,1
1634,0596_c0005_020.jpg,596,4,-1,True,175,8550,0.8145751735751359,0.07267441860465117,1,2408,1,1,1,1
1635,0596_c0006_000.jpg,596,5,-1,True,175,8550,0.9084438380386158,0.16810758885686838,1,1041,1,1,1,1
1636,0596_c0006_005.jpg,596,5,-1,True,175,8550,0.9083851946103627,0.15391380826737028,1,1137,1,1,1,1
1637,0596_c0006_010.jpg,596,5,-1,True,175,8550,0.9035778904858143,0.16908212560386474,1,1035,1,1,1,1
1638,0596_c0006_015.jpg,596,5,-1,True,175,8550,0.9036766433915058,0.1524390243902439,1,1148,1,1,1,1
1639,0596_c0006_020.jpg,596,5,-1,True,175,8550,0.904434150128064,0.16810758885686838,1,1041,1,1,1,1
1640,0596_c0007_000.jpg,596,6,-1,True,175,8550,0.8910416420513796,0.15151515151515152,1,1155,1,1,1,1
1641,0596_c0007_005.jpg,596,6,-1,True,175,8550,0.7182514324577287,0.1443894389438944,1,1212,1,1,1,1
1642,0596_c0007_010.jpg,596,6,-1,True,175,8550,0.7661957541647566,0.1497005988023952,1,1169,1,1,1,1
1643,0596_c0007_015.jpg,596,6,-1,True,175,8550,0.6992328791700477,0.15445719329214475,1,1133,1,1,1,1
1644,0596_c0007_020.jpg,596,6,-1,True,175,8550,0.7985769816832915,0.15391380826737028,1,1137,1,1,1,1
1645,0596_c0008_000.jpg,596,7,-1,True,175,8550,0.8348959508288596,0.1203576341127923,1,1454,1,1,1,1
1646,0596_c0008_005.jpg,596,7,-1,True,175,8550,0.8382821591147455,0.12297962052002812,1,1423,1,1,1,1
1647,0596_c0008_010.jpg,596,7,-1,True,175,8550,0.8377623269752862,0.12553802008608322,1,1394,1,1,1,1
1648,0596_c0008_015.jpg,596,7,-1,True,175,8550,0.8254045402609805,0.12254901960784313,1,1428,1,1,1,1
1649,0596_c0008_020.jpg,596,7,-1,True,175,8550,0.8300112662500362,0.12367491166077739,1,1415,1,1,1,1
1650,0598_c0001_000.jpg,598,0,-1,True,100,8550,0.9999009900990099,0.9900990099009901,1,101,1,1,1,1
1651,0598_c0001_005.jpg,598,0,-1,True,100,8550,1.0,1.0,1,100,1,1,1,1
1652,0598_c0001_010.jpg,598,0,-1,True,100,8550,1.0,1.0,1,100,1,1,1,1
1653,0598_c0001_015.jpg,598,0,-1,True,100,8550,1.0,1.0,1,100,1,1,1,1
1654,0598_c0001_020.jpg,598,0,-1,True,100,8550,1.0,1.0,1,100,1,1,1,1
1655,0598_c0002_000.jpg,598,1,-1,True,100,8550,0.8658416304468096,0.6369426751592356,1,157,1,1,1,1
1656,0598_c0002_005.jpg,598,1,-1,True,100,8550,0.8049273213799724,0.5102040816326531,1,196,1,1,1,1
1657,0598_c0002_010.jpg,598,1,-1,True,100,8550,0.7887777795342535,0.5128205128205128,1,195,1,1,1,1
1658,0598_c0002_015.jpg,598,1,-1,True,100,8550,0.8322308320370329,0.5555555555555556,1,180,1,1,1,1
1659,0598_c0002_020.jpg,598,1,-1,True,100,8550,0.7781268528477446,0.49504950495049505,1,202,1,1,1,1
1660,0598_c0003_000.jpg,598,2,-1,True,100,8550,0.9542842708354514,0.78125,1,128,1,1,1,1
1661,0598_c0003_005.jpg,598,2,-1,True,100,8550,0.9879362732217963,0.8403361344537815,1,119,1,1,1,1
1662,0598_c0003_010.jpg,598,2,-1,True,100,8550,0.994461428991334,0.8695652173913043,1,115,1,1,1,1
1663,0598_c0003_015.jpg,598,2,-1,True,100,8550,0.9906037049904743,0.8333333333333334,1,120,1,1,1,1
1664,0598_c0003_020.jpg,598,2,-1,True,100,8550,0.9998009900990098,0.9900990099009901,1,101,1,1,1,1
1665,0598_c0007_000.jpg,598,6,-1,True,100,8550,0.996877665464573,0.9259259259259259,1,108,1,1,1,1
1666,0598_c0007_005.jpg,598,6,-1,True,100,8550,0.9989154793543209,0.9523809523809523,1,105,1,1,1,1
1667,0598_c0007_010.jpg,598,6,-1,True,100,8550,0.9989998110899815,0.9615384615384616,1,104,1,1,1,1
1668,0598_c0007_015.jpg,598,6,-1,True,100,8550,0.9964180822892916,0.8620689655172413,1,116,1,1,1,1
1669,0598_c0007_020.jpg,598,6,-1,True,100,8550,0.997209113105381,0.8771929824561403,1,114,1,1,1,1
1670,0598_c0008_000.jpg,598,7,-1,True,100,8550,1.0,1.0,1,100,1,1,1,1
1671,0598_c0008_005.jpg,598,7,-1,True,100,8550,1.0,1.0,1,100,1,1,1,1
1672,0598_c0008_010.jpg,598,7,-1,True,100,8550,1.0,1.0,1,100,1,1,1,1
1673,0598_c0008_015.jpg,598,7,-1,True,100,8550,1.0,1.0,1,100,1,1,1,1
1674,0598_c0008_020.jpg,598,7,-1,True,100,8550,1.0,1.0,1,100,1,1,1,1
1675,0600_c0001_000.jpg,600,0,-1,True,175,8550,0.6074481145511168,0.11872455902306649,1,1474,1,1,1,1
1676,0600_c0001_005.jpg,600,0,-1,True,175,8550,0.603300794447487,0.11167836630504148,1,1567,1,1,1,1
1677,0600_c0001_010.jpg,600,0,-1,True,175,8550,0.6186127509822374,0.11075949367088607,1,1580,1,1,1,1
1678,0600_c0001_015.jpg,600,0,-1,True,175,8550,0.8025172158876587,0.11246786632390746,1,1556,1,1,1,1
1679,0600_c0001_020.jpg,600,0,-1,True,175,8550,0.7985710987524444,0.10829207920792079,1,1616,1,1,1,1
1680,0600_c0002_000.jpg,600,1,-1,True,175,8550,0.8807544034414304,0.09689922480620156,1,1806,1,1,1,1
1681,0600_c0002_005.jpg,600,1,-1,True,175,8550,0.843261591454793,0.08401344215074412,1,2083,1,1,1,1
1682,0600_c0002_010.jpg,600,1,-1,True,175,8550,0.8649647872336312,0.08561643835616438,1,2044,1,1,1,1
1683,0600_c0002_015.jpg,600,1,-1,True,175,8550,0.8768329552524782,0.1072961373390558,1,1631,1,1,1,1
1684,0600_c0002_020.jpg,600,1,-1,True,175,8550,0.8567782323503726,0.0983698707138842,1,1779,1,1,1,1
1685,0600_c0003_000.jpg,600,2,-1,True,175,8550,0.7570733974851789,0.19337016574585636,1,905,1,1,1,1
1686,0600_c0003_005.jpg,600,2,-1,True,175,8550,0.777109651353747,0.20396270396270397,1,858,1,1,1,1
1687,0600_c0003_010.jpg,600,2,-1,True,175,8550,0.7954819116514662,0.22095959595959597,1,792,1,1,1,1
1688,0600_c0003_015.jpg,600,2,-1,True,175,8550,0.7526874770472942,0.20161290322580644,1,868,1,1,1,1
1689,0600_c0003_020.jpg,600,2,-1,True,175,8550,0.6631562003896724,0.24171270718232044,1,724,1,1,1,1
1690,0600_c0004_000.jpg,600,3,-1,True,175,8550,0.06955250606777735,0.08309591642924977,247,2106,0,0,0,0
1691,0600_c0004_005.jpg,600,3,-1,True,175,8550,0.09518151218396417,0.0982594048287479,119,1781,0,0,0,0
1692,0600_c0004_010.jpg,600,3,-1,True,175,8550,0.0655490075014407,0.08049678012879485,431,2174,0,0,0,0
1693,0600_c0004_015.jpg,600,3,-1,True,175,8550,0.06477272879942333,0.07328308207705192,417,2388,0,0,0,0
1694,0600_c0004_020.jpg,600,3,-1,True,175,8550,0.02234965377619119,0.034598655595096874,1847,5058,0,0,0,0
1695,0600_c0005_000.jpg,600,4,-1,True,175,8550,0.7185508334509886,0.09954493742889647,1,1758,1,1,1,1
1696,0600_c0005_005.jpg,600,4,-1,True,175,8550,0.8369336371090063,0.1001717229536348,1,1747,1,1,1,1
1697,0600_c0005_010.jpg,600,4,-1,True,175,8550,0.8121358797693093,0.09971509971509972,1,1755,1,1,1,1
1698,0600_c0005_015.jpg,600,4,-1,True,175,8550,0.8085148646470919,0.10057471264367816,1,1740,1,1,1,1
1699,0600_c0005_020.jpg,600,4,-1,True,175,8550,0.827178142924949,0.0983698707138842,1,1779,1,1,1,1
1700,0600_c0006_000.jpg,600,5,-1,True,175,8550,0.7880567981747612,0.1287711552612215,1,1359,1,1,1,1
1701,0600_c0006_005.jpg,600,5,-1,True,175,8550,0.8303643630573109,0.12455516014234876,1,1405,1,1,1,1
1702,0600_c0006_010.jpg,600,5,-1,True,175,8550,0.8335480165208244,0.10336680448907265,1,1693,1,1,1,1
1703,0600_c0006_015.jpg,600,5,-1,True,175,8550,0.8346898514166914,0.1069682151589242,1,1636,1,1,1,1
1704,0600_c0006_020.jpg,600,5,-1,True,175,8550,0.8199208035526786,0.11385816525699415,1,1537,1,1,1,1
1705,0600_c0007_000.jpg,600,6,-1,True,175,8550,0.9061065197794362,0.2581120943952802,1,678,1,1,1,1
1706,0600_c0007_005.jpg,600,6,-1,True,175,8550,0.9484962182618418,0.2627627627627628,1,666,1,1,1,1
1707,0600_c0007_010.jpg,600,6,-1,True,175,8550,0.8836752424089945,0.2581120943952802,1,678,1,1,1,1
1708,0600_c0007_015.jpg,600,6,-1,True,175,8550,0.9191291972439228,0.2696456086286595,1,649,1,1,1,1
1709,0600_c0007_020.jpg,600,6,-1,True,175,8550,0.932693673086259,0.24578651685393257,1,712,1,1,1,1
1710,0600_c0008_000.jpg,600,7,-1,True,175,8550,0.9139168789198581,0.14693534844668346,1,1191,1,1,1,1
1711,0600_c0008_005.jpg,600,7,-1,True,175,8550,0.7842260052974188,0.11400651465798045,1,1535,1,1,1,1
1712,0600_c0008_010.jpg,600,7,-1,True,175,8550,0.7817806450802101,0.15008576329331047,1,1166,1,1,1,1
1713,0600_c0008_015.jpg,600,7,-1,True,175,8550,0.8618760560861047,0.11400651465798045,1,1535,1,1,1,1
1714,0600_c0008_020.jpg,600,7,-1,True,175,8550,0.8056946659779561,0.11768661735036987,1,1487,1,1,1,1
