query_index,name,identity,camera,scene,valid,relevant_gallery,kept_gallery,AP,INP,first_match,last_match,Rank-1,Rank-5,Rank-10,Rank-20
0,0502_c0001_000.jpg,502,0,-1,True,175,8550,0.7150537749557624,0.4807692307692308,1,364,1,1,1,1
1,0502_c0001_005.jpg,502,0,-1,True,175,8550,0.6946139025843515,0.49575070821529743,1,353,1,1,1,1
2,0502_c0001_010.jpg,502,0,-1,True,175,8550,0.7039298466317635,0.4768392370572207,1,367,1,1,1,1
3,0502_c0001_015.jpg,502,0,-1,True,175,8550,0.7078154290375753,0.5043227665706052,1,347,1,1,1,1
4,0502_c0001_020.jpg,502,0,-1,True,175,8550,0.7167625821662302,0.5255255255255256,1,333,1,1,1,1
5,0502_c0002_000.jpg,502,1,-1,True,175,8550,0.8658957885826806,0.4654255319148936,1,376,1,1,1,1
6,0502_c0002_005.jpg,502,1,-1,True,175,8550,0.8649593261380814,0.4691689008042895,1,373,1,1,1,1
7,0502_c0002_010.jpg,502,1,-1,True,175,8550,0.8624095398577128,0.4742547425474255,1,369,1,1,1,1
8,0502_c0002_015.jpg,502,1,-1,True,175,8550,0.8702988338556383,0.4943502824858757,1,354,1,1,1,1
9,0502_c0002_020.jpg,502,1,-1,True,175,8550,0.8889967086315941,0.5351681957186545,1,327,1,1,1,1
10,0502_c0003_000.jpg,502,2,-1,True,175,8550,0.6670081695419781,0.2956081081081081,1,592,1,1,1,1
11,0502_c0003_005.jpg,502,2,-1,True,175,8550,0.6665631134145633,0.2981260647359455,1,587,1,1,1,1
12,0502_c0003_010.jpg,502,2,-1,True,175,8550,0.6726002847816268,0.29264214046822745,1,598,1,1,1,1
13,0502_c0003_015.jpg,502,2,-1,True,175,8550,0.6913348388868479,0.3181818181818182,1,550,1,1,1,1
14,0502_c0003_020.jpg,502,2,-1,True,175,8550,0.6735838172464252,0.2751572327044025,1,636,1,1,1,1
15,0502_c0004_000.jpg,502,3,-1,True,175,8550,0.8510401011786218,0.3246753246753247,1,539,1,1,1,1
16,0502_c0004_005.jpg,502,3,-1,True,175,8550,0.8710716321362403,0.37553648068669526,1,466,1,1,1,1
17,0502_c0004_010.jpg,502,3,-1,True,175,8550,0.8746056154426424,0.4196642685851319,1,417,1,1,1,1
18,0502_c0004_015.jpg,502,3,-1,True,175,8550,0.8914249829504473,0.4820936639118457,1,363,1,1,1,1
19,0502_c0004_020.jpg,502,3,-1,True,175,8550,0.8708949919439286,0.38293216630196936,1,457,1,1,1,1
20,0502_c0005_000.jpg,502,4,-1,True,175,8550,0.8724255284653236,0.6272401433691757,1,279,1,1,1,1
21,0502_c0005_005.jpg,502,4,-1,True,175,8550,0.8844725640486295,0.6628787878787878,1,264,1,1,1,1
22,0502_c0005_010.jpg,502,4,-1,True,175,8550,0.8723879049317088,0.6294964028776978,1,278,1,1,1,1
23,0502_c0005_015.jpg,502,4,-1,True,175,8550,0.8782924000074935,0.6481481481481481,1,270,1,1,1,1
24,0502_c0005_020.jpg,502,4,-1,True,175,8550,0.9005197058127219,0.7142857142857143,1,245,1,1,1,1
25,0502_c0006_000.jpg,502,5,-1,True,175,8550,0.7014614985453814,0.38716814159292035,1,452,1,1,1,1
26,0502_c0006_005.jpg,502,5,-1,True,175,8550,0.7194273647794129,0.40045766590389015,1,437,1,1,1,1
27,0502_c0006_010.jpg,502,5,-1,True,175,8550,0.6989014726564645,0.3923766816143498,1,446,1,1,1,1
28,0502_c0006_015.jpg,502,5,-1,True,175,8550,0.6811911149142671,0.390625,1,448,1,1,1,1
29,0502_c0006_020.jpg,502,5,-1,True,175,8550,0.662051900360273,0.39863325740318906,1,439,1,1,1,1
30,0502_c0007_000.jpg,502,6,-1,True,175,8550,0.9218950510415259,0.7777777777777778,1,225,1,1,1,1
31,0502_c0007_005.jpg,502,6,-1,True,175,8550,0.9468556416052788,0.7777777777777778,1,225,1,1,1,1
32,0502_c0007_010.jpg,502,6,-1,True,175,8550,0.9287846467728513,0.7777777777777778,1,225,1,1,1,1
33,0502_c0007_015.jpg,502,6,-1,True,175,8550,0.92815020174051,0.7777777777777778,1,225,1,1,1,1
34,0502_c0007_020.jpg,502,6,-1,True,175,8550,0.9251008076499662,0.7777777777777778,1,225,1,1,1,1
35,0502_c0008_000.jpg,502,7,-1,True,175,8550,1.0,1.0,1,175,1,1,1,1
36,0502_c0008_005.jpg,502,7,-1,True,175,8550,1.0,1.0,1,175,1,1,1,1
37,0502_c0008_010.jpg,502,7,-1,True,175,8550,1.0,1.0,1,175,1,1,1,1
38,0502_c0008_015.jpg,502,7,-1,True,175,8550,1.0,1.0,1,175,1,1,1,1
39,0502_c0008_020.jpg,502,7,-1,True,175,8550,1.0,1.0,1,175,1,1,1,1
40,0504_c0001_000.jpg,504,0,-1,True,150,8550,0.9555531200853447,0.75,1,200,1,1,1,1
41,0504_c0001_005.jpg,504,0,-1,True,150,8550,0.9551163470908197,0.75,1,200,1,1,1,1
42,0504_c0001_010.jpg,504,0,-1,True,150,8550,0.9550914714689293,0.746268656716418,1,201,1,1,1,1
43,0504_c0001_015.jpg,504,0,-1,True,150,8550,0.9555305851522644,0.746268656716418,1,201,1,1,1,1
44,0504_c0001_020.jpg,504,0,-1,True,150,8550,0.9550914714689293,0.746268656716418,1,201,1,1,1,1
45,0504_c0002_000.jpg,504,1,-1,True,150,8550,0.8621837935539535,0.8571428571428571,1,175,1,1,1,1
46,0504_c0002_005.jpg,504,1,-1,True,150,8550,0.8597316431755746,0.8571428571428571,1,175,1,1,1,1
47,0504_c0002_010.jpg,504,1,-1,True,150,8550,0.8600944259327233,0.8571428571428571,1,175,1,1,1,1
48,0504_c0002_015.jpg,504,1,-1,True,150,8550,0.862064693784652,0.8571428571428571,1,175,1,1,1,1
49,0504_c0002_020.jpg,504,1,-1,True,150,8550,0.8628944273473345,0.8571428571428571,1,175,1,1,1,1
50,0504_c0003_000.jpg,504,2,-1,True,150,8550,0.9940506642152033,0.8771929824561403,1,171,1,1,1,1
51,0504_c0003_005.jpg,504,2,-1,True,150,8550,0.9745897810541267,0.7853403141361257,1,191,1,1,1,1
52,0504_c0003_010.jpg,504,2,-1,True,150,8550,0.9960398838661797,0.9090909090909091,1,165,1,1,1,1
53,0504_c0003_015.jpg,504,2,-1,True,150,8550,0.9955176385305515,0.8982035928143712,1,167,1,1,1,1
54,0504_c0003_020.jpg,504,2,-1,True,150,8550,1.0,1.0,1,150,1,1,1,1
55,0504_c0005_000.jpg,504,4,-1,True,150,8550,0.9744613960119857,0.8571428571428571,1,175,1,1,1,1
56,0504_c0005_005.jpg,504,4,-1,True,150,8550,0.9865152824501513,0.872093023255814,1,172,1,1,1,1
57,0504_c0005_010.jpg,504,4,-1,True,150,8550,0.9984567849507312,0.9433962264150944,1,159,1,1,1,1
58,0504_c0005_015.jpg,504,4,-1,True,150,8550,0.9838096090639863,0.8670520231213873,1,173,1,1,1,1
59,0504_c0005_020.jpg,504,4,-1,True,150,8550,0.9746837115639191,0.8571428571428571,1,175,1,1,1,1
60,0504_c0006_000.jpg,504,5,-1,True,150,8550,1.0,1.0,1,150,1,1,1,1
61,0504_c0006_005.jpg,504,5,-1,True,150,8550,1.0,1.0,1,150,1,1,1,1
62,0504_c0006_010.jpg,504,5,-1,True,150,8550,1.0,1.0,1,150,1,1,1,1
63,0504_c0006_015.jpg,504,5,-1,True,150,8550,1.0,1.0,1,150,1,1,1,1
64,0504_c0006_020.jpg,504,5,-1,True,150,8550,1.0,1.0,1,150,1,1,1,1
65,0504_c0007_000.jpg,504,6,-1,True,150,8550,0.9822703030790702,0.8571428571428571,1,175,1,1,1,1
66,0504_c0007_005.jpg,504,6,-1,True,150,8550,0.9877609496816975,0.872093023255814,1,172,1,1,1,1
67,0504_c0007_010.jpg,504,6,-1,True,150,8550,0.9889145782385286,0.8771929824561403,1,171,1,1,1,1
68,0504_c0007_015.jpg,504,6,-1,True,150,8550,0.989395264022869,0.8823529411764706,1,170,1,1,1,1
69,0504_c0007_020.jpg,504,6,-1,True,150,8550,0.9970248710953361,0.9259259259259259,1,162,1,1,1,1
70,0504_c0008_000.jpg,504,7,-1,True,150,8550,0.9614297075190203,0.8571428571428571,1,175,1,1,1,1
71,0504_c0008_005.jpg,504,7,-1,True,150,8550,0.9758324550648816,0.8571428571428571,1,175,1,1,1,1
72,0504_c0008_010.jpg,504,7,-1,True,150,8550,0.9646712164928617,0.8571428571428571,1,175,1,1,1,1
73,0504_c0008_015.jpg,504,7,-1,True,150,8550,0.9709262259082042,0.8571428571428571,1,175,1,1,1,1
74,0504_c0008_020.jpg,504,7,-1,True,150,8550,0.9917273017569719,0.8823529411764706,1,170,1,1,1,1
75,0506_c0001_000.jpg,506,0,-1,True,175,8550,0.7253739742248373,0.4605263157894737,1,380,1,1,1,1
76,0506_c0001_005.jpg,506,0,-1,True,175,8550,0.6742029685797113,0.44191919191919193,1,396,1,1,1,1
77,0506_c0001_010.jpg,506,0,-1,True,175,8550,0.6733827644458212,0.4227053140096618,1,414,1,1,1,1
78,0506_c0001_015.jpg,506,0,-1,True,175,8550,0.6495828443931037,0.3796095444685466,1,461,1,1,1,1
79,0506_c0001_020.jpg,506,0,-1,True,175,8550,0.6629192793144139,0.3897550111358575,1,449,1,1,1,1
80,0506_c0002_000.jpg,506,1,-1,True,175,8550,0.8752805708846598,0.1072961373390558,1,1631,1,1,1,1
81,0506_c0002_005.jpg,506,1,-1,True,175,8550,0.8767751369470222,0.11760752688172044,1,1488,1,1,1,1
82,0506_c0002_010.jpg,506,1,-1,True,175,8550,0.875633426075492,0.1133419689119171,1,1544,1,1,1,1
83,0506_c0002_015.jpg,506,1,-1,True,175,8550,0.8790472855368354,0.12858192505510654,1,1361,1,1,1,1
84,0506_c0002_020.jpg,506,1,-1,True,175,8550,0.876209179239301,0.11304909560723514,1,1548,1,1,1,1
85,0506_c0003_000.jpg,506,2,-1,True,175,8550,0.7846025382483132,0.2336448598130841,1,749,1,1,1,1
86,0506_c0003_005.jpg,506,2,-1,True,175,8550,0.792396548678494,0.24822695035460993,1,705,1,1,1,1
87,0506_c0003_010.jpg,506,2,-1,True,175,8550,0.7874761474193918,0.2407152682255846,1,727,1,1,1,1
88,0506_c0003_015.jpg,506,2,-1,True,175,8550,0.8025977169063122,0.2708978328173375,1,646,1,1,1,1
89,0506_c0003_020.jpg,506,2,-1,True,175,8550,0.7914432484008285,0.25773195876288657,1,679,1,1,1,1
90,0506_c0004_000.jpg,506,3,-1,True,175,8550,0.783596573131538,0.16603415559772297,1,1054,1,1,1,1
91,0506_c0004_005.jpg,506,3,-1,True,175,8550,0.7987008848301937,0.16859344894026976,1,1038,1,1,1,1
92,0506_c0004_010.jpg,506,3,-1,True,175,8550,0.7878894203424829,0.17412935323383086,1,1005,1,1,1,1
93,0506_c0004_015.jpg,506,3,-1,True,175,8550,0.7931703668925858,0.16233766233766234,1,1078,1,1,1,1
94,0506_c0004_020.jpg,506,3,-1,True,175,8550,0.7898966768643644,0.16794625719769674,1,1042,1,1,1,1
95,0506_c0005_000.jpg,506,4,-1,True,175,8550,0.128427162746488,0.07102272727272728,153,2464,0,0,0,0
96,0506_c0005_005.jpg,506,4,-1,True,175,8550,0.1528467233985706,0.07592190889370933,101,2305,0,0,0,0
97,0506_c0005_010.jpg,506,4,-1,True,175,8550,0.14852068287710746,0.07343684431389005,101,2383,0,0,0,0
98,0506_c0005_015.jpg,506,4,-1,True,175,8550,0.15882862210366666,0.07943713118474807,107,2203,0,0,0,0
99,0506_c0005_020.jpg,506,4,-1,True,175,8550,0.1583344398659656,0.07243377483443708,101,2416,0,0,0,0
100,0506_c0006_000.jpg,506,5,-1,True,175,8550,0.7847313740635379,0.17967145790554415,1,974,1,1,1,1
101,0506_c0006_005.jpg,506,5,-1,True,175,8550,0.7886322614162131,0.1849894291754757,1,946,1,1,1,1
102,0506_c0006_010.jpg,506,5,-1,True,175,8550,0.7832165915596482,0.1849894291754757,1,946,1,1,1,1
103,0506_c0006_015.jpg,506,5,-1,True,175,8550,0.7934658938133696,0.1883745963401507,1,929,1,1,1,1
104,0506_c0006_020.jpg,506,5,-1,True,175,8550,0.7876586156962443,0.18577494692144372,1,942,1,1,1,1
105,0506_c0007_000.jpg,506,6,-1,True,175,8550,0.8831218209584296,0.23333333333333334,1,750,1,1,1,1
106,0506_c0007_005.jpg,506,6,-1,True,175,8550,0.8938855400182647,0.258493353028065,1,677,1,1,1,1
107,0506_c0007_010.jpg,506,6,-1,True,175,8550,0.8917356760903625,0.2468265162200282,1,709,1,1,1,1
108,0506_c0007_015.jpg,506,6,-1,True,175,8550,0.8891211147748751,0.2393980848153215,1,731,1,1,1,1
109,0506_c0007_020.jpg,506,6,-1,True,175,8550,0.8854555531825226,0.2217997465145754,1,789,1,1,1,1
110,0506_c0008_000.jpg,506,7,-1,True,175,8550,0.7362755334223626,0.19886363636363635,1,880,1,1,1,1
111,0506_c0008_005.jpg,506,7,-1,True,175,8550,0.7335542115328046,0.18959913326110509,1,923,1,1,1,1
112,0506_c0008_010.jpg,506,7,-1,True,175,8550,0.7473122874829737,0.19863791146424517,1,881,1,1,1,1
113,0506_c0008_015.jpg,506,7,-1,True,175,8550,0.7496257182413095,0.20207852193995382,1,866,1,1,1,1
114,0506_c0008_020.jpg,506,7,-1,True,175,8550,0.7404929210229207,0.1977401129943503,1,885,1,1,1,1
115,0508_c0001_000.jpg,508,0,-1,True,175,8550,0.7471073105500574,0.33980582524271846,1,515,1,1,1,1
116,0508_c0001_005.jpg,508,0,-1,True,175,8550,0.7418755102467623,0.34516765285996054,1,507,1,1,1,1
117,0508_c0001_010.jpg,508,0,-1,True,175,8550,0.7288990366488701,0.3371868978805395,1,519,1,1,1,1
118,0508_c0001_015.jpg,508,0,-1,True,175,8550,0.6395580961656558,0.2878289473684211,1,608,1,1,1,1
119,0508_c0001_020.jpg,508,0,-1,True,175,8550,0.6108017608516275,0.35,1,500,1,1,1,1
120,0508_c0002_000.jpg,508,1,-1,True,175,8550,0.9628797683286137,0.6457564575645757,1,271,1,1,1,1
121,0508_c0002_005.jpg,508,1,-1,True,175,8550,0.9465304687111211,0.5952380952380952,1,294,1,1,1,1
122,0508_c0002_010.jpg,508,1,-1,True,175,8550,0.960250886139748,0.6481481481481481,1,270,1,1,1,1
123,0508_c0002_015.jpg,508,1,-1,True,175,8550,0.9791435813425898,0.6972111553784861,1,251,1,1,1,1
124,0508_c0002_020.jpg,508,1,-1,True,175,8550,0.9543952338211946,0.6340579710144928,1,276,1,1,1,1
125,0508_c0003_000.jpg,508,2,-1,True,175,8550,0.7247694444857222,0.49019607843137253,1,357,1,1,1,1
126,0508_c0003_005.jpg,508,2,-1,True,175,8550,0.7915227668020024,0.631768953068592,1,277,1,1,1,1
127,0508_c0003_010.jpg,508,2,-1,True,175,8550,0.7428940589775466,0.4605263157894737,1,380,1,1,1,1
128,0508_c0003_015.jpg,508,2,-1,True,175,8550,0.7113528975635238,0.41866028708133973,1,418,1,1,1,1
129,0508_c0003_020.jpg,508,2,-1,True,175,8550,0.729225979994329,0.41766109785202865,1,419,1,1,1,1
130,0508_c0004_000.jpg,508,3,-1,True,175,8550,0.8882037997494829,0.6183745583038869,1,283,1,1,1,1
131,0508_c0004_005.jpg,508,3,-1,True,175,8550,0.9511411802290217,0.631768953068592,1,277,1,1,1,1
132,0508_c0004_010.jpg,508,3,-1,True,175,8550,0.9301584179301248,0.6205673758865248,1,282,1,1,1,1
133,0508_c0004_015.jpg,508,3,-1,True,175,8550,0.920092251615481,0.5972696245733788,1,293,1,1,1,1
134,0508_c0004_020.jpg,508,3,-1,True,175,8550,0.863664866139182,0.603448275862069,1,290,1,1,1,1
135,0508_c0005_000.jpg,508,4,-1,True,175,8550,0.9720094884064997,0.7510729613733905,1,233,1,1,1,1
136,0508_c0005_005.jpg,508,4,-1,True,175,8550,0.9727360328358009,0.7383966244725738,1,237,1,1,1,1
137,0508_c0005_010.jpg,508,4,-1,True,175,8550,0.9739950912792841,0.8373205741626795,1,209,1,1,1,1
138,0508_c0005_015.jpg,508,4,-1,True,175,8550,0.9853408551551078,0.78125,1,224,1,1,1,1
139,0508_c0005_020.jpg,508,4,-1,True,175,8550,0.9742035586368564,0.7954545454545454,1,220,1,1,1,1
140,0508_c0006_000.jpg,508,5,-1,True,175,8550,0.7912881164601934,0.6118881118881119,1,286,1,1,1,1
141,0508_c0006_005.jpg,508,5,-1,True,175,8550,0.8171658874360627,0.6653992395437263,1,263,1,1,1,1
142,0508_c0006_010.jpg,508,5,-1,True,175,8550,0.8086266197185692,0.6410256410256411,1,273,1,1,1,1
143,0508_c0006_015.jpg,508,5,-1,True,175,8550,0.7995339222204332,0.6272401433691757,1,279,1,1,1,1
144,0508_c0006_020.jpg,508,5,-1,True,175,8550,0.7951709866064491,0.5813953488372093,1,301,1,1,1,1
145,0508_c0007_000.jpg,508,6,-1,True,175,8550,0.7330448968564591,0.3796095444685466,1,461,1,1,1,1
146,0508_c0007_005.jpg,508,6,-1,True,175,8550,0.7245947330478558,0.3796095444685466,1,461,1,1,1,1
147,0508_c0007_010.jpg,508,6,-1,True,175,8550,0.7537561776932368,0.40415704387990764,1,433,1,1,1,1
148,0508_c0007_015.jpg,508,6,-1,True,175,8550,0.7368246575207517,0.3645833333333333,1,480,1,1,1,1
149,0508_c0007_020.jpg,508,6,-1,True,175,8550,0.7341329987556474,0.3888888888888889,1,450,1,1,1,1
150,0508_c0008_000.jpg,508,7,-1,True,175,8550,0.9078368823847771,0.5555555555555556,1,315,1,1,1,1
151,0508_c0008_005.jpg,508,7,-1,True,175,8550,0.8884757418453575,0.5952380952380952,1,294,1,1,1,1
152,0508_c0008_010.jpg,508,7,-1,True,175,8550,0.8761482112230585,0.5087209302325582,1,344,1,1,1,1
153,0508_c0008_015.jpg,508,7,-1,True,175,8550,0.8857833403503212,0.5555555555555556,1,315,1,1,1,1
154,0508_c0008_020.jpg,508,7,-1,True,175,8550,0.8825607720026505,0.5737704918032787,1,305,1,1,1,1
155,0510_c0001_000.jpg,510,0,-1,True,175,8550,0.7168667710149484,0.05455112219451372,1,3208,1,1,1,1
156,0510_c0001_005.jpg,510,0,-1,True,175,8550,0.7171392788684693,0.05266325609389106,1,3323,1,1,1,1
157,0510_c0001_010.jpg,510,0,-1,True,175,8550,0.6900732996175175,0.050143266475644696,1,3490,1,1,1,1
158,0510_c0001_015.jpg,510,0,-1,True,175,8550,0.6709468285028263,0.04939316963025685,1,3543,1,1,1,1
159,0510_c0001_020.jpg,510,0,-1,True,175,8550,0.6472389315446679,0.04579952891913112,1,3821,1,1,1,1
160,0510_c0002_000.jpg,510,1,-1,True,175,8550,0.069166666527228,0.030907806428823736,47,5662,0,0,0,0
161,0510_c0002_005.jpg,510,1,-1,True,175,8550,0.07280645903424908,0.030739504654839277,42,5693,0,0,0,0
162,0510_c0002_010.jpg,510,1,-1,True,175,8550,0.10910959762749095,0.031818181818181815,21,5500,0,0,0,0
163,0510_c0002_015.jpg,510,1,-1,True,175,8550,0.08063961878485516,0.03170864287008516,15,5519,0,0,0,1
164,0510_c0002_020.jpg,510,1,-1,True,175,8550,0.06450032471732944,0.028830313014827018,33,6070,0,0,0,0
165,0510_c0003_000.jpg,510,2,-1,True,175,8550,0.4422553695989196,0.14344262295081966,1,1220,1,1,1,1
166,0510_c0003_005.jpg,510,2,-1,True,175,8550,0.4082376830166162,0.13523956723338484,1,1294,1,1,1,1
167,0510_c0003_010.jpg,510,2,-1,True,175,8550,0.3732954531404536,0.12446657183499289,1,1406,1,1,1,1
168,0510_c0003_015.jpg,510,2,-1,True,175,8550,0.3201670005320859,0.11075949367088607,1,1580,1,1,1,1
169,0510_c0003_020.jpg,510,2,-1,True,175,8550,0.29594444971654854,0.1118925831202046,1,1564,1,1,1,1
170,0510_c0004_000.jpg,510,3,-1,True,175,8550,0.8305456035199937,0.07076425394257986,1,2473,1,1,1,1
171,0510_c0004_005.jpg,510,3,-1,True,175,8550,0.8154775825017108,0.07402707275803723,1,2364,1,1,1,1
172,0510_c0004_010.jpg,510,3,-1,True,175,8550,0.8164746722844556,0.0755287009063444,1,2317,1,1,1,1
173,0510_c0004_015.jpg,510,3,-1,True,175,8550,0.7865028043648434,0.06900630914826499,1,2536,1,1,1,1
174,0510_c0004_020.jpg,510,3,-1,True,175,8550,0.7908862024666626,0.06806690003889537,1,2571,1,1,1,1
175,0510_c0005_000.jpg,510,4,-1,True,175,8550,0.8707197207386526,0.1417004048582996,1,1235,1,1,1,1
176,0510_c0005_005.jpg,510,4,-1,True,175,8550,0.8435805367851261,0.11422976501305483,1,1532,1,1,1,1
177,0510_c0005_010.jpg,510,4,-1,True,175,8550,0.8239533280973738,0.10210035005834306,1,1714,1,1,1,1
178,0510_c0005_015.jpg,510,4,-1,True,175,8550,0.8161367698652987,0.10069044879171461,1,1738,1,1,1,1
179,0510_c0005_020.jpg,510,4,-1,True,175,8550,0.8094809644799391,0.09583789704271632,1,1826,1,1,1,1
180,0510_c0006_000.jpg,510,5,-1,True,175,8550,0.5351194117180657,0.1647834274952919,1,1062,1,1,1,1
181,0510_c0006_005.jpg,510,5,-1,True,175,8550,0.43161786720819423,0.16603415559772297,1,1054,1,1,1,1
182,0510_c0006_010.jpg,510,5,-1,True,175,8550,0.4997131407583819,0.14906303236797275,1,1174,1,1,1,1
183,0510_c0006_015.jpg,510,5,-1,True,175,8550,0.5330097348681848,0.1893939393939394,1,924,1,1,1,1
184,0510_c0006_020.jpg,510,5,-1,True,175,8550,0.580659630024072,0.1787538304392237,1,979,1,1,1,1
185,0510_c0007_000.jpg,510,6,-1,True,175,8550,0.3125851129704566,0.30701754385964913,17,570,0,0,0,1
186,0510_c0007_005.jpg,510,6,-1,True,175,8550,0.40255900820959595,0.2777777777777778,1,630,1,1,1,1
187,0510_c0007_010.jpg,510,6,-1,True,175,8550,0.5342131310272392,0.19401330376940132,1,902,1,1,1,1
188,0510_c0007_015.jpg,510,6,-1,True,175,8550,0.5405097963904171,0.2147239263803681,1,815,1,1,1,1
189,0510_c0007_020.jpg,510,6,-1,True,175,8550,0.5214755176447852,0.21793275217932753,1,803,1,1,1,1
190,0510_c0008_000.jpg,510,7,-1,True,175,8550,0.8472225037171957,0.05630630630630631,1,3108,1,1,1,1
191,0510_c0008_005.jpg,510,7,-1,True,175,8550,0.8513606427995594,0.05312689738919247,1,3294,1,1,1,1
192,0510_c0008_010.jpg,510,7,-1,True,175,8550,0.8316397367216153,0.05100553774409793,1,3431,1,1,1,1
193,0510_c0008_015.jpg,510,7,-1,True,175,8550,0.8566352383308133,0.05652454780361757,1,3096,1,1,1,1
194,0510_c0008_020.jpg,510,7,-1,True,175,8550,0.848391179018232,0.05319148936170213,1,3290,1,1,1,1
195,0512_c0001_000.jpg,512,0,-1,True,75,8550,0.9998245614035088,0.9868421052631579,1,76,1,1,1,1
196,0512_c0001_005.jpg,512,0,-1,True,75,8550,1.0,1.0,1,75,1,1,1,1
197,0512_c0001_010.jpg,512,0,-1,True,75,8550,1.0,1.0,1,75,1,1,1,1
198,0512_c0001_015.jpg,512,0,-1,True,75,8550,1.0,1.0,1,75,1,1,1,1
199,0512_c0001_020.jpg,512,0,-1,True,75,8550,1.0,1.0,1,75,1,1,1,1
200,0512_c0003_000.jpg,512,2,-1,True,75,8550,1.0,1.0,1,75,1,1,1,1
201,0512_c0003_005.jpg,512,2,-1,True,75,8550,1.0,1.0,1,75,1,1,1,1
202,0512_c0003_010.jpg,512,2,-1,True,75,8550,1.0,1.0,1,75,1,1,1,1
203,0512_c0003_015.jpg,512,2,-1,True,75,8550,1.0,1.0,1,75,1,1,1,1
204,0512_c0003_020.jpg,512,2,-1,True,75,8550,1.0,1.0,1,75,1,1,1,1
205,0512_c0005_000.jpg,512,4,-1,True,75,8550,1.0,1.0,1,75,1,1,1,1
206,0512_c0005_005.jpg,512,4,-1,True,75,8550,1.0,1.0,1,75,1,1,1,1
207,0512_c0005_010.jpg,512,4,-1,True,75,8550,1.0,1.0,1,75,1,1,1,1
208,0512_c0005_015.jpg,512,4,-1,True,75,8550,1.0,1.0,1,75,1,1,1,1
209,0512_c0005_020.jpg,512,4,-1,True,75,8550,1.0,1.0,1,75,1,1,1,1
210,0512_c0006_000.jpg,512,5,-1,True,75,8550,0.39845492014189676,0.42857142857142855,4,175,0,1,1,1
211,0512_c0006_005.jpg,512,5,-1,True,75,8550,0.5584185045216947,0.47770700636942676,1,157,1,1,1,1
212,0512_c0006_010.jpg,512,5,-1,True,75,8550,0.6067093763332234,0.5033557046979866,1,149,1,1,1,1
213,0512_c0006_015.jpg,512,5,-1,True,75,8550,0.7151884184077832,0.5033557046979866,1,149,1,1,1,1
214,0512_c0006_020.jpg,512,5,-1,True,75,8550,0.7912343234401805,0.5033557046979866,1,149,1,1,1,1
215,0514_c0001_000.jpg,514,0,-1,True,175,8550,0.40796054752471944,0.35496957403651114,30,493,0,0,0,0
216,0514_c0001_005.jpg,514,0,-1,True,175,8550,0.3113435653930028,0.27602523659305994,64,634,0,0,0,0
217,0514_c0001_010.jpg,514,0,-1,True,175,8550,0.38131691568760434,0.34860557768924305,41,502,0,0,0,0
218,0514_c0001_015.jpg,514,0,-1,True,175,8550,0.3543899730135408,0.3295668549905838,51,531,0,0,0,0
219,0514_c0001_020.jpg,514,0,-1,True,175,8550,0.38171654882988637,0.3668763102725367,30,477,0,0,0,0
220,0514_c0002_000.jpg,514,1,-1,True,175,8550,0.999902038683812,0.9943181818181818,1,176,1,1,1,1
221,0514_c0002_005.jpg,514,1,-1,True,175,8550,0.9819718113773585,0.8706467661691543,1,201,1,1,1,1
222,0514_c0002_010.jpg,514,1,-1,True,175,8550,1.0,1.0,1,175,1,1,1,1
223,0514_c0002_015.jpg,514,1,-1,True,175,8550,0.9847726564228579,0.8064516129032258,1,217,1,1,1,1
224,0514_c0002_020.jpg,514,1,-1,True,175,8550,1.0,1.0,1,175,1,1,1,1
225,0514_c0003_000.jpg,514,2,-1,True,175,8550,0.9995117845117846,0.9259259259259259,1,189,1,1,1,1
226,0514_c0003_005.jpg,514,2,-1,True,175,8550,0.9982479770830056,0.875,1,200,1,1,1,1
227,0514_c0003_010.jpg,514,2,-1,True,175,8550,0.9983768819686533,0.8706467661691543,1,201,1,1,1,1
228,0514_c0003_015.jpg,514,2,-1,True,175,8550,0.9968857823015491,0.8620689655172413,1,203,1,1,1,1
229,0514_c0003_020.jpg,514,2,-1,True,175,8550,0.9985472895299315,0.875,1,200,1,1,1,1
230,0514_c0004_000.jpg,514,3,-1,True,175,8550,1.0,1.0,1,175,1,1,1,1
231,0514_c0004_005.jpg,514,3,-1,True,175,8550,0.9994746220345005,0.9308510638297872,1,188,1,1,1,1
232,0514_c0004_010.jpg,514,3,-1,True,175,8550,0.9994083688898766,0.9308510638297872,1,188,1,1,1,1
233,0514_c0004_015.jpg,514,3,-1,True,175,8550,0.9922945150400213,0.7608695652173914,1,230,1,1,1,1
234,0514_c0004_020.jpg,514,3,-1,True,175,8550,0.9992637690647046,0.9162303664921466,1,191,1,1,1,1
235,0514_c0005_000.jpg,514,4,-1,True,175,8550,1.0,1.0,1,175,1,1,1,1
236,0514_c0005_005.jpg,514,4,-1,True,175,8550,1.0,1.0,1,175,1,1,1,1
237,0514_c0005_010.jpg,514,4,-1,True,175,8550,0.9986825440215584,0.9358288770053476,1,187,1,1,1,1
238,0514_c0005_015.jpg,514,4,-1,True,175,8550,0.9998723064644852,0.9776536312849162,1,179,1,1,1,1
239,0514_c0005_020.jpg,514,4,-1,True,175,8550,1.0,1.0,1,175,1,1,1,1
240,0514_c0006_000.jpg,514,5,-1,True,175,8550,0.9427748515216549,0.49157303370786515,1,356,1,1,1,1
241,0514_c0006_005.jpg,514,5,-1,True,175,8550,0.9111966267585664,0.5087209302325582,1,344,1,1,1,1
242,0514_c0006_010.jpg,514,5,-1,True,175,8550,0.946574605881819,0.5700325732899023,1,307,1,1,1,1
243,0514_c0006_015.jpg,514,5,-1,True,175,8550,0.9002770797347227,0.45931758530183725,1,381,1,1,1,1
244,0514_c0006_020.jpg,514,5,-1,True,175,8550,0.8847318135765141,0.48746518105849584,1,359,1,1,1,1
245,0514_c0007_000.jpg,514,6,-1,True,175,8550,0.9408371431945326,0.44529262086513993,1,393,1,1,1,1
246,0514_c0007_005.jpg,514,6,-1,True,175,8550,0.9337957507688072,0.4557291666666667,1,384,1,1,1,1
247,0514_c0007_010.jpg,514,6,-1,True,175,8550,0.9181058262048071,0.4069767441860465,1,430,1,1,1,1
248,0514_c0007_015.jpg,514,6,-1,True,175,8550,0.915095616008035,0.41371158392434987,1,423,1,1,1,1
249,0514_c0007_020.jpg,514,6,-1,True,175,8550,0.9414073498373756,0.5287009063444109,1,331,1,1,1,1
250,0514_c0008_000.jpg,514,7,-1,True,175,8550,0.9456686681591334,0.7028112449799196,1,249,1,1,1,1
251,0514_c0008_005.jpg,514,7,-1,True,175,8550,0.9401361377588993,0.7028112449799196,1,249,1,1,1,1
252,0514_c0008_010.jpg,514,7,-1,True,175,8550,0.9455890501124399,0.7028112449799196,1,249,1,1,1,1
253,0514_c0008_015.jpg,514,7,-1,True,175,8550,0.9240506341102874,0.7,1,250,1,1,1,1
254,0514_c0008_020.jpg,514,7,-1,True,175,8550,0.9270353526105217,0.6889763779527559,1,254,1,1,1,1
255,0516_c0001_000.jpg,516,0,-1,True,75,8550,0.999646783625731,0.9868421052631579,1,76,1,1,1,1
256,0516_c0001_005.jpg,516,0,-1,True,75,8550,0.9986184617662299,0.9493670886075949,1,79,1,1,1,1
257,0516_c0001_010.jpg,516,0,-1,True,75,8550,1.0,1.0,1,75,1,1,1,1
258,0516_c0001_015.jpg,516,0,-1,True,75,8550,1.0,1.0,1,75,1,1,1,1
259,0516_c0001_020.jpg,516,0,-1,True,75,8550,0.9721082749295493,0.75,1,100,1,1,1,1
260,0516_c0003_000.jpg,516,2,-1,True,75,8550,1.0,1.0,1,75,1,1,1,1
261,0516_c0003_005.jpg,516,2,-1,True,75,8550,1.0,1.0,1,75,1,1,1,1
262,0516_c0003_010.jpg,516,2,-1,True,75,8550,1.0,1.0,1,75,1,1,1,1
263,0516_c0003_015.jpg,516,2,-1,True,75,8550,1.0,1.0,1,75,1,1,1,1
264,0516_c0003_020.jpg,516,2,-1,True,75,8550,1.0,1.0,1,75,1,1,1,1
265,0516_c0005_000.jpg,516,4,-1,True,75,8550,1.0,1.0,1,75,1,1,1,1
266,0516_c0005_005.jpg,516,4,-1,True,75,8550,1.0,1.0,1,75,1,1,1,1
267,0516_c0005_010.jpg,516,4,-1,True,75,8550,1.0,1.0,1,75,1,1,1,1
268,0516_c0005_015.jpg,516,4,-1,True,75,8550,1.0,1.0,1,75,1,1,1,1
269,0516_c0005_020.jpg,516,4,-1,True,75,8550,1.0,1.0,1,75,1,1,1,1
270,0516_c0006_000.jpg,516,5,-1,True,75,8550,1.0,1.0,1,75,1,1,1,1
271,0516_c0006_005.jpg,516,5,-1,True,75,8550,1.0,1.0,1,75,1,1,1,1
272,0516_c0006_010.jpg,516,5,-1,True,75,8550,1.0,1.0,1,75,1,1,1,1
273,0516_c0006_015.jpg,516,5,-1,True,75,8550,1.0,1.0,1,75,1,1,1,1
274,0516_c0006_020.jpg,516,5,-1,True,75,8550,1.0,1.0,1,75,1,1,1,1
275,0518_c0001_000.jpg,518,0,-1,True,100,8550,0.8835071127144318,0.6172839506172839,1,162,1,1,1,1
276,0518_c0001_005.jpg,518,0,-1,True,100,8550,0.7763309003003411,0.5681818181818182,1,176,1,1,1,1
277,0518_c0001_010.jpg,518,0,-1,True,100,8550,0.8256627505925919,0.5747126436781609,1,174,1,1,1,1
278,0518_c0001_015.jpg,518,0,-1,True,100,8550,0.8247823703044684,0.6410256410256411,1,156,1,1,1,1
279,0518_c0001_020.jpg,518,0,-1,True,100,8550,0.9457797277727801,0.684931506849315,1,146,1,1,1,1
280,0518_c0002_000.jpg,518,1,-1,True,100,8550,0.8696111201424666,0.7633587786259542,1,131,1,1,1,1
281,0518_c0002_005.jpg,518,1,-1,True,100,8550,0.8681057649344938,0.7518796992481203,1,133,1,1,1,1
282,0518_c0002_010.jpg,518,1,-1,True,100,8550,0.8749727362074792,0.8,1,125,1,1,1,1
283,0518_c0002_015.jpg,518,1,-1,True,100,8550,0.8865482443134582,0.7299270072992701,1,137,1,1,1,1
284,0518_c0002_020.jpg,518,1,-1,True,100,8550,0.8806759039998474,0.7874015748031497,1,127,1,1,1,1
285,0518_c0003_000.jpg,518,2,-1,True,100,8550,0.9817959486131842,0.7299270072992701,1,137,1,1,1,1
286,0518_c0003_005.jpg,518,2,-1,True,100,8550,0.988386623785095,0.7692307692307693,1,130,1,1,1,1
287,0518_c0003_010.jpg,518,2,-1,True,100,8550,0.9944908065363174,0.8849557522123894,1,113,1,1,1,1
288,0518_c0003_015.jpg,518,2,-1,True,100,8550,0.991519312031467,0.7936507936507936,1,126,1,1,1,1
289,0518_c0003_020.jpg,518,2,-1,True,100,8550,0.9952777202678196,0.9090909090909091,1,110,1,1,1,1
290,0518_c0005_000.jpg,518,4,-1,True,100,8550,0.8513788259974504,0.6451612903225806,1,155,1,1,1,1
291,0518_c0005_005.jpg,518,4,-1,True,100,8550,0.8360565862475888,0.5847953216374269,1,171,1,1,1,1
292,0518_c0005_010.jpg,518,4,-1,True,100,8550,0.8465352077634702,0.6451612903225806,1,155,1,1,1,1
293,0518_c0005_015.jpg,518,4,-1,True,100,8550,0.8467917694860322,0.6410256410256411,1,156,1,1,1,1
294,0518_c0005_020.jpg,518,4,-1,True,100,8550,0.8640305182452416,0.7299270072992701,1,137,1,1,1,1
295,0518_c0006_000.jpg,518,5,-1,True,100,8550,0.9314073390110517,0.6493506493506493,1,154,1,1,1,1
296,0518_c0006_005.jpg,518,5,-1,True,100,8550,0.9374324826472131,0.684931506849315,1,146,1,1,1,1
297,0518_c0006_010.jpg,518,5,-1,True,100,8550,0.9248279333422563,0.6451612903225806,1,155,1,1,1,1
298,0518_c0006_015.jpg,518,5,-1,True,100,8550,0.9449512529078327,0.7575757575757576,1,132,1,1,1,1
299,0518_c0006_020.jpg,518,5,-1,True,100,8550,0.9435685644761145,0.7575757575757576,1,132,1,1,1,1
300,0520_c0001_000.jpg,520,0,-1,True,150,8550,1.0,1.0,1,150,1,1,1,1
301,0520_c0001_005.jpg,520,0,-1,True,150,8550,1.0,1.0,1,150,1,1,1,1
302,0520_c0001_010.jpg,520,0,-1,True,150,8550,1.0,1.0,1,150,1,1,1,1
303,0520_c0001_015.jpg,520,0,-1,True,150,8550,1.0,1.0,1,150,1,1,1,1
304,0520_c0001_020.jpg,520,0,-1,True,150,8550,1.0,1.0,1,150,1,1,1,1
305,0520_c0002_000.jpg,520,1,-1,True,150,8550,0.9967444369209424,0.9259259259259259,1,162,1,1,1,1
306,0520_c0002_005.jpg,520,1,-1,True,150,8550,0.9962858696390102,0.9090909090909091,1,165,1,1,1,1
307,0520_c0002_010.jpg,520,1,-1,True,150,8550,0.9999114054451803,0.9933774834437086,1,151,1,1,1,1
308,0520_c0002_015.jpg,520,1,-1,True,150,8550,0.9995602067222124,0.9803921568627451,1,153,1,1,1,1
309,0520_c0002_020.jpg,520,1,-1,True,150,8550,0.9989013756096339,0.9615384615384616,1,156,1,1,1,1
310,0520_c0004_000.jpg,520,3,-1,True,150,8550,1.0,1.0,1,150,1,1,1,1
311,0520_c0004_005.jpg,520,3,-1,True,150,8550,1.0,1.0,1,150,1,1,1,1
312,0520_c0004_010.jpg,520,3,-1,True,150,8550,1.0,1.0,1,150,1,1,1,1
313,0520_c0004_015.jpg,520,3,-1,True,150,8550,1.0,1.0,1,150,1,1,1,1
314,0520_c0004_020.jpg,520,3,-1,True,150,8550,1.0,1.0,1,150,1,1,1,1
315,0520_c0005_000.jpg,520,4,-1,True,150,8550,1.0,1.0,1,150,1,1,1,1
316,0520_c0005_005.jpg,520,4,-1,True,150,8550,1.0,1.0,1,150,1,1,1,1
317,0520_c0005_010.jpg,520,4,-1,True,150,8550,1.0,1.0,1,150,1,1,1,1
318,0520_c0005_015.jpg,520,4,-1,True,150,8550,1.0,1.0,1,150,1,1,1,1
319,0520_c0005_020.jpg,520,4,-1,True,150,8550,1.0,1.0,1,150,1,1,1,1
320,0520_c0006_000.jpg,520,5,-1,True,150,8550,1.0,1.0,1,150,1,1,1,1
321,0520_c0006_005.jpg,520,5,-1,True,150,8550,0.9980032773785399,0.9316770186335404,1,161,1,1,1,1
322,0520_c0006_010.jpg,520,5,-1,True,150,8550,0.9976162402011134,0.9316770186335404,1,161,1,1,1,1
323,0520_c0006_015.jpg,520,5,-1,True,150,8550,0.9937956360965745,0.9202453987730062,1,163,1,1,1,1
324,0520_c0006_020.jpg,520,5,-1,True,150,8550,1.0,1.0,1,150,1,1,1,1
325,0520_c0007_000.jpg,520,6,-1,True,150,8550,1.0,1.0,1,150,1,1,1,1
326,0520_c0007_005.jpg,520,6,-1,True,150,8550,1.0,1.0,1,150,1,1,1,1
327,0520_c0007_010.jpg,520,6,-1,True,150,8550,1.0,1.0,1,150,1,1,1,1
328,0520_c0007_015.jpg,520,6,-1,True,150,8550,1.0,1.0,1,150,1,1,1,1
329,0520_c0007_020.jpg,520,6,-1,True,150,8550,1.0,1.0,1,150,1,1,1,1
330,0520_c0008_000.jpg,520,7,-1,True,150,8550,1.0,1.0,1,150,1,1,1,1
331,0520_c0008_005.jpg,520,7,-1,True,150,8550,1.0,1.0,1,150,1,1,1,1
332,0520_c0008_010.jpg,520,7,-1,True,150,8550,1.0,1.0,1,150,1,1,1,1
333,0520_c0008_015.jpg,520,7,-1,True,150,8550,1.0,1.0,1,150,1,1,1,1
334,0520_c0008_020.jpg,520,7,-1,True,150,8550,1.0,1.0,1,150,1,1,1,1
335,0522_c0001_000.jpg,522,0,-1,True,150,8550,0.6219556899989055,0.28846153846153844,1,520,1,1,1,1
336,0522_c0001_005.jpg,522,0,-1,True,150,8550,0.5996126356947558,0.17878426698450536,1,839,1,1,1,1
337,0522_c0001_010.jpg,522,0,-1,True,150,8550,0.5682828677730682,0.211864406779661,1,708,1,1,1,1
338,0522_c0001_015.jpg,522,0,-1,True,150,8550,0.6674261648310236,0.35294117647058826,1,425,1,1,1,1
339,0522_c0001_020.jpg,522,0,-1,True,150,8550,0.6097731052738563,0.18820577164366373,1,797,1,1,1,1
340,0522_c0002_000.jpg,522,1,-1,True,150,8550,0.48843994045827704,0.10869565217391304,1,1380,1,1,1,1
341,0522_c0002_005.jpg,522,1,-1,True,150,8550,0.49266653815758654,0.10775862068965517,1,1392,1,1,1,1
342,0522_c0002_010.jpg,522,1,-1,True,150,8550,0.5130319984540085,0.15723270440251572,1,954,1,1,1,1
343,0522_c0002_015.jpg,522,1,-1,True,150,8550,0.54709395174219,0.16987542468856173,1,883,1,1,1,1
344,0522_c0002_020.jpg,522,1,-1,True,150,8550,0.5879194883059152,0.17543859649122806,1,855,1,1,1,1
345,0522_c0004_000.jpg,522,3,-1,True,150,8550,0.9089592177778456,0.8571428571428571,1,175,1,1,1,1
346,0522_c0004_005.jpg,522,3,-1,True,150,8550,0.8702791318548031,0.5952380952380952,1,252,1,1,1,1
347,0522_c0004_010.jpg,522,3,-1,True,150,8550,0.9073678437324465,0.8333333333333334,1,180,1,1,1,1
348,0522_c0004_015.jpg,522,3,-1,True,150,8550,0.9249312385352929,0.8571428571428571,1,175,1,1,1,1
349,0522_c0004_020.jpg,522,3,-1,True,150,8550,0.9114675203975922,0.8571428571428571,1,175,1,1,1,1
350,0522_c0005_000.jpg,522,4,-1,True,150,8550,0.8936647597139457,0.2304147465437788,1,651,1,1,1,1
351,0522_c0005_005.jpg,522,4,-1,True,150,8550,0.8779332204575901,0.2109704641350211,1,711,1,1,1,1
352,0522_c0005_010.jpg,522,4,-1,True,150,8550,0.849839684436662,0.19083969465648856,1,786,1,1,1,1
353,0522_c0005_015.jpg,522,4,-1,True,150,8550,0.89322568497257,0.22058823529411764,1,680,1,1,1,1
354,0522_c0005_020.jpg,522,4,-1,True,150,8550,0.8837310198803027,0.18915510718789408,1,793,1,1,1,1
355,0522_c0006_000.jpg,522,5,-1,True,150,8550,0.9423982034336882,0.5514705882352942,1,272,1,1,1,1
356,0522_c0006_005.jpg,522,5,-1,True,150,8550,0.8665671107142306,0.487012987012987,1,308,1,1,1,1
357,0522_c0006_010.jpg,522,5,-1,True,150,8550,0.8223376499687179,0.46153846153846156,1,325,1,1,1,1
358,0522_c0006_015.jpg,522,5,-1,True,150,8550,0.7075362856081031,0.3191489361702128,1,470,1,1,1,1
359,0522_c0006_020.jpg,522,5,-1,True,150,8550,0.750548312698782,0.3546099290780142,1,423,1,1,1,1
360,0522_c0007_000.jpg,522,6,-1,True,150,8550,0.9871631325603395,0.8064516129032258,1,186,1,1,1,1
361,0522_c0007_005.jpg,522,6,-1,True,150,8550,0.9788202355450276,0.8241758241758241,1,182,1,1,1,1
362,0522_c0007_010.jpg,522,6,-1,True,150,8550,0.9966506582491422,0.8241758241758241,1,182,1,1,1,1
363,0522_c0007_015.jpg,522,6,-1,True,150,8550,0.9960714746688141,0.8771929824561403,1,171,1,1,1,1
364,0522_c0007_020.jpg,522,6,-1,True,150,8550,0.982756473512416,0.7177033492822966,1,209,1,1,1,1
365,0522_c0008_000.jpg,522,7,-1,True,150,8550,0.7517492020446855,0.2669039145907473,1,562,1,1,1,1
366,0522_c0008_005.jpg,522,7,-1,True,150,8550,0.7896914114244038,0.2608695652173913,1,575,1,1,1,1
367,0522_c0008_010.jpg,522,7,-1,True,150,8550,0.6552191726562274,0.24630541871921183,1,609,1,1,1,1
368,0522_c0008_015.jpg,522,7,-1,True,150,8550,0.684694044485475,0.25125628140703515,1,597,1,1,1,1
369,0522_c0008_020.jpg,522,7,-1,True,150,8550,0.7556568430991939,0.26455026455026454,1,567,1,1,1,1
370,0524_c0001_000.jpg,524,0,-1,True,175,8550,0.8816905079925645,0.4257907542579075,1,411,1,1,1,1
371,0524_c0001_005.jpg,524,0,-1,True,175,8550,0.7862896306094063,0.3812636165577342,1,459,1,1,1,1
372,0524_c0001_010.jpg,524,0,-1,True,175,8550,0.8141839323081554,0.3923766816143498,1,446,1,1,1,1
373,0524_c0001_015.jpg,524,0,-1,True,175,8550,0.8728214247123195,0.4768392370572207,1,367,1,1,1,1
374,0524_c0001_020.jpg,524,0,-1,True,175,8550,0.8918017068217264,0.4985754985754986,1,351,1,1,1,1
375,0524_c0002_000.jpg,524,1,-1,True,175,8550,0.9621012334309808,0.6294964028776978,1,278,1,1,1,1
376,0524_c0002_005.jpg,524,1,-1,True,175,8550,0.9582367405192223,0.6227758007117438,1,281,1,1,1,1
377,0524_c0002_010.jpg,524,1,-1,True,175,8550,0.9773335306049109,0.7322175732217573,1,239,1,1,1,1
378,0524_c0002_015.jpg,524,1,-1,True,175,8550,0.9818408145043804,0.7543103448275862,1,232,1,1,1,1
379,0524_c0002_020.jpg,524,1,-1,True,175,8550,0.9814506641769981,0.7954545454545454,1,220,1,1,1,1
380,0524_c0003_000.jpg,524,2,-1,True,175,8550,0.997548709944221,0.9358288770053476,1,187,1,1,1,1
381,0524_c0003_005.jpg,524,2,-1,True,175,8550,0.9687605304601162,0.6653992395437263,1,263,1,1,1,1
382,0524_c0003_010.jpg,524,2,-1,True,175,8550,0.9832825008555691,0.8293838862559242,1,211,1,1,1,1
383,0524_c0003_015.jpg,524,2,-1,True,175,8550,0.9759288294838193,0.7322175732217573,1,239,1,1,1,1
384,0524_c0003_020.jpg,524,2,-1,True,175,8550,0.9770842208024109,0.7777777777777778,1,225,1,1,1,1
385,0524_c0004_000.jpg,524,3,-1,True,175,8550,0.8280238720533807,0.3630705394190871,1,482,1,1,1,1
386,0524_c0004_005.jpg,524,3,-1,True,175,8550,0.7434456213971105,0.32649253731343286,1,536,1,1,1,1
387,0524_c0004_010.jpg,524,3,-1,True,175,8550,0.7766706813150263,0.3295668549905838,1,531,1,1,1,1
388,0524_c0004_015.jpg,524,3,-1,True,175,8550,0.7299676098262738,0.315884476534296,1,554,1,1,1,1
389,0524_c0004_020.jpg,524,3,-1,True,175,8550,0.7655018505183951,0.3252788104089219,1,538,1,1,1,1
390,0524_c0005_000.jpg,524,4,-1,True,175,8550,1.0,1.0,1,175,1,1,1,1
391,0524_c0005_005.jpg,524,4,-1,True,175,8550,1.0,1.0,1,175,1,1,1,1
392,0524_c0005_010.jpg,524,4,-1,True,175,8550,1.0,1.0,1,175,1,1,1,1
393,0524_c0005_015.jpg,524,4,-1,True,175,8550,1.0,1.0,1,175,1,1,1,1
394,0524_c0005_020.jpg,524,4,-1,True,175,8550,1.0,1.0,1,175,1,1,1,1
395,0524_c0006_000.jpg,524,5,-1,True,175,8550,0.9743788741718075,0.7352941176470589,1,238,1,1,1,1
396,0524_c0006_005.jpg,524,5,-1,True,175,8550,0.9929099840599058,0.8620689655172413,1,203,1,1,1,1
397,0524_c0006_010.jpg,524,5,-1,True,175,8550,0.9924645093862526,0.8663366336633663,1,202,1,1,1,1
398,0524_c0006_015.jpg,524,5,-1,True,175,8550,0.9927538000458789,0.8495145631067961,1,206,1,1,1,1
399,0524_c0006_020.jpg,524,5,-1,True,175,8550,0.9970068875598908,0.9308510638297872,1,188,1,1,1,1
400,0524_c0007_000.jpg,524,6,-1,True,175,8550,0.8573484517682132,0.2864157119476268,1,611,1,1,1,1
401,0524_c0007_005.jpg,524,6,-1,True,175,8550,0.8566571564671439,0.3006872852233677,1,582,1,1,1,1
402,0524_c0007_010.jpg,524,6,-1,True,175,8550,0.9237736959801168,0.4396984924623116,1,398,1,1,1,1
403,0524_c0007_015.jpg,524,6,-1,True,175,8550,0.9139984118073026,0.4069767441860465,1,430,1,1,1,1
404,0524_c0007_020.jpg,524,6,-1,True,175,8550,0.9180143164646909,0.423728813559322,1,413,1,1,1,1
405,0524_c0008_000.jpg,524,7,-1,True,175,8550,0.993736100498829,0.875,1,200,1,1,1,1
406,0524_c0008_005.jpg,524,7,-1,True,175,8550,0.9939980286409341,0.875,1,200,1,1,1,1
407,0524_c0008_010.jpg,524,7,-1,True,175,8550,0.9807041954610596,0.78125,1,224,1,1,1,1
408,0524_c0008_015.jpg,524,7,-1,True,175,8550,0.9785818735984627,0.7709251101321586,1,227,1,1,1,1
409,0524_c0008_020.jpg,524,7,-1,True,175,8550,0.9845251079772431,0.7777777777777778,1,225,1,1,1,1
410,0526_c0001_000.jpg,526,0,-1,True,50,8550,0.6363375979410688,0.2242152466367713,1,223,1,1,1,1
411,0526_c0001_005.jpg,526,0,-1,True,50,8550,0.6868877226258835,0.28901734104046245,1,173,1,1,1,1
412,0526_c0001_010.jpg,526,0,-1,True,50,8550,0.6683530108702782,0.25,1,200,1,1,1,1
413,0526_c0001_015.jpg,526,0,-1,True,50,8550,0.6796578248277518,0.27624309392265195,1,181,1,1,1,1
414,0526_c0001_020.jpg,526,0,-1,True,50,8550,0.7336425593340791,0.30303030303030304,1,165,1,1,1,1
415,0526_c0003_000.jpg,526,2,-1,True,50,8550,0.7557611762391105,0.49504950495049505,1,101,1,1,1,1
416,0526_c0003_005.jpg,526,2,-1,True,50,8550,0.8540949711197011,0.5434782608695652,1,92,1,1,1,1
417,0526_c0003_010.jpg,526,2,-1,True,50,8550,0.7577789126365577,0.46296296296296297,1,108,1,1,1,1
418,0526_c0003_015.jpg,526,2,-1,True,50,8550,0.8028026542963574,0.5263157894736842,1,95,1,1,1,1
419,0526_c0003_020.jpg,526,2,-1,True,50,8550,0.8372409118800371,0.5681818181818182,1,88,1,1,1,1
420,0526_c0005_000.jpg,526,4,-1,True,50,8550,1.0,1.0,1,50,1,1,1,1
421,0526_c0005_005.jpg,526,4,-1,True,50,8550,1.0,1.0,1,50,1,1,1,1
422,0526_c0005_010.jpg,526,4,-1,True,50,8550,1.0,1.0,1,50,1,1,1,1
423,0526_c0005_015.jpg,526,4,-1,True,50,8550,1.0,1.0,1,50,1,1,1,1
424,0526_c0005_020.jpg,526,4,-1,True,50,8550,1.0,1.0,1,50,1,1,1,1
425,0528_c0001_000.jpg,528,0,-1,True,150,8550,0.9076561721289439,0.7109004739336493,1,211,1,1,1,1
426,0528_c0001_005.jpg,528,0,-1,True,150,8550,0.8506078282395187,0.5119453924914675,1,293,1,1,1,1
427,0528_c0001_010.jpg,528,0,-1,True,150,8550,0.8387987216283227,0.5434782608695652,1,276,1,1,1,1
428,0528_c0001_015.jpg,528,0,-1,True,150,8550,0.8302519144707401,0.5154639175257731,1,291,1,1,1,1
429,0528_c0001_020.jpg,528,0,-1,True,150,8550,0.7931076897446293,0.5952380952380952,1,252,1,1,1,1
430,0528_c0002_000.jpg,528,1,-1,True,150,8550,0.8552245517642799,0.32751091703056767,1,458,1,1,1,1
431,0528_c0002_005.jpg,528,1,-1,True,150,8550,0.8589341725042099,0.33707865168539325,1,445,1,1,1,1
432,0528_c0002_010.jpg,528,1,-1,True,150,8550,0.8136091396452808,0.3333333333333333,1,450,1,1,1,1
433,0528_c0002_015.jpg,528,1,-1,True,150,8550,0.7742113380584289,0.31512605042016806,1,476,1,1,1,1
434,0528_c0002_020.jpg,528,1,-1,True,150,8550,0.7860754244798466,0.3105590062111801,1,483,1,1,1,1
435,0528_c0003_000.jpg,528,2,-1,True,150,8550,0.9457114059458992,0.5617977528089888,1,267,1,1,1,1
436,0528_c0003_005.jpg,528,2,-1,True,150,8550,0.9434515387447969,0.5576208178438662,1,269,1,1,1,1
437,0528_c0003_010.jpg,528,2,-1,True,150,8550,0.9375870053085816,0.5576208178438662,1,269,1,1,1,1
438,0528_c0003_015.jpg,528,2,-1,True,150,8550,0.9354693573288289,0.5576208178438662,1,269,1,1,1,1
439,0528_c0003_020.jpg,528,2,-1,True,150,8550,0.9309506032147684,0.528169014084507,1,284,1,1,1,1
440,0528_c0004_000.jpg,528,3,-1,True,150,8550,0.9703138356453538,0.8571428571428571,1,175,1,1,1,1
441,0528_c0004_005.jpg,528,3,-1,True,150,8550,0.9686605110955425,0.8571428571428571,1,175,1,1,1,1
442,0528_c0004_010.jpg,528,3,-1,True,150,8550,0.9702428474892293,0.8571428571428571,1,175,1,1,1,1
443,0528_c0004_015.jpg,528,3,-1,True,150,8550,0.9688900825936715,0.8571428571428571,1,175,1,1,1,1
444,0528_c0004_020.jpg,528,3,-1,True,150,8550,0.9676357578699212,0.8571428571428571,1,175,1,1,1,1
445,0528_c0005_000.jpg,528,4,-1,True,150,8550,0.9676054698863727,0.8571428571428571,1,175,1,1,1,1
446,0528_c0005_005.jpg,528,4,-1,True,150,8550,0.9735580447308712,0.8571428571428571,1,175,1,1,1,1
447,0528_c0005_010.jpg,528,4,-1,True,150,8550,0.9638867736727779,0.8571428571428571,1,175,1,1,1,1
448,0528_c0005_015.jpg,528,4,-1,True,150,8550,0.9745308175901944,0.8426966292134831,1,178,1,1,1,1
449,0528_c0005_020.jpg,528,4,-1,True,150,8550,0.9613450536045551,0.8571428571428571,1,175,1,1,1,1
450,0528_c0006_000.jpg,528,5,-1,True,150,8550,0.9215675992488055,0.5319148936170213,1,282,1,1,1,1
451,0528_c0006_005.jpg,528,5,-1,True,150,8550,0.9217277590070019,0.5319148936170213,1,282,1,1,1,1
452,0528_c0006_010.jpg,528,5,-1,True,150,8550,0.9146196095788283,0.5703422053231939,1,263,1,1,1,1
453,0528_c0006_015.jpg,528,5,-1,True,150,8550,0.9132601766161569,0.5576208178438662,1,269,1,1,1,1
454,0528_c0006_020.jpg,528,5,-1,True,150,8550,0.9078664762138412,0.5660377358490566,1,265,1,1,1,1
455,0528_c0007_000.jpg,528,6,-1,True,150,8550,0.7751935211512948,0.5617977528089888,1,267,1,1,1,1
456,0528_c0007_005.jpg,528,6,-1,True,150,8550,0.7776454624567101,0.6,1,250,1,1,1,1
457,0528_c0007_010.jpg,528,6,-1,True,150,8550,0.7699907129800118,0.5836575875486382,1,257,1,1,1,1
458,0528_c0007_015.jpg,528,6,-1,True,150,8550,0.7719862131178155,0.5905511811023622,1,254,1,1,1,1
459,0528_c0007_020.jpg,528,6,-1,True,150,8550,0.7797719283221746,0.6,1,250,1,1,1,1
460,0530_c0001_000.jpg,530,0,-1,True,150,8550,0.734040733727917,0.46153846153846156,1,325,1,1,1,1
461,0530_c0001_005.jpg,530,0,-1,True,150,8550,0.7251094029191469,0.45045045045045046,1,333,1,1,1,1
462,0530_c0001_010.jpg,530,0,-1,True,150,8550,0.7398063377115943,0.4658385093167702,1,322,1,1,1,1
463,0530_c0001_015.jpg,530,0,-1,True,150,8550,0.7683701958491251,0.4838709677419355,1,310,1,1,1,1
464,0530_c0001_020.jpg,530,0,-1,True,150,8550,0.7217893957473729,0.46153846153846156,1,325,1,1,1,1
465,0530_c0002_000.jpg,530,1,-1,True,150,8550,1.0,1.0,1,150,1,1,1,1
466,0530_c0002_005.jpg,530,1,-1,True,150,8550,1.0,1.0,1,150,1,1,1,1
467,0530_c0002_010.jpg,530,1,-1,True,150,8550,1.0,1.0,1,150,1,1,1,1
468,0530_c0002_015.jpg,530,1,-1,True,150,8550,1.0,1.0,1,150,1,1,1,1
469,0530_c0002_020.jpg,530,1,-1,True,150,8550,1.0,1.0,1,150,1,1,1,1
470,0530_c0003_000.jpg,530,2,-1,True,150,8550,1.0,1.0,1,150,1,1,1,1
471,0530_c0003_005.jpg,530,2,-1,True,150,8550,1.0,1.0,1,150,1,1,1,1
472,0530_c0003_010.jpg,530,2,-1,True,150,8550,1.0,1.0,1,150,1,1,1,1
473,0530_c0003_015.jpg,530,2,-1,True,150,8550,1.0,1.0,1,150,1,1,1,1
474,0530_c0003_020.jpg,530,2,-1,True,150,8550,1.0,1.0,1,150,1,1,1,1
475,0530_c0004_000.jpg,530,3,-1,True,150,8550,1.0,1.0,1,150,1,1,1,1
476,0530_c0004_005.jpg,530,3,-1,True,150,8550,1.0,1.0,1,150,1,1,1,1
477,0530_c0004_010.jpg,530,3,-1,True,150,8550,1.0,1.0,1,150,1,1,1,1
478,0530_c0004_015.jpg,530,3,-1,True,150,8550,1.0,1.0,1,150,1,1,1,1
479,0530_c0004_020.jpg,530,3,-1,True,150,8550,1.0,1.0,1,150,1,1,1,1
480,0530_c0005_000.jpg,530,4,-1,True,150,8550,0.9324854855987987,0.746268656716418,1,201,1,1,1,1
481,0530_c0005_005.jpg,530,4,-1,True,150,8550,0.9521358835676669,0.746268656716418,1,201,1,1,1,1
482,0530_c0005_010.jpg,530,4,-1,True,150,8550,0.9486259074359755,0.75,1,200,1,1,1,1
483,0530_c0005_015.jpg,530,4,-1,True,150,8550,0.9584708347234023,0.75,1,200,1,1,1,1
484,0530_c0005_020.jpg,530,4,-1,True,150,8550,0.9732838786196262,0.75,1,200,1,1,1,1
485,0530_c0006_000.jpg,530,5,-1,True,150,8550,1.0,1.0,1,150,1,1,1,1
486,0530_c0006_005.jpg,530,5,-1,True,150,8550,1.0,1.0,1,150,1,1,1,1
487,0530_c0006_010.jpg,530,5,-1,True,150,8550,1.0,1.0,1,150,1,1,1,1
488,0530_c0006_015.jpg,530,5,-1,True,150,8550,1.0,1.0,1,150,1,1,1,1
489,0530_c0006_020.jpg,530,5,-1,True,150,8550,1.0,1.0,1,150,1,1,1,1
490,0530_c0008_000.jpg,530,7,-1,True,150,8550,0.8975446188621174,0.539568345323741,1,278,1,1,1,1
491,0530_c0008_005.jpg,530,7,-1,True,150,8550,0.8971295606673266,0.5434782608695652,1,276,1,1,1,1
492,0530_c0008_010.jpg,530,7,-1,True,150,8550,0.8882266171446438,0.539568345323741,1,278,1,1,1,1
493,0530_c0008_015.jpg,530,7,-1,True,150,8550,0.890042133815791,0.5434782608695652,1,276,1,1,1,1
494,0530_c0008_020.jpg,530,7,-1,True,150,8550,0.8805305652627179,0.487012987012987,1,308,1,1,1,1
495,0532_c0001_000.jpg,532,0,-1,True,175,8550,1.0,1.0,1,175,1,1,1,1
496,0532_c0001_005.jpg,532,0,-1,True,175,8550,1.0,1.0,1,175,1,1,1,1
497,0532_c0001_010.jpg,532,0,-1,True,175,8550,1.0,1.0,1,175,1,1,1,1
498,0532_c0001_015.jpg,532,0,-1,True,175,8550,1.0,1.0,1,175,1,1,1,1
499,0532_c0001_020.jpg,532,0,-1,True,175,8550,1.0,1.0,1,175,1,1,1,1
500,0532_c0002_000.jpg,532,1,-1,True,175,8550,0.4344808818588254,0.22349936143039592,1,783,1,1,1,1
501,0532_c0002_005.jpg,532,1,-1,True,175,8550,0.4143218531918749,0.211864406779661,1,826,1,1,1,1
502,0532_c0002_010.jpg,532,1,-1,True,175,8550,0.49351344533078256,0.2246469833119384,1,779,1,1,1,1
503,0532_c0002_015.jpg,532,1,-1,True,175,8550,0.4435286834503974,0.21033653846153846,1,832,1,1,1,1
504,0532_c0002_020.jpg,532,1,-1,True,175,8550,0.42456647891898025,0.21820448877805487,1,802,1,1,1,1
505,0532_c0003_000.jpg,532,2,-1,True,175,8550,0.9289635793813101,0.4498714652956298,1,389,1,1,1,1
506,0532_c0003_005.jpg,532,2,-1,True,175,8550,0.9323992740079394,0.45454545454545453,1,385,1,1,1,1
507,0532_c0003_010.jpg,532,2,-1,True,175,8550,0.9370951085748249,0.4781420765027322,1,366,1,1,1,1
508,0532_c0003_015.jpg,532,2,-1,True,175,8550,0.931933598465372,0.46296296296296297,1,378,1,1,1,1
509,0532_c0003_020.jpg,532,2,-1,True,175,8550,0.9364465186097151,0.5072463768115942,1,345,1,1,1,1
510,0532_c0004_000.jpg,532,3,-1,True,175,8550,0.961396727596313,0.5952380952380952,1,294,1,1,1,1
511,0532_c0004_005.jpg,532,3,-1,True,175,8550,0.9542328170185868,0.5663430420711975,1,309,1,1,1,1
512,0532_c0004_010.jpg,532,3,-1,True,175,8550,0.9677986276862869,0.6457564575645757,1,271,1,1,1,1
513,0532_c0004_015.jpg,532,3,-1,True,175,8550,0.9668298663664326,0.7,1,250,1,1,1,1
514,0532_c0004_020.jpg,532,3,-1,True,175,8550,0.969743655033305,0.7028112449799196,1,249,1,1,1,1
515,0532_c0005_000.jpg,532,4,-1,True,175,8550,0.9632817301266215,0.5932203389830508,1,295,1,1,1,1
516,0532_c0005_005.jpg,532,4,-1,True,175,8550,0.9671140577379352,0.5794701986754967,1,302,1,1,1,1
517,0532_c0005_010.jpg,532,4,-1,True,175,8550,0.9657472066550875,0.5892255892255892,1,297,1,1,1,1
518,0532_c0005_015.jpg,532,4,-1,True,175,8550,0.9622252008915332,0.5627009646302251,1,311,1,1,1,1
519,0532_c0005_020.jpg,532,4,-1,True,175,8550,0.9645769058779108,0.5627009646302251,1,311,1,1,1,1
520,0532_c0006_000.jpg,532,5,-1,True,175,8550,0.9817413052341353,0.875,1,200,1,1,1,1
521,0532_c0006_005.jpg,532,5,-1,True,175,8550,0.9990835147755199,0.9562841530054644,1,183,1,1,1,1
522,0532_c0006_010.jpg,532,5,-1,True,175,8550,0.992774175979678,0.875,1,200,1,1,1,1
523,0532_c0006_015.jpg,532,5,-1,True,175,8550,0.9977447397715649,0.9020618556701031,1,194,1,1,1,1
524,0532_c0006_020.jpg,532,5,-1,True,175,8550,0.9816201584609796,0.875,1,200,1,1,1,1
525,0532_c0007_000.jpg,532,6,-1,True,175,8550,0.9908570544794748,0.7478632478632479,1,234,1,1,1,1
526,0532_c0007_005.jpg,532,6,-1,True,175,8550,0.9705512299857559,0.7446808510638298,1,235,1,1,1,1
527,0532_c0007_010.jpg,532,6,-1,True,175,8550,0.9757739906319739,0.7777777777777778,1,225,1,1,1,1
528,0532_c0007_015.jpg,532,6,-1,True,175,8550,0.9849979447030753,0.7743362831858407,1,226,1,1,1,1
529,0532_c0007_020.jpg,532,6,-1,True,175,8550,0.98260253616605,0.68359375,1,256,1,1,1,1
530,0532_c0008_000.jpg,532,7,-1,True,175,8550,0.8842406926444795,0.16666666666666666,1,1050,1,1,1,1
531,0532_c0008_005.jpg,532,7,-1,True,175,8550,0.8834121259579341,0.16540642722117202,1,1058,1,1,1,1
532,0532_c0008_010.jpg,532,7,-1,True,175,8550,0.88587030547388,0.1800411522633745,1,972,1,1,1,1
533,0532_c0008_015.jpg,532,7,-1,True,175,8550,0.883716507473321,0.16810758885686838,1,1041,1,1,1,1
534,0532_c0008_020.jpg,532,7,-1,True,175,8550,0.8903023535137746,0.19707207207207209,1,888,1,1,1,1
535,0534_c0001_000.jpg,534,0,-1,True,150,8550,1.0,1.0,1,150,1,1,1,1
536,0534_c0001_005.jpg,534,0,-1,True,150,8550,1.0,1.0,1,150,1,1,1,1
537,0534_c0001_010.jpg,534,0,-1,True,150,8550,1.0,1.0,1,150,1,1,1,1
538,0534_c0001_015.jpg,534,0,-1,True,150,8550,1.0,1.0,1,150,1,1,1,1
539,0534_c0001_020.jpg,534,0,-1,True,150,8550,1.0,1.0,1,150,1,1,1,1
540,0534_c0002_000.jpg,534,1,-1,True,150,8550,1.0,1.0,1,150,1,1,1,1
541,0534_c0002_005.jpg,534,1,-1,True,150,8550,1.0,1.0,1,150,1,1,1,1
542,0534_c0002_010.jpg,534,1,-1,True,150,8550,1.0,1.0,1,150,1,1,1,1
543,0534_c0002_015.jpg,534,1,-1,True,150,8550,1.0,1.0,1,150,1,1,1,1
544,0534_c0002_020.jpg,534,1,-1,True,150,8550,1.0,1.0,1,150,1,1,1,1
545,0534_c0004_000.jpg,534,3,-1,True,150,8550,1.0,1.0,1,150,1,1,1,1
546,0534_c0004_005.jpg,534,3,-1,True,150,8550,1.0,1.0,1,150,1,1,1,1
547,0534_c0004_010.jpg,534,3,-1,True,150,8550,1.0,1.0,1,150,1,1,1,1
548,0534_c0004_015.jpg,534,3,-1,True,150,8550,1.0,1.0,1,150,1,1,1,1
549,0534_c0004_020.jpg,534,3,-1,True,150,8550,1.0,1.0,1,150,1,1,1,1
550,0534_c0005_000.jpg,534,4,-1,True,150,8550,1.0,1.0,1,150,1,1,1,1
551,0534_c0005_005.jpg,534,4,-1,True,150,8550,1.0,1.0,1,150,1,1,1,1
552,0534_c0005_010.jpg,534,4,-1,True,150,8550,1.0,1.0,1,150,1,1,1,1
553,0534_c0005_015.jpg,534,4,-1,True,150,8550,1.0,1.0,1,150,1,1,1,1
554,0534_c0005_020.jpg,534,4,-1,True,150,8550,1.0,1.0,1,150,1,1,1,1
555,0534_c0006_000.jpg,534,5,-1,True,150,8550,1.0,1.0,1,150,1,1,1,1
556,0534_c0006_005.jpg,534,5,-1,True,150,8550,1.0,1.0,1,150,1,1,1,1
557,0534_c0006_010.jpg,534,5,-1,True,150,8550,1.0,1.0,1,150,1,1,1,1
558,0534_c0006_015.jpg,534,5,-1,True,150,8550,1.0,1.0,1,150,1,1,1,1
559,0534_c0006_020.jpg,534,5,-1,True,150,8550,1.0,1.0,1,150,1,1,1,1
560,0534_c0007_000.jpg,534,6,-1,True,150,8550,1.0,1.0,1,150,1,1,1,1
561,0534_c0007_005.jpg,534,6,-1,True,150,8550,1.0,1.0,1,150,1,1,1,1
562,0534_c0007_010.jpg,534,6,-1,True,150,8550,1.0,1.0,1,150,1,1,1,1
563,0534_c0007_015.jpg,534,6,-1,True,150,8550,1.0,1.0,1,150,1,1,1,1
564,0534_c0007_020.jpg,534,6,-1,True,150,8550,1.0,1.0,1,150,1,1,1,1
565,0534_c0008_000.jpg,534,7,-1,True,150,8550,1.0,1.0,1,150,1,1,1,1
566,0534_c0008_005.jpg,534,7,-1,True,150,8550,1.0,1.0,1,150,1,1,1,1
567,0534_c0008_010.jpg,534,7,-1,True,150,8550,1.0,1.0,1,150,1,1,1,1
568,0534_c0008_015.jpg,534,7,-1,True,150,8550,1.0,1.0,1,150,1,1,1,1
569,0534_c0008_020.jpg,534,7,-1,True,150,8550,1.0,1.0,1,150,1,1,1,1
570,0536_c0001_000.jpg,536,0,-1,True,75,8550,0.46500781540433583,0.16233766233766234,1,462,1,1,1,1
571,0536_c0001_005.jpg,536,0,-1,True,75,8550,0.476494639683834,0.16483516483516483,1,455,1,1,1,1
572,0536_c0001_010.jpg,536,0,-1,True,75,8550,0.49714247417961954,0.17006802721088435,1,441,1,1,1,1
573,0536_c0001_015.jpg,536,0,-1,True,75,8550,0.47015463514707156,0.16375545851528384,1,458,1,1,1,1
574,0536_c0001_020.jpg,536,0,-1,True,75,8550,0.4814932717998087,0.1728110599078341,1,434,1,1,1,1
575,0536_c0002_000.jpg,536,1,-1,True,75,8550,0.4929392412828728,0.24671052631578946,1,304,1,1,1,1
576,0536_c0002_005.jpg,536,1,-1,True,75,8550,0.4977987522495199,0.23809523809523808,1,315,1,1,1,1
577,0536_c0002_010.jpg,536,1,-1,True,75,8550,0.4771540082206521,0.211864406779661,1,354,1,1,1,1
578,0536_c0002_015.jpg,536,1,-1,True,75,8550,0.5057898222541898,0.30612244897959184,1,245,1,1,1,1
579,0536_c0002_020.jpg,536,1,-1,True,75,8550,0.5182896282058493,0.2640845070422535,1,284,1,1,1,1
580,0536_c0005_000.jpg,536,4,-1,True,75,8550,0.6097868350678433,0.2640845070422535,1,284,1,1,1,1
581,0536_c0005_005.jpg,536,4,-1,True,75,8550,0.5962621613529441,0.28957528957528955,1,259,1,1,1,1
582,0536_c0005_010.jpg,536,4,-1,True,75,8550,0.5999678994654032,0.31512605042016806,1,238,1,1,1,1
583,0536_c0005_015.jpg,536,4,-1,True,75,8550,0.6105803829688605,0.2777777777777778,1,270,1,1,1,1
584,0536_c0005_020.jpg,536,4,-1,True,75,8550,0.5891609937088831,0.24193548387096775,1,310,1,1,1,1
585,0536_c0006_000.jpg,536,5,-1,True,75,8550,0.13537328457688888,0.09191176470588236,27,816,0,0,0,0
586,0536_c0006_005.jpg,536,5,-1,True,75,8550,0.13459568223153884,0.10653409090909091,26,704,0,0,0,0
587,0536_c0006_010.jpg,536,5,-1,True,75,8550,0.16869367232925392,0.11737089201877934,26,639,0,0,0,0
588,0536_c0006_015.jpg,536,5,-1,True,75,8550,0.18591864011809844,0.1266891891891892,12,592,0,0,0,1
589,0536_c0006_020.jpg,536,5,-1,True,75,8550,0.17442125202255848,0.12038523274478331,25,623,0,0,0,0
590,0538_c0001_000.jpg,538,0,-1,True,175,8550,0.9075815779388812,0.5681818181818182,1,308,1,1,1,1
591,0538_c0001_005.jpg,538,0,-1,True,175,8550,0.8221991311552737,0.5384615384615384,1,325,1,1,1,1
592,0538_c0001_010.jpg,538,0,-1,True,175,8550,0.9209443605143617,0.6481481481481481,1,270,1,1,1,1
593,0538_c0001_015.jpg,538,0,-1,True,175,8550,0.9018357985477379,0.47297297297297297,1,370,1,1,1,1
594,0538_c0001_020.jpg,538,0,-1,True,175,8550,0.9074511552607987,0.5756578947368421,1,304,1,1,1,1
595,0538_c0002_000.jpg,538,1,-1,True,175,8550,0.6849052278348713,0.2044392523364486,1,856,1,1,1,1
596,0538_c0002_005.jpg,538,1,-1,True,175,8550,0.6748979832692412,0.22321428571428573,6,784,0,0,1,1
597,0538_c0002_010.jpg,538,1,-1,True,175,8550,0.6664220293043789,0.1849894291754757,1,946,1,1,1,1
598,0538_c0002_015.jpg,538,1,-1,True,175,8550,0.7208755166394301,0.18363064008394545,1,953,1,1,1,1
599,0538_c0002_020.jpg,538,1,-1,True,175,8550,0.765641305359507,0.17623363544813697,1,993,1,1,1,1
600,0538_c0003_000.jpg,538,2,-1,True,175,8550,0.8287016531358878,0.38716814159292035,1,452,1,1,1,1
601,0538_c0003_005.jpg,538,2,-1,True,175,8550,0.9139459445812096,0.4475703324808184,1,391,1,1,1,1
602,0538_c0003_010.jpg,538,2,-1,True,175,8550,0.9032062495197439,0.44080604534005036,1,397,1,1,1,1
603,0538_c0003_015.jpg,538,2,-1,True,175,8550,0.9439719492380158,0.5384615384615384,1,325,1,1,1,1
604,0538_c0003_020.jpg,538,2,-1,True,175,8550,0.969726833674886,0.6756756756756757,1,259,1,1,1,1
605,0538_c0004_000.jpg,538,3,-1,True,175,8550,0.8960304142924299,0.44191919191919193,1,396,1,1,1,1
606,0538_c0004_005.jpg,538,3,-1,True,175,8550,0.8640604573354368,0.3747323340471092,1,467,1,1,1,1
607,0538_c0004_010.jpg,538,3,-1,True,175,8550,0.8710851883463306,0.35860655737704916,1,488,1,1,1,1
608,0538_c0004_015.jpg,538,3,-1,True,175,8550,0.8851300427563884,0.3779697624190065,1,463,1,1,1,1
609,0538_c0004_020.jpg,538,3,-1,True,175,8550,0.8795598045512161,0.3458498023715415,1,506,1,1,1,1
610,0538_c0005_000.jpg,538,4,-1,True,175,8550,0.7264959262614432,0.21631644004944375,1,809,1,1,1,1
611,0538_c0005_005.jpg,538,4,-1,True,175,8550,0.6609972871951482,0.19167579408543264,1,913,1,1,1,1
612,0538_c0005_010.jpg,538,4,-1,True,175,8550,0.6149801240425619,0.17258382642998027,1,1014,1,1,1,1
613,0538_c0005_015.jpg,538,4,-1,True,175,8550,0.697485102377287,0.19553072625698323,1,895,1,1,1,1
614,0538_c0005_020.jpg,538,4,-1,True,175,8550,0.6981278794738822,0.1855779427359491,1,943,1,1,1,1
615,0538_c0006_000.jpg,538,5,-1,True,175,8550,0.867039492645531,0.22407170294494239,1,781,1,1,1,1
616,0538_c0006_005.jpg,538,5,-1,True,175,8550,0.8447996112715445,0.17766497461928935,1,985,1,1,1,1
617,0538_c0006_010.jpg,538,5,-1,True,175,8550,0.8477405769414551,0.1780264496439471,1,983,1,1,1,1
618,0538_c0006_015.jpg,538,5,-1,True,175,8550,0.8503360052635007,0.1865671641791045,1,938,1,1,1,1
619,0538_c0006_020.jpg,538,5,-1,True,175,8550,0.9426318410468773,0.26395173453996984,1,663,1,1,1,1
620,0538_c0007_000.jpg,538,6,-1,True,175,8550,0.8342777681443265,0.33783783783783783,1,518,1,1,1,1
621,0538_c0007_005.jpg,538,6,-1,True,175,8550,0.8180143080081043,0.33783783783783783,1,518,1,1,1,1
622,0538_c0007_010.jpg,538,6,-1,True,175,8550,0.7991923514849029,0.28594771241830064,1,612,1,1,1,1
623,0538_c0007_015.jpg,538,6,-1,True,175,8550,0.8071002307857407,0.3102836879432624,1,564,1,1,1,1
624,0538_c0007_020.jpg,538,6,-1,True,175,8550,0.8950269952312098,0.3431372549019608,1,510,1,1,1,1
625,0538_c0008_000.jpg,538,7,-1,True,175,8550,0.8965250583403492,0.4166666666666667,1,420,1,1,1,1
626,0538_c0008_005.jpg,538,7,-1,True,175,8550,0.8885515504955765,0.39863325740318906,1,439,1,1,1,1
627,0538_c0008_010.jpg,538,7,-1,True,175,8550,0.8899819957272191,0.40229885057471265,1,435,1,1,1,1
628,0538_c0008_015.jpg,538,7,-1,True,175,8550,0.8664863053209555,0.4166666666666667,1,420,1,1,1,1
629,0538_c0008_020.jpg,538,7,-1,True,175,8550,0.8500464448925544,0.41371158392434987,1,423,1,1,1,1
630,0540_c0001_000.jpg,540,0,-1,True,175,8550,0.7150811780184205,0.2961082910321489,1,591,1,1,1,1
631,0540_c0001_005.jpg,540,0,-1,True,175,8550,0.6713292107413085,0.2887788778877888,1,606,1,1,1,1
632,0540_c0001_010.jpg,540,0,-1,True,175,8550,0.6079531258362675,0.2755905511811024,1,635,1,1,1,1
633,0540_c0001_015.jpg,540,0,-1,True,175,8550,0.6556048441675083,0.29264214046822745,1,598,1,1,1,1
634,0540_c0001_020.jpg,540,0,-1,True,175,8550,0.5865873069709128,0.2764612954186414,1,633,1,1,1,1
635,0540_c0002_000.jpg,540,1,-1,True,175,8550,0.4329625763564079,0.13576415826221877,1,1289,1,1,1,1
636,0540_c0002_005.jpg,540,1,-1,True,175,8550,0.42909676738284896,0.13338414634146342,1,1312,1,1,1,1
637,0540_c0002_010.jpg,540,1,-1,True,175,8550,0.45111956774602413,0.1421608448415922,1,1231,1,1,1,1
638,0540_c0002_015.jpg,540,1,-1,True,175,8550,0.34552010733917243,0.10294117647058823,1,1700,1,1,1,1
639,0540_c0002_020.jpg,540,1,-1,True,175,8550,0.3894664318674162,0.12867647058823528,1,1360,1,1,1,1
640,0540_c0003_000.jpg,540,2,-1,True,175,8550,0.9212237873109608,0.4013761467889908,1,436,1,1,1,1
641,0540_c0003_005.jpg,540,2,-1,True,175,8550,0.9338016561055847,0.343811394891945,1,509,1,1,1,1
642,0540_c0003_010.jpg,540,2,-1,True,175,8550,0.956494925234878,0.4206730769230769,1,416,1,1,1,1
643,0540_c0003_015.jpg,540,2,-1,True,175,8550,0.917572933130991,0.3108348134991119,1,563,1,1,1,1
644,0540_c0003_020.jpg,540,2,-1,True,175,8550,0.9414704956184098,0.34516765285996054,1,507,1,1,1,1
645,0540_c0004_000.jpg,540,3,-1,True,175,8550,0.7925545340396312,0.11682242990654206,1,1498,1,1,1,1
646,0540_c0004_005.jpg,540,3,-1,True,175,8550,0.9027068521501947,0.1727541954590326,1,1013,1,1,1,1
647,0540_c0004_010.jpg,540,3,-1,True,175,8550,0.9130758269790656,0.19729425028184894,1,887,1,1,1,1
648,0540_c0004_015.jpg,540,3,-1,True,175,8550,0.9181370312594486,0.19167579408543264,1,913,1,1,1,1
649,0540_c0004_020.jpg,540,3,-1,True,175,8550,0.8286121512478345,0.1312828207051763,1,1333,1,1,1,1
650,0540_c0005_000.jpg,540,4,-1,True,175,8550,0.8748296991036411,0.4716981132075472,1,371,1,1,1,1
651,0540_c0005_005.jpg,540,4,-1,True,175,8550,0.860319432003733,0.4781420765027322,1,366,1,1,1,1
652,0540_c0005_010.jpg,540,4,-1,True,175,8550,0.8620966414300292,0.47297297297297297,1,370,1,1,1,1
653,0540_c0005_015.jpg,540,4,-1,True,175,8550,0.8512891047086184,0.4498714652956298,1,389,1,1,1,1
654,0540_c0005_020.jpg,540,4,-1,True,175,8550,0.8529525212805515,0.4605263157894737,1,380,1,1,1,1
655,0540_c0006_000.jpg,540,5,-1,True,175,8550,0.72619324497235,0.2996575342465753,1,584,1,1,1,1
656,0540_c0006_005.jpg,540,5,-1,True,175,8550,0.7468499588154759,0.35714285714285715,1,490,1,1,1,1
657,0540_c0006_010.jpg,540,5,-1,True,175,8550,0.7271372875771058,0.30329289428076256,1,577,1,1,1,1
658,0540_c0006_015.jpg,540,5,-1,True,175,8550,0.7335472759662686,0.30329289428076256,1,577,1,1,1,1
659,0540_c0006_020.jpg,540,5,-1,True,175,8550,0.7243298658502086,0.315884476534296,1,554,1,1,1,1
660,0540_c0007_000.jpg,540,6,-1,True,175,8550,0.9752679572313641,0.6704980842911877,1,261,1,1,1,1
661,0540_c0007_005.jpg,540,6,-1,True,175,8550,0.9657667257911678,0.7261410788381742,1,241,1,1,1,1
662,0540_c0007_010.jpg,540,6,-1,True,175,8550,0.9505081646758099,0.6433823529411765,1,272,1,1,1,1
663,0540_c0007_015.jpg,540,6,-1,True,175,8550,0.9387162364528752,0.68359375,1,256,1,1,1,1
664,0540_c0007_020.jpg,540,6,-1,True,175,8550,0.9763766115220615,0.7608695652173914,1,230,1,1,1,1
665,0540_c0008_000.jpg,540,7,-1,True,175,8550,0.588341429386029,0.15473032714412024,1,1131,1,1,1,1
666,0540_c0008_005.jpg,540,7,-1,True,175,8550,0.6330008396312475,0.1849894291754757,1,946,1,1,1,1
667,0540_c0008_010.jpg,540,7,-1,True,175,8550,0.6553313730927798,0.19796380090497737,1,884,1,1,1,1
668,0540_c0008_015.jpg,540,7,-1,True,175,8550,0.6241731787589613,0.18324607329842932,1,955,1,1,1,1
669,0540_c0008_020.jpg,540,7,-1,True,175,8550,0.6316864309225811,0.18479408658922913,1,947,1,1,1,1
670,0542_c0001_000.jpg,542,0,-1,True,150,8550,0.5257711075419569,0.042289258528333803,1,3547,1,1,1,1
671,0542_c0001_005.jpg,542,0,-1,True,150,8550,0.4969032425789694,0.03568879371877231,1,4203,1,1,1,1
672,0542_c0001_010.jpg,542,0,-1,True,150,8550,0.5145460951511542,0.03924646781789639,1,3822,1,1,1,1
673,0542_c0001_015.jpg,542,0,-1,True,150,8550,0.546152084111933,0.038481272447408926,1,3898,1,1,1,1
674,0542_c0001_020.jpg,542,0,-1,True,150,8550,0.533514562451952,0.03808073115003808,1,3939,1,1,1,1
675,0542_c0002_000.jpg,542,1,-1,True,150,8550,0.5909059392810917,0.25906735751295334,1,579,1,1,1,1
676,0542_c0002_005.jpg,542,1,-1,True,150,8550,0.6198727634331714,0.3024193548387097,1,496,1,1,1,1
677,0542_c0002_010.jpg,542,1,-1,True,150,8550,0.6361712282723133,0.3105590062111801,1,483,1,1,1,1
678,0542_c0002_015.jpg,542,1,-1,True,150,8550,0.5765720886720285,0.3177966101694915,1,472,1,1,1,1
679,0542_c0002_020.jpg,542,1,-1,True,150,8550,0.5920091599893409,0.3,1,500,1,1,1,1
680,0542_c0004_000.jpg,542,3,-1,True,150,8550,0.054999576655516504,0.024216984178237002,115,6194,0,0,0,0
681,0542_c0004_005.jpg,542,3,-1,True,150,8550,0.05596942956148958,0.024291497975708502,102,6175,0,0,0,0
682,0542_c0004_010.jpg,542,3,-1,True,150,8550,0.05252176032550607,0.02457002457002457,123,6105,0,0,0,0
683,0542_c0004_015.jpg,542,3,-1,True,150,8550,0.0535872936110877,0.024525833878351864,143,6116,0,0,0,0
684,0542_c0004_020.jpg,542,3,-1,True,150,8550,0.05393404180639634,0.023961661341853034,103,6260,0,0,0,0
685,0542_c0005_000.jpg,542,4,-1,True,150,8550,0.47645144724210664,0.0306309985705534,1,4897,1,1,1,1
686,0542_c0005_005.jpg,542,4,-1,True,150,8550,0.4705476499753474,0.028285875919290968,1,5303,1,1,1,1
687,0542_c0005_010.jpg,542,4,-1,True,150,8550,0.45668953649250144,0.02868617326448652,1,5229,1,1,1,1
688,0542_c0005_015.jpg,542,4,-1,True,150,8550,0.45293929223028584,0.028779739063699156,1,5212,1,1,1,1
689,0542_c0005_020.jpg,542,4,-1,True,150,8550,0.48089437888929876,0.03159224936815501,1,4748,1,1,1,1
690,0542_c0006_000.jpg,542,5,-1,True,150,8550,0.5811387906835379,0.042265426880811495,1,3549,1,1,1,1
691,0542_c0006_005.jpg,542,5,-1,True,150,8550,0.617160396710647,0.04288164665523156,1,3498,1,1,1,1
692,0542_c0006_010.jpg,542,5,-1,True,150,8550,0.5729197139933955,0.04357931435212086,1,3442,1,1,1,1
693,0542_c0006_015.jpg,542,5,-1,True,150,8550,0.5862744711301187,0.043706293706293704,1,3432,1,1,1,1
694,0542_c0006_020.jpg,542,5,-1,True,150,8550,0.5909785260303855,0.04625346901017576,1,3243,1,1,1,1
695,0542_c0007_000.jpg,542,6,-1,True,150,8550,0.6066111519998781,0.046598322460391424,1,3219,1,1,1,1
696,0542_c0007_005.jpg,542,6,-1,True,150,8550,0.5501160337989702,0.05202913631633715,1,2883,1,1,1,1
697,0542_c0007_010.jpg,542,6,-1,True,150,8550,0.6176647136233365,0.055391432791728215,1,2708,1,1,1,1
698,0542_c0007_015.jpg,542,6,-1,True,150,8550,0.5486324879804043,0.05555555555555555,1,2700,1,1,1,1
699,0542_c0007_020.jpg,542,6,-1,True,150,8550,0.6136823233547765,0.05742725880551302,1,2612,1,1,1,1
700,0542_c0008_000.jpg,542,7,-1,True,150,8550,0.15064317916404613,0.023570081709616594,1,6364,1,1,1,1
701,0542_c0008_005.jpg,542,7,-1,True,150,8550,0.10278153790592734,0.024330900243309004,6,6165,0,0,1,1
702,0542_c0008_010.jpg,542,7,-1,True,150,8550,0.08305116599182522,0.025045917515444983,20,5989,0,0,0,1
703,0542_c0008_015.jpg,542,7,-1,True,150,8550,0.0711460350398125,0.025906735751295335,19,5790,0,0,0,1
704,0542_c0008_020.jpg,542,7,-1,True,150,8550,0.08160285664860865,0.02550586634926033,4,5881,0,1,1,1
705,0544_c0001_000.jpg,544,0,-1,True,150,8550,0.737508087923809,0.3480278422273782,1,431,1,1,1,1
706,0544_c0001_005.jpg,544,0,-1,True,150,8550,0.8293916750012797,0.46153846153846156,1,325,1,1,1,1
707,0544_c0001_010.jpg,544,0,-1,True,150,8550,0.8118511410119925,0.4854368932038835,1,309,1,1,1,1
708,0544_c0001_015.jpg,544,0,-1,True,150,8550,0.8189774220886133,0.43352601156069365,1,346,1,1,1,1
709,0544_c0001_020.jpg,544,0,-1,True,150,8550,0.7778790649811609,0.4838709677419355,1,310,1,1,1,1
710,0544_c0002_000.jpg,544,1,-1,True,150,8550,0.9009947887533495,0.6818181818181818,1,220,1,1,1,1
711,0544_c0002_005.jpg,544,1,-1,True,150,8550,0.8831087867683671,0.6976744186046512,1,215,1,1,1,1
712,0544_c0002_010.jpg,544,1,-1,True,150,8550,0.8470292503127849,0.6437768240343348,1,233,1,1,1,1
713,0544_c0002_015.jpg,544,1,-1,True,150,8550,0.8421537248705735,0.6787330316742082,1,221,1,1,1,1
714,0544_c0002_020.jpg,544,1,-1,True,150,8550,0.8289039377446321,0.7281553398058253,1,206,1,1,1,1
715,0544_c0003_000.jpg,544,2,-1,True,150,8550,0.9965113663687138,0.872093023255814,1,172,1,1,1,1
716,0544_c0003_005.jpg,544,2,-1,True,150,8550,0.9997027600849258,0.9554140127388535,1,157,1,1,1,1
717,0544_c0003_010.jpg,544,2,-1,True,150,8550,0.9998692810457518,0.9803921568627451,1,153,1,1,1,1
718,0544_c0003_015.jpg,544,2,-1,True,150,8550,0.9995000690131125,0.9316770186335404,1,161,1,1,1,1
719,0544_c0003_020.jpg,544,2,-1,True,150,8550,0.9956151662884061,0.872093023255814,1,172,1,1,1,1
720,0544_c0005_000.jpg,544,4,-1,True,150,8550,0.9969001966761747,0.8771929824561403,1,171,1,1,1,1
721,0544_c0005_005.jpg,544,4,-1,True,150,8550,0.9983881687134248,0.8571428571428571,1,175,1,1,1,1
722,0544_c0005_010.jpg,544,4,-1,True,150,8550,0.9960988648902284,0.872093023255814,1,172,1,1,1,1
723,0544_c0005_015.jpg,544,4,-1,True,150,8550,0.9935280200504834,0.6880733944954128,1,218,1,1,1,1
724,0544_c0005_020.jpg,544,4,-1,True,150,8550,0.9981758771373277,0.8982035928143712,1,167,1,1,1,1
725,0544_c0006_000.jpg,544,5,-1,True,150,8550,1.0,1.0,1,150,1,1,1,1
726,0544_c0006_005.jpg,544,5,-1,True,150,8550,1.0,1.0,1,150,1,1,1,1
727,0544_c0006_010.jpg,544,5,-1,True,150,8550,1.0,1.0,1,150,1,1,1,1
728,0544_c0006_015.jpg,544,5,-1,True,150,8550,1.0,1.0,1,150,1,1,1,1
729,0544_c0006_020.jpg,544,5,-1,True,150,8550,1.0,1.0,1,150,1,1,1,1
730,0544_c0007_000.jpg,544,6,-1,True,150,8550,0.9991381505735429,0.9803921568627451,1,153,1,1,1,1
731,0544_c0007_005.jpg,544,6,-1,True,150,8550,0.9986030698609628,0.9554140127388535,1,157,1,1,1,1
732,0544_c0007_010.jpg,544,6,-1,True,150,8550,0.9988353953188531,0.9868421052631579,1,152,1,1,1,1
733,0544_c0007_015.jpg,544,6,-1,True,150,8550,0.9963957570040469,0.9375,1,160,1,1,1,1
734,0544_c0007_020.jpg,544,6,-1,True,150,8550,0.9999558498896247,0.9933774834437086,1,151,1,1,1,1
735,0544_c0008_000.jpg,544,7,-1,True,150,8550,1.0,1.0,1,150,1,1,1,1
736,0544_c0008_005.jpg,544,7,-1,True,150,8550,1.0,1.0,1,150,1,1,1,1
737,0544_c0008_010.jpg,544,7,-1,True,150,8550,1.0,1.0,1,150,1,1,1,1
738,0544_c0008_015.jpg,544,7,-1,True,150,8550,1.0,1.0,1,150,1,1,1,1
739,0544_c0008_020.jpg,544,7,-1,True,150,8550,1.0,1.0,1,150,1,1,1,1
740,0546_c0002_000.jpg,546,1,-1,True,75,8550,0.8915155527187255,0.6198347107438017,1,121,1,1,1,1
741,0546_c0002_005.jpg,546,1,-1,True,75,8550,0.9003297504174426,0.6696428571428571,1,112,1,1,1,1
742,0546_c0002_010.jpg,546,1,-1,True,75,8550,0.9129778100644681,0.75,1,100,1,1,1,1
743,0546_c0002_015.jpg,546,1,-1,True,75,8550,0.9274148042970132,0.75,1,100,1,1,1,1
744,0546_c0002_020.jpg,546,1,-1,True,75,8550,0.907776908264075,0.75,1,100,1,1,1,1
745,0546_c0004_000.jpg,546,3,-1,True,75,8550,1.0,1.0,1,75,1,1,1,1
746,0546_c0004_005.jpg,546,3,-1,True,75,8550,1.0,1.0,1,75,1,1,1,1
747,0546_c0004_010.jpg,546,3,-1,True,75,8550,1.0,1.0,1,75,1,1,1,1
748,0546_c0004_015.jpg,546,3,-1,True,75,8550,1.0,1.0,1,75,1,1,1,1
749,0546_c0004_020.jpg,546,3,-1,True,75,8550,1.0,1.0,1,75,1,1,1,1
750,0546_c0007_000.jpg,546,6,-1,True,75,8550,1.0,1.0,1,75,1,1,1,1
751,0546_c0007_005.jpg,546,6,-1,True,75,8550,1.0,1.0,1,75,1,1,1,1
752,0546_c0007_010.jpg,546,6,-1,True,75,8550,1.0,1.0,1,75,1,1,1,1
753,0546_c0007_015.jpg,546,6,-1,True,75,8550,1.0,1.0,1,75,1,1,1,1
754,0546_c0007_020.jpg,546,6,-1,True,75,8550,0.9996536796536797,0.974025974025974,1,77,1,1,1,1
755,0546_c0008_000.jpg,546,7,-1,True,75,8550,0.7850137760664232,0.3024193548387097,1,248,1,1,1,1
756,0546_c0008_005.jpg,546,7,-1,True,75,8550,0.8015520618670839,0.35545023696682465,1,211,1,1,1,1
757,0546_c0008_010.jpg,546,7,-1,True,75,8550,0.8092285058496465,0.4076086956521739,1,184,1,1,1,1
758,0546_c0008_015.jpg,546,7,-1,True,75,8550,0.7970806353775042,0.375,1,200,1,1,1,1
759,0546_c0008_020.jpg,546,7,-1,True,75,8550,0.9081341409499231,0.5208333333333334,1,144,1,1,1,1
760,0548_c0001_000.jpg,548,0,-1,True,125,8550,0.47992953206287753,0.09865824782951854,1,1267,1,1,1,1
761,0548_c0001_005.jpg,548,0,-1,True,125,8550,0.41033793316564543,0.0777846919726198,1,1607,1,1,1,1
762,0548_c0001_010.jpg,548,0,-1,True,125,8550,0.5234551902187319,0.10296540362438221,1,1214,1,1,1,1
763,0548_c0001_015.jpg,548,0,-1,True,125,8550,0.5187650591516992,0.09505703422053231,1,1315,1,1,1,1
764,0548_c0001_020.jpg,548,0,-1,True,125,8550,0.5446560508214431,0.09682416731216112,1,1291,1,1,1,1
765,0548_c0002_000.jpg,548,1,-1,True,125,8550,0.22337355438442755,0.1513317191283293,44,826,0,0,0,0
766,0548_c0002_005.jpg,548,1,-1,True,125,8550,0.19170038710099271,0.15822784810126583,44,790,0,0,0,0
767,0548_c0002_010.jpg,548,1,-1,True,125,8550,0.24200844654408127,0.15644555694618273,37,799,0,0,0,0
768,0548_c0002_015.jpg,548,1,-1,True,125,8550,0.25357638175795044,0.15762925598991173,32,793,0,0,0,0
769,0548_c0002_020.jpg,548,1,-1,True,125,8550,0.29958918320990074,0.18518518518518517,26,675,0,0,0,0
770,0548_c0003_000.jpg,548,2,-1,True,125,8550,0.41998857263339007,0.35511363636363635,1,352,1,1,1,1
771,0548_c0003_005.jpg,548,2,-1,True,125,8550,0.4208048540968447,0.35511363636363635,1,352,1,1,1,1
772,0548_c0003_010.jpg,548,2,-1,True,125,8550,0.40627799487903776,0.34153005464480873,1,366,1,1,1,1
773,0548_c0003_015.jpg,548,2,-1,True,125,8550,0.44599411887600715,0.3434065934065934,1,364,1,1,1,1
774,0548_c0003_020.jpg,548,2,-1,True,125,8550,0.4344408833413829,0.3472222222222222,1,360,1,1,1,1
775,0548_c0005_000.jpg,548,4,-1,True,125,8550,0.9621807160136605,0.49407114624505927,1,253,1,1,1,1
776,0548_c0005_005.jpg,548,4,-1,True,125,8550,0.9462771097776457,0.44964028776978415,1,278,1,1,1,1
777,0548_c0005_010.jpg,548,4,-1,True,125,8550,0.9015722878835591,0.2670940170940171,1,468,1,1,1,1
778,0548_c0005_015.jpg,548,4,-1,True,125,8550,0.8949625791405922,0.23809523809523808,1,525,1,1,1,1
779,0548_c0005_020.jpg,548,4,-1,True,125,8550,0.9227940876097686,0.34153005464480873,1,366,1,1,1,1
780,0548_c0006_000.jpg,548,5,-1,True,125,8550,0.8744880584955438,0.8223684210526315,1,152,1,1,1,1
781,0548_c0006_005.jpg,548,5,-1,True,125,8550,0.8821454207796764,0.8064516129032258,1,155,1,1,1,1
782,0548_c0006_010.jpg,548,5,-1,True,125,8550,0.8310703268415637,0.7102272727272727,1,176,1,1,1,1
783,0548_c0006_015.jpg,548,5,-1,True,125,8550,0.8674683196768104,0.8333333333333334,1,150,1,1,1,1
784,0548_c0006_020.jpg,548,5,-1,True,125,8550,0.8650426268954704,0.8333333333333334,1,150,1,1,1,1
785,0548_c0007_000.jpg,548,6,-1,True,125,8550,0.7986987812810409,0.30413625304136255,1,411,1,1,1,1
786,0548_c0007_005.jpg,548,6,-1,True,125,8550,0.8229023563713619,0.35714285714285715,1,350,1,1,1,1
787,0548_c0007_010.jpg,548,6,-1,True,125,8550,0.713196727888685,0.22603978300180833,1,553,1,1,1,1
788,0548_c0007_015.jpg,548,6,-1,True,125,8550,0.8083628741819942,0.3238341968911917,1,386,1,1,1,1
789,0548_c0007_020.jpg,548,6,-1,True,125,8550,0.746203418824056,0.26881720430107525,1,465,1,1,1,1
790,0550_c0001_000.jpg,550,0,-1,True,175,8550,0.462579834856333,0.20883054892601433,1,838,1,1,1,1
791,0550_c0001_005.jpg,550,0,-1,True,175,8550,0.4686532378092425,0.21008403361344538,1,833,1,1,1,1
792,0550_c0001_010.jpg,550,0,-1,True,175,8550,0.4593748551118199,0.21084337349397592,1,830,1,1,1,1
793,0550_c0001_015.jpg,550,0,-1,True,175,8550,0.4966689985715722,0.20685579196217493,1,846,1,1,1,1
794,0550_c0001_020.jpg,550,0,-1,True,175,8550,0.48729323136973984,0.20636792452830188,1,848,1,1,1,1
795,0550_c0002_000.jpg,550,1,-1,True,175,8550,0.5885477734508314,0.2946127946127946,1,594,1,1,1,1
796,0550_c0002_005.jpg,550,1,-1,True,175,8550,0.5779563150050804,0.2619760479041916,1,668,1,1,1,1
797,0550_c0002_010.jpg,550,1,-1,True,175,8550,0.5132643047012229,0.23333333333333334,1,750,1,1,1,1
798,0550_c0002_015.jpg,550,1,-1,True,175,8550,0.5050286915302306,0.2623688155922039,1,667,1,1,1,1
799,0550_c0002_020.jpg,550,1,-1,True,175,8550,0.5104084723963203,0.22639068564036222,1,773,1,1,1,1
800,0550_c0003_000.jpg,550,2,-1,True,175,8550,0.36657128138829825,0.1881720430107527,1,930,1,1,1,1
801,0550_c0003_005.jpg,550,2,-1,True,175,8550,0.42251251105315574,0.20114942528735633,1,870,1,1,1,1
802,0550_c0003_010.jpg,550,2,-1,True,175,8550,0.3735774453193976,0.1925192519251925,1,909,1,1,1,1
803,0550_c0003_015.jpg,550,2,-1,True,175,8550,0.3562029403919046,0.18191268191268192,1,962,1,1,1,1
804,0550_c0003_020.jpg,550,2,-1,True,175,8550,0.35117678171569,0.20858164481525626,1,839,1,1,1,1
805,0550_c0004_000.jpg,550,3,-1,True,175,8550,0.6242598325442705,0.4278728606356968,1,409,1,1,1,1
806,0550_c0004_005.jpg,550,3,-1,True,175,8550,0.5564736846883854,0.43424317617866004,1,403,1,1,1,1
807,0550_c0004_010.jpg,550,3,-1,True,175,8550,0.6025837185607015,0.47297297297297297,1,370,1,1,1,1
808,0550_c0004_015.jpg,550,3,-1,True,175,8550,0.5370616996950323,0.44080604534005036,1,397,1,1,1,1
809,0550_c0004_020.jpg,550,3,-1,True,175,8550,0.5792140598928192,0.4227053140096618,1,414,1,1,1,1
810,0550_c0005_000.jpg,550,4,-1,True,175,8550,0.5105748983029003,0.19818799546998866,1,883,1,1,1,1
811,0550_c0005_005.jpg,550,4,-1,True,175,8550,0.6093119064830431,0.24238227146814403,1,722,1,1,1,1
812,0550_c0005_010.jpg,550,4,-1,True,175,8550,0.6478008008553126,0.22208121827411167,1,788,1,1,1,1
813,0550_c0005_015.jpg,550,4,-1,True,175,8550,0.6546151422945158,0.2547307132459971,1,687,1,1,1,1
814,0550_c0005_020.jpg,550,4,-1,True,175,8550,0.5963799775877431,0.22435897435897437,1,780,1,1,1,1
815,0550_c0006_000.jpg,550,5,-1,True,175,8550,0.6239869665725428,0.15527950310559005,1,1127,1,1,1,1
816,0550_c0006_005.jpg,550,5,-1,True,175,8550,0.6179176915813016,0.14855687606112053,1,1178,1,1,1,1
817,0550_c0006_010.jpg,550,5,-1,True,175,8550,0.6164209456261762,0.1604032997250229,1,1091,1,1,1,1
818,0550_c0006_015.jpg,550,5,-1,True,175,8550,0.6384377226547263,0.18248175182481752,1,959,1,1,1,1
819,0550_c0006_020.jpg,550,5,-1,True,175,8550,0.6200147588584259,0.1734390485629336,1,1009,1,1,1,1
820,0550_c0007_000.jpg,550,6,-1,True,175,8550,0.5988751099832306,0.3027681660899654,1,578,1,1,1,1
821,0550_c0007_005.jpg,550,6,-1,True,175,8550,0.6040904016680954,0.35,1,500,1,1,1,1
822,0550_c0007_010.jpg,550,6,-1,True,175,8550,0.6052304269590049,0.33460803059273425,1,523,1,1,1,1
823,0550_c0007_015.jpg,550,6,-1,True,175,8550,0.6050985412661852,0.33269961977186313,1,526,1,1,1,1
824,0550_c0007_020.jpg,550,6,-1,True,175,8550,0.6171087520172831,0.35,1,500,1,1,1,1
825,0550_c0008_000.jpg,550,7,-1,True,175,8550,0.6384836873945053,0.3153153153153153,1,555,1,1,1,1
826,0550_c0008_005.jpg,550,7,-1,True,175,8550,0.6493831164351396,0.3048780487804878,1,574,1,1,1,1
827,0550_c0008_010.jpg,550,7,-1,True,175,8550,0.6481188711953392,0.2897350993377483,1,604,1,1,1,1
828,0550_c0008_015.jpg,550,7,-1,True,175,8550,0.6476377144988192,0.31992687385740404,1,547,1,1,1,1
829,0550_c0008_020.jpg,550,7,-1,True,175,8550,0.6509674871175151,0.3027681660899654,1,578,1,1,1,1
830,0552_c0001_000.jpg,552,0,-1,True,175,8550,0.6600884381150166,0.1493174061433447,1,1172,1,1,1,1
831,0552_c0001_005.jpg,552,0,-1,True,175,8550,0.6573164044630113,0.14498757249378624,1,1207,1,1,1,1
832,0552_c0001_010.jpg,552,0,-1,True,175,8550,0.6535517076594651,0.1443894389438944,1,1212,1,1,1,1
833,0552_c0001_015.jpg,552,0,-1,True,175,8550,0.6490370727280191,0.13618677042801555,1,1285,1,1,1,1
834,0552_c0001_020.jpg,552,0,-1,True,175,8550,0.6254205419521436,0.12077294685990338,1,1449,1,1,1,1
835,0552_c0002_000.jpg,552,1,-1,True,175,8550,0.6949326826139429,0.20833333333333334,1,840,1,1,1,1
836,0552_c0002_005.jpg,552,1,-1,True,175,8550,0.6727856573117134,0.19662921348314608,1,890,1,1,1,1
837,0552_c0002_010.jpg,552,1,-1,True,175,8550,0.750574183419798,0.22040302267002518,1,794,1,1,1,1
838,0552_c0002_015.jpg,552,1,-1,True,175,8550,0.7592864776772041,0.19707207207207209,1,888,1,1,1,1
839,0552_c0002_020.jpg,552,1,-1,True,175,8550,0.6843938438810583,0.18401682439537329,1,951,1,1,1,1
840,0552_c0003_000.jpg,552,2,-1,True,175,8550,1.0,1.0,1,175,1,1,1,1
841,0552_c0003_005.jpg,552,2,-1,True,175,8550,1.0,1.0,1,175,1,1,1,1
842,0552_c0003_010.jpg,552,2,-1,True,175,8550,1.0,1.0,1,175,1,1,1,1
843,0552_c0003_015.jpg,552,2,-1,True,175,8550,1.0,1.0,1,175,1,1,1,1
844,0552_c0003_020.jpg,552,2,-1,True,175,8550,1.0,1.0,1,175,1,1,1,1
845,0552_c0004_000.jpg,552,3,-1,True,175,8550,0.9408152942021417,0.49157303370786515,1,356,1,1,1,1
846,0552_c0004_005.jpg,552,3,-1,True,175,8550,0.9214210898948029,0.42892156862745096,1,408,1,1,1,1
847,0552_c0004_010.jpg,552,3,-1,True,175,8550,0.9900893426745254,0.8333333333333334,1,210,1,1,1,1
848,0552_c0004_015.jpg,552,3,-1,True,175,8550,0.9024640624780013,0.4475703324808184,1,391,1,1,1,1
849,0552_c0004_020.jpg,552,3,-1,True,175,8550,0.9522029697654333,0.5368098159509203,1,326,1,1,1,1
850,0552_c0005_000.jpg,552,4,-1,True,175,8550,1.0,1.0,1,175,1,1,1,1
851,0552_c0005_005.jpg,552,4,-1,True,175,8550,1.0,1.0,1,175,1,1,1,1
852,0552_c0005_010.jpg,552,4,-1,True,175,8550,1.0,1.0,1,175,1,1,1,1
853,0552_c0005_015.jpg,552,4,-1,True,175,8550,0.9989425380509913,0.9210526315789473,1,190,1,1,1,1
854,0552_c0005_020.jpg,552,4,-1,True,175,8550,0.9940150668481205,0.8101851851851852,1,216,1,1,1,1
855,0552_c0006_000.jpg,552,5,-1,True,175,8550,0.8929319551260613,0.3038194444444444,1,576,1,1,1,1
856,0552_c0006_005.jpg,552,5,-1,True,175,8550,0.8790799834188783,0.3108348134991119,1,563,1,1,1,1
857,0552_c0006_010.jpg,552,5,-1,True,175,8550,0.8728822256070293,0.31645569620253167,1,553,1,1,1,1
858,0552_c0006_015.jpg,552,5,-1,True,175,8550,0.8745811297149291,0.32228360957642727,1,543,1,1,1,1
859,0552_c0006_020.jpg,552,5,-1,True,175,8550,0.8772344076592219,0.33081285444234404,1,529,1,1,1,1
860,0552_c0007_000.jpg,552,6,-1,True,175,8550,0.9517404755748576,0.4781420765027322,1,366,1,1,1,1
861,0552_c0007_005.jpg,552,6,-1,True,175,8550,0.9504835244921032,0.4985754985754986,1,351,1,1,1,1
862,0552_c0007_010.jpg,552,6,-1,True,175,8550,0.9324784109048625,0.4396984924623116,1,398,1,1,1,1
863,0552_c0007_015.jpg,552,6,-1,True,175,8550,0.9230387099099638,0.41766109785202865,1,419,1,1,1,1
864,0552_c0007_020.jpg,552,6,-1,True,175,8550,0.9041694857557768,0.3699788583509514,1,473,1,1,1,1
865,0552_c0008_000.jpg,552,7,-1,True,175,8550,0.9278350592965842,0.47297297297297297,1,370,1,1,1,1
866,0552_c0008_005.jpg,552,7,-1,True,175,8550,0.9497306352162761,0.5833333333333334,1,300,1,1,1,1
867,0552_c0008_010.jpg,552,7,-1,True,175,8550,0.9306363758914921,0.47297297297297297,1,370,1,1,1,1
868,0552_c0008_015.jpg,552,7,-1,True,175,8550,0.9376067860999998,0.5239520958083832,1,334,1,1,1,1
869,0552_c0008_020.jpg,552,7,-1,True,175,8550,0.9558429207225504,0.6294964028776978,1,278,1,1,1,1
870,0554_c0001_000.jpg,554,0,-1,True,150,8550,0.9072569171512191,0.42492917847025496,1,353,1,1,1,1
871,0554_c0001_005.jpg,554,0,-1,True,150,8550,0.8939068318444799,0.38961038961038963,1,385,1,1,1,1
872,0554_c0001_010.jpg,554,0,-1,True,150,8550,0.8928596303480335,0.43352601156069365,1,346,1,1,1,1
873,0554_c0001_015.jpg,554,0,-1,True,150,8550,0.8897214957970004,0.3875968992248062,1,387,1,1,1,1
874,0554_c0001_020.jpg,554,0,-1,True,150,8550,0.877542700194826,0.3778337531486146,1,397,1,1,1,1
875,0554_c0002_000.jpg,554,1,-1,True,150,8550,0.5916282289033535,0.22796352583586627,1,658,1,1,1,1
876,0554_c0002_005.jpg,554,1,-1,True,150,8550,0.5614287479648686,0.22970903522205208,1,653,1,1,1,1
877,0554_c0002_010.jpg,554,1,-1,True,150,8550,0.46576293313210176,0.21551724137931033,1,696,1,1,1,1
878,0554_c0002_015.jpg,554,1,-1,True,150,8550,0.4619519840835552,0.22091310751104565,1,679,1,1,1,1
879,0554_c0002_020.jpg,554,1,-1,True,150,8550,0.5100486956106053,0.23696682464454977,1,633,1,1,1,1
880,0554_c0003_000.jpg,554,2,-1,True,150,8550,0.9135390273784529,0.40214477211796246,1,373,1,1,1,1
881,0554_c0003_005.jpg,554,2,-1,True,150,8550,0.9177004195664449,0.42735042735042733,1,351,1,1,1,1
882,0554_c0003_010.jpg,554,2,-1,True,150,8550,0.9073057735073545,0.4065040650406504,1,369,1,1,1,1
883,0554_c0003_015.jpg,554,2,-1,True,150,8550,0.8992491540831213,0.3424657534246575,1,438,1,1,1,1
884,0554_c0003_020.jpg,554,2,-1,True,150,8550,0.9066306253479185,0.41899441340782123,1,358,1,1,1,1
885,0554_c0005_000.jpg,554,4,-1,True,150,8550,0.8678394313333424,0.29296875,1,512,1,1,1,1
886,0554_c0005_005.jpg,554,4,-1,True,150,8550,0.8672612351201732,0.2808988764044944,1,534,1,1,1,1
887,0554_c0005_010.jpg,554,4,-1,True,150,8550,0.8489342614781061,0.26737967914438504,1,561,1,1,1,1
888,0554_c0005_015.jpg,554,4,-1,True,150,8550,0.8580922817097538,0.26881720430107525,1,558,1,1,1,1
889,0554_c0005_020.jpg,554,4,-1,True,150,8550,0.8491012859150456,0.2508361204013378,1,598,1,1,1,1
890,0554_c0006_000.jpg,554,5,-1,True,150,8550,0.9704246361193725,0.8108108108108109,1,185,1,1,1,1
891,0554_c0006_005.jpg,554,5,-1,True,150,8550,0.9738222155968576,0.8426966292134831,1,178,1,1,1,1
892,0554_c0006_010.jpg,554,5,-1,True,150,8550,0.9754002667067599,0.8522727272727273,1,176,1,1,1,1
893,0554_c0006_015.jpg,554,5,-1,True,150,8550,0.9717515188104968,0.819672131147541,1,183,1,1,1,1
894,0554_c0006_020.jpg,554,5,-1,True,150,8550,0.9747901159386546,0.8522727272727273,1,176,1,1,1,1
895,0554_c0007_000.jpg,554,6,-1,True,150,8550,0.7848147227396318,0.3393665158371041,1,442,1,1,1,1
896,0554_c0007_005.jpg,554,6,-1,True,150,8550,0.7689479420489912,0.33482142857142855,1,448,1,1,1,1
897,0554_c0007_010.jpg,554,6,-1,True,150,8550,0.7757875943630843,0.33783783783783783,1,444,1,1,1,1
898,0554_c0007_015.jpg,554,6,-1,True,150,8550,0.8023736525134001,0.3787878787878788,1,396,1,1,1,1
899,0554_c0007_020.jpg,554,6,-1,True,150,8550,0.8255435178351684,0.4065040650406504,1,369,1,1,1,1
900,0554_c0008_000.jpg,554,7,-1,True,150,8550,0.9999114054451803,0.9933774834437086,1,151,1,1,1,1
901,0554_c0008_005.jpg,554,7,-1,True,150,8550,1.0,1.0,1,150,1,1,1,1
902,0554_c0008_010.jpg,554,7,-1,True,150,8550,1.0,1.0,1,150,1,1,1,1
903,0554_c0008_015.jpg,554,7,-1,True,150,8550,1.0,1.0,1,150,1,1,1,1
904,0554_c0008_020.jpg,554,7,-1,True,150,8550,1.0,1.0,1,150,1,1,1,1
905,0556_c0001_000.jpg,556,0,-1,True,175,8550,0.7959202064327785,0.40415704387990764,1,433,1,1,1,1
906,0556_c0001_005.jpg,556,0,-1,True,175,8550,0.7725077394094897,0.38461538461538464,1,455,1,1,1,1
907,0556_c0001_010.jpg,556,0,-1,True,175,8550,0.7357115697741294,0.3528225806451613,2,496,0,1,1,1
908,0556_c0001_015.jpg,556,0,-1,True,175,8550,0.7674267067799221,0.3022452504317789,1,579,1,1,1,1
909,0556_c0001_020.jpg,556,0,-1,True,175,8550,0.7227352206319216,0.315884476534296,3,554,0,1,1,1
910,0556_c0002_000.jpg,556,1,-1,True,175,8550,0.7429202431919925,0.24475524475524477,1,715,1,1,1,1
911,0556_c0002_005.jpg,556,1,-1,True,175,8550,0.8479982961462675,0.4166666666666667,1,420,1,1,1,1
912,0556_c0002_010.jpg,556,1,-1,True,175,8550,0.8493300805765865,0.40045766590389015,1,437,1,1,1,1
913,0556_c0002_015.jpg,556,1,-1,True,175,8550,0.7723776544851455,0.4498714652956298,1,389,1,1,1,1
914,0556_c0002_020.jpg,556,1,-1,True,175,8550,0.7481153740116779,0.4430379746835443,1,395,1,1,1,1
915,0556_c0003_000.jpg,556,2,-1,True,175,8550,0.9464024937587506,0.7847533632286996,1,223,1,1,1,1
916,0556_c0003_005.jpg,556,2,-1,True,175,8550,0.9597438370799619,0.7990867579908676,1,219,1,1,1,1
917,0556_c0003_010.jpg,556,2,-1,True,175,8550,0.9638533508744708,0.8373205741626795,1,209,1,1,1,1
918,0556_c0003_015.jpg,556,2,-1,True,175,8550,0.9766570282539295,0.8706467661691543,1,201,1,1,1,1
919,0556_c0003_020.jpg,556,2,-1,True,175,8550,0.9733887837541592,0.813953488372093,1,215,1,1,1,1
920,0556_c0004_000.jpg,556,3,-1,True,175,8550,0.9679658996641706,0.6628787878787878,1,264,1,1,1,1
921,0556_c0004_005.jpg,556,3,-1,True,175,8550,0.9725574780586327,0.6704980842911877,1,261,1,1,1,1
922,0556_c0004_010.jpg,556,3,-1,True,175,8550,0.9841029434628819,0.6730769230769231,1,260,1,1,1,1
923,0556_c0004_015.jpg,556,3,-1,True,175,8550,0.9858941369456146,0.7056451612903226,1,248,1,1,1,1
924,0556_c0004_020.jpg,556,3,-1,True,175,8550,0.9823145777232352,0.7675438596491229,1,228,1,1,1,1
925,0556_c0005_000.jpg,556,4,-1,True,175,8550,0.566244465822918,0.3653444676409186,1,479,1,1,1,1
926,0556_c0005_005.jpg,556,4,-1,True,175,8550,0.5150827345139437,0.3897550111358575,1,449,1,1,1,1
927,0556_c0005_010.jpg,556,4,-1,True,175,8550,0.6865032998468369,0.4257907542579075,1,411,1,1,1,1
928,0556_c0005_015.jpg,556,4,-1,True,175,8550,0.6361421935006177,0.4013761467889908,1,436,1,1,1,1
929,0556_c0005_020.jpg,556,4,-1,True,175,8550,0.5773764317620234,0.3888888888888889,1,450,1,1,1,1
930,0556_c0006_000.jpg,556,5,-1,True,175,8550,0.9590616255963351,0.660377358490566,1,265,1,1,1,1
931,0556_c0006_005.jpg,556,5,-1,True,175,8550,0.9494166853604983,0.5737704918032787,1,305,1,1,1,1
932,0556_c0006_010.jpg,556,5,-1,True,175,8550,0.9628913748687968,0.6505576208178439,1,269,1,1,1,1
933,0556_c0006_015.jpg,556,5,-1,True,175,8550,0.9591474232076749,0.6457564575645757,1,271,1,1,1,1
934,0556_c0006_020.jpg,556,5,-1,True,175,8550,0.9528706670612722,0.5952380952380952,1,294,1,1,1,1
935,0556_c0007_000.jpg,556,6,-1,True,175,8550,0.9521832460594495,0.6161971830985915,1,284,1,1,1,1
936,0556_c0007_005.jpg,556,6,-1,True,175,8550,0.9421439224636915,0.5335365853658537,1,328,1,1,1,1
937,0556_c0007_010.jpg,556,6,-1,True,175,8550,0.9536795994518519,0.5912162162162162,1,296,1,1,1,1
938,0556_c0007_015.jpg,556,6,-1,True,175,8550,0.9367338033582426,0.5192878338278932,1,337,1,1,1,1
939,0556_c0007_020.jpg,556,6,-1,True,175,8550,0.9448100332027466,0.550314465408805,1,318,1,1,1,1
940,0556_c0008_000.jpg,556,7,-1,True,175,8550,0.9593158103652195,0.6944444444444444,1,252,1,1,1,1
941,0556_c0008_005.jpg,556,7,-1,True,175,8550,0.9405265803841588,0.541795665634675,1,323,1,1,1,1
942,0556_c0008_010.jpg,556,7,-1,True,175,8550,0.9448070965657812,0.603448275862069,1,290,1,1,1,1
943,0556_c0008_015.jpg,556,7,-1,True,175,8550,0.9480373614688699,0.6097560975609756,1,287,1,1,1,1
944,0556_c0008_020.jpg,556,7,-1,True,175,8550,0.9625996165809837,0.6809338521400778,1,257,1,1,1,1
945,0558_c0001_000.jpg,558,0,-1,True,175,8550,0.6982752366834202,0.46296296296296297,1,378,1,1,1,1
946,0558_c0001_005.jpg,558,0,-1,True,175,8550,0.6988777448901687,0.48746518105849584,1,359,1,1,1,1
947,0558_c0001_010.jpg,558,0,-1,True,175,8550,0.7148843560042959,0.5072463768115942,1,345,1,1,1,1
948,0558_c0001_015.jpg,558,0,-1,True,175,8550,0.699260088267005,0.5335365853658537,1,328,1,1,1,1
949,0558_c0001_020.jpg,558,0,-1,True,175,8550,0.6601189064393171,0.5555555555555556,1,315,1,1,1,1
950,0558_c0002_000.jpg,558,1,-1,True,175,8550,0.6511874430034047,0.4196642685851319,1,417,1,1,1,1
951,0558_c0002_005.jpg,558,1,-1,True,175,8550,0.5875543711839405,0.40792540792540793,1,429,1,1,1,1
952,0558_c0002_010.jpg,558,1,-1,True,175,8550,0.5909103985202363,0.38293216630196936,2,457,0,1,1,1
953,0558_c0002_015.jpg,558,1,-1,True,175,8550,0.6180688528109309,0.41371158392434987,2,423,0,1,1,1
954,0558_c0002_020.jpg,558,1,-1,True,175,8550,0.588908528271337,0.36610878661087864,2,478,0,1,1,1
955,0558_c0003_000.jpg,558,2,-1,True,175,8550,0.8850446336883073,0.341130604288499,1,513,1,1,1,1
956,0558_c0003_005.jpg,558,2,-1,True,175,8550,0.8844656634943344,0.32710280373831774,1,535,1,1,1,1
957,0558_c0003_010.jpg,558,2,-1,True,175,8550,0.8931136697787916,0.34516765285996054,1,507,1,1,1,1
958,0558_c0003_015.jpg,558,2,-1,True,175,8550,0.8727120526675143,0.3668763102725367,1,477,1,1,1,1
959,0558_c0003_020.jpg,558,2,-1,True,175,8550,0.8814112907986883,0.38377192982456143,1,456,1,1,1,1
960,0558_c0004_000.jpg,558,3,-1,True,175,8550,0.9355342190179076,0.5351681957186545,1,327,1,1,1,1
961,0558_c0004_005.jpg,558,3,-1,True,175,8550,0.9315992331422747,0.5537974683544303,1,316,1,1,1,1
962,0558_c0004_010.jpg,558,3,-1,True,175,8550,0.9420617658732108,0.5162241887905604,1,339,1,1,1,1
963,0558_c0004_015.jpg,558,3,-1,True,175,8550,0.9277114777384483,0.42475728155339804,1,412,1,1,1,1
964,0558_c0004_020.jpg,558,3,-1,True,175,8550,0.8994670287713387,0.38209606986899564,1,458,1,1,1,1
965,0558_c0005_000.jpg,558,4,-1,True,175,8550,0.7553935079261876,0.341796875,1,512,1,1,1,1
966,0558_c0005_005.jpg,558,4,-1,True,175,8550,0.7145411980183758,0.3404669260700389,1,514,1,1,1,1
967,0558_c0005_010.jpg,558,4,-1,True,175,8550,0.7176443519636693,0.3465346534653465,1,505,1,1,1,1
968,0558_c0005_015.jpg,558,4,-1,True,175,8550,0.7371493576062005,0.33396946564885494,1,524,1,1,1,1
969,0558_c0005_020.jpg,558,4,-1,True,175,8550,0.7486123522209805,0.3211009174311927,1,545,1,1,1,1
970,0558_c0006_000.jpg,558,5,-1,True,175,8550,0.742611283808855,0.5681818181818182,1,308,1,1,1,1
971,0558_c0006_005.jpg,558,5,-1,True,175,8550,0.740927588320379,0.5700325732899023,1,307,1,1,1,1
972,0558_c0006_010.jpg,558,5,-1,True,175,8550,0.7191917286822506,0.5663430420711975,1,309,1,1,1,1
973,0558_c0006_015.jpg,558,5,-1,True,175,8550,0.7745794061789869,0.5700325732899023,1,307,1,1,1,1
974,0558_c0006_020.jpg,558,5,-1,True,175,8550,0.7301232943628799,0.5608974358974359,1,312,1,1,1,1
975,0558_c0007_000.jpg,558,6,-1,True,175,8550,0.9080068255535503,0.541795665634675,1,323,1,1,1,1
976,0558_c0007_005.jpg,558,6,-1,True,175,8550,0.9015514545246643,0.5162241887905604,1,339,1,1,1,1
977,0558_c0007_010.jpg,558,6,-1,True,175,8550,0.8948034480084153,0.5737704918032787,1,305,1,1,1,1
978,0558_c0007_015.jpg,558,6,-1,True,175,8550,0.9108807212769436,0.6653992395437263,1,263,1,1,1,1
979,0558_c0007_020.jpg,558,6,-1,True,175,8550,0.9079910194993256,0.660377358490566,1,265,1,1,1,1
980,0558_c0008_000.jpg,558,7,-1,True,175,8550,0.9257071822524624,0.4581151832460733,1,382,1,1,1,1
981,0558_c0008_005.jpg,558,7,-1,True,175,8550,0.9110990877494604,0.3653444676409186,1,479,1,1,1,1
982,0558_c0008_010.jpg,558,7,-1,True,175,8550,0.9235112799332666,0.42168674698795183,1,415,1,1,1,1
983,0558_c0008_015.jpg,558,7,-1,True,175,8550,0.9230410476558055,0.423728813559322,1,413,1,1,1,1
984,0558_c0008_020.jpg,558,7,-1,True,175,8550,0.9217139856441229,0.4098360655737705,1,427,1,1,1,1
985,0560_c0001_000.jpg,560,0,-1,True,150,8550,0.9249822736114125,0.5617977528089888,1,267,1,1,1,1
986,0560_c0001_005.jpg,560,0,-1,True,150,8550,0.9001927575847899,0.5319148936170213,1,282,1,1,1,1
987,0560_c0001_010.jpg,560,0,-1,True,150,8550,0.8717826348551144,0.5016722408026756,1,299,1,1,1,1
988,0560_c0001_015.jpg,560,0,-1,True,150,8550,0.8662452988689074,0.5084745762711864,1,295,1,1,1,1
989,0560_c0001_020.jpg,560,0,-1,True,150,8550,0.7792520356261109,0.42492917847025496,1,353,1,1,1,1
990,0560_c0002_000.jpg,560,1,-1,True,150,8550,1.0,1.0,1,150,1,1,1,1
991,0560_c0002_005.jpg,560,1,-1,True,150,8550,1.0,1.0,1,150,1,1,1,1
992,0560_c0002_010.jpg,560,1,-1,True,150,8550,1.0,1.0,1,150,1,1,1,1
993,0560_c0002_015.jpg,560,1,-1,True,150,8550,1.0,1.0,1,150,1,1,1,1
994,0560_c0002_020.jpg,560,1,-1,True,150,8550,1.0,1.0,1,150,1,1,1,1
995,0560_c0003_000.jpg,560,2,-1,True,150,8550,0.9903705894882406,0.8571428571428571,1,175,1,1,1,1
996,0560_c0003_005.jpg,560,2,-1,True,150,8550,0.9808074613839927,0.8571428571428571,1,175,1,1,1,1
997,0560_c0003_010.jpg,560,2,-1,True,150,8550,0.9786687371259264,0.8571428571428571,1,175,1,1,1,1
998,0560_c0003_015.jpg,560,2,-1,True,150,8550,0.9812380602431987,0.8571428571428571,1,175,1,1,1,1
999,0560_c0003_020.jpg,560,2,-1,True,150,8550,0.9847858842804821,0.8571428571428571,1,175,1,1,1,1
1000,0560_c0005_000.jpg,560,4,-1,True,150,8550,1.0,1.0,1,150,1,1,1,1
1001,0560_c0005_005.jpg,560,4,-1,True,150,8550,1.0,1.0,1,150,1,1,1,1
1002,0560_c0005_010.jpg,560,4,-1,True,150,8550,1.0,1.0,1,150,1,1,1,1
1003,0560_c0005_015.jpg,560,4,-1,True,150,8550,1.0,1.0,1,150,1,1,1,1
1004,0560_c0005_020.jpg,560,4,-1,True,150,8550,1.0,1.0,1,150,1,1,1,1
1005,0560_c0006_000.jpg,560,5,-1,True,150,8550,0.9910671481242764,0.8571428571428571,1,175,1,1,1,1
1006,0560_c0006_005.jpg,560,5,-1,True,150,8550,0.9950252595544824,0.8670520231213873,1,173,1,1,1,1
1007,0560_c0006_010.jpg,560,5,-1,True,150,8550,0.989030872947821,0.8571428571428571,1,175,1,1,1,1
1008,0560_c0006_015.jpg,560,5,-1,True,150,8550,0.9890979203344119,0.8571428571428571,1,175,1,1,1,1
1009,0560_c0006_020.jpg,560,5,-1,True,150,8550,0.9872720915260775,0.8571428571428571,1,175,1,1,1,1
1010,0560_c0007_000.jpg,560,6,-1,True,150,8550,0.9974998471502806,0.8928571428571429,1,168,1,1,1,1
1011,0560_c0007_005.jpg,560,6,-1,True,150,8550,0.9975924395460646,0.8928571428571429,1,168,1,1,1,1
1012,0560_c0007_010.jpg,560,6,-1,True,150,8550,0.999323146735837,0.9316770186335404,1,161,1,1,1,1
1013,0560_c0007_015.jpg,560,6,-1,True,150,8550,0.9986133622808415,0.8982035928143712,1,167,1,1,1,1
1014,0560_c0007_020.jpg,560,6,-1,True,150,8550,0.9979876553671497,0.8982035928143712,1,167,1,1,1,1
1015,0560_c0008_000.jpg,560,7,-1,True,150,8550,0.9974140377195878,0.8875739644970414,1,169,1,1,1,1
1016,0560_c0008_005.jpg,560,7,-1,True,150,8550,0.9877670787308275,0.8670520231213873,1,173,1,1,1,1
1017,0560_c0008_010.jpg,560,7,-1,True,150,8550,0.9969907275638286,0.8928571428571429,1,168,1,1,1,1
1018,0560_c0008_015.jpg,560,7,-1,True,150,8550,0.9982068432719629,0.8928571428571429,1,168,1,1,1,1
1019,0560_c0008_020.jpg,560,7,-1,True,150,8550,0.9901781636631337,0.8670520231213873,1,173,1,1,1,1
1020,0562_c0001_000.jpg,562,0,-1,True,50,8550,0.9992078431372547,0.9803921568627451,1,51,1,1,1,1
1021,0562_c0001_005.jpg,562,0,-1,True,50,8550,0.998383013205282,0.9803921568627451,1,51,1,1,1,1
1022,0562_c0001_010.jpg,562,0,-1,True,50,8550,0.9996078431372548,0.9803921568627451,1,51,1,1,1,1
1023,0562_c0001_015.jpg,562,0,-1,True,50,8550,0.9972175626814355,0.9433962264150944,1,53,1,1,1,1
1024,0562_c0001_020.jpg,562,0,-1,True,50,8550,1.0,1.0,1,50,1,1,1,1
1025,0562_c0003_000.jpg,562,2,-1,True,50,8550,0.9698572188665051,0.7936507936507936,1,63,1,1,1,1
1026,0562_c0003_005.jpg,562,2,-1,True,50,8550,0.8576606117000252,0.6666666666666666,1,75,1,1,1,1
1027,0562_c0003_010.jpg,562,2,-1,True,50,8550,0.8468944790575605,0.5319148936170213,1,94,1,1,1,1
1028,0562_c0003_015.jpg,562,2,-1,True,50,8550,0.6859456322996013,0.5154639175257731,1,97,1,1,1,1
1029,0562_c0003_020.jpg,562,2,-1,True,50,8550,0.5235856539596973,0.6329113924050633,11,79,0,0,0,1
1030,0562_c0005_000.jpg,562,4,-1,True,50,8550,1.0,1.0,1,50,1,1,1,1
1031,0562_c0005_005.jpg,562,4,-1,True,50,8550,1.0,1.0,1,50,1,1,1,1
1032,0562_c0005_010.jpg,562,4,-1,True,50,8550,1.0,1.0,1,50,1,1,1,1
1033,0562_c0005_015.jpg,562,4,-1,True,50,8550,1.0,1.0,1,50,1,1,1,1
1034,0562_c0005_020.jpg,562,4,-1,True,50,8550,0.98872160198476,0.8333333333333334,1,60,1,1,1,1
1035,0564_c0001_000.jpg,564,0,-1,True,150,8550,1.0,1.0,1,150,1,1,1,1
1036,0564_c0001_005.jpg,564,0,-1,True,150,8550,1.0,1.0,1,150,1,1,1,1
1037,0564_c0001_010.jpg,564,0,-1,True,150,8550,1.0,1.0,1,150,1,1,1,1
1038,0564_c0001_015.jpg,564,0,-1,True,150,8550,1.0,1.0,1,150,1,1,1,1
1039,0564_c0001_020.jpg,564,0,-1,True,150,8550,1.0,1.0,1,150,1,1,1,1
1040,0564_c0002_000.jpg,564,1,-1,True,150,8550,1.0,1.0,1,150,1,1,1,1
1041,0564_c0002_005.jpg,564,1,-1,True,150,8550,1.0,1.0,1,150,1,1,1,1
1042,0564_c0002_010.jpg,564,1,-1,True,150,8550,1.0,1.0,1,150,1,1,1,1
1043,0564_c0002_015.jpg,564,1,-1,True,150,8550,1.0,1.0,1,150,1,1,1,1
1044,0564_c0002_020.jpg,564,1,-1,True,150,8550,1.0,1.0,1,150,1,1,1,1
1045,0564_c0004_000.jpg,564,3,-1,True,150,8550,0.9991317490097977,0.9146341463414634,1,164,1,1,1,1
1046,0564_c0004_005.jpg,564,3,-1,True,150,8550,0.9992566023699453,0.9146341463414634,1,164,1,1,1,1
1047,0564_c0004_010.jpg,564,3,-1,True,150,8550,0.9928076820487739,0.8571428571428571,1,175,1,1,1,1
1048,0564_c0004_015.jpg,564,3,-1,True,150,8550,0.9989865689865689,0.8928571428571429,1,168,1,1,1,1
1049,0564_c0004_020.jpg,564,3,-1,True,150,8550,0.9993425940881927,0.9146341463414634,1,164,1,1,1,1
1050,0564_c0005_000.jpg,564,4,-1,True,150,8550,1.0,1.0,1,150,1,1,1,1
1051,0564_c0005_005.jpg,564,4,-1,True,150,8550,1.0,1.0,1,150,1,1,1,1
1052,0564_c0005_010.jpg,564,4,-1,True,150,8550,1.0,1.0,1,150,1,1,1,1
1053,0564_c0005_015.jpg,564,4,-1,True,150,8550,1.0,1.0,1,150,1,1,1,1
1054,0564_c0005_020.jpg,564,4,-1,True,150,8550,1.0,1.0,1,150,1,1,1,1
1055,0564_c0006_000.jpg,564,5,-1,True,150,8550,1.0,1.0,1,150,1,1,1,1
1056,0564_c0006_005.jpg,564,5,-1,True,150,8550,1.0,1.0,1,150,1,1,1,1
1057,0564_c0006_010.jpg,564,5,-1,True,150,8550,1.0,1.0,1,150,1,1,1,1
1058,0564_c0006_015.jpg,564,5,-1,True,150,8550,1.0,1.0,1,150,1,1,1,1
1059,0564_c0006_020.jpg,564,5,-1,True,150,8550,1.0,1.0,1,150,1,1,1,1
1060,0564_c0007_000.jpg,564,6,-1,True,150,8550,1.0,1.0,1,150,1,1,1,1
1061,0564_c0007_005.jpg,564,6,-1,True,150,8550,1.0,1.0,1,150,1,1,1,1
1062,0564_c0007_010.jpg,564,6,-1,True,150,8550,1.0,1.0,1,150,1,1,1,1
1063,0564_c0007_015.jpg,564,6,-1,True,150,8550,1.0,1.0,1,150,1,1,1,1
1064,0564_c0007_020.jpg,564,6,-1,True,150,8550,1.0,1.0,1,150,1,1,1,1
1065,0564_c0008_000.jpg,564,7,-1,True,150,8550,1.0,1.0,1,150,1,1,1,1
1066,0564_c0008_005.jpg,564,7,-1,True,150,8550,1.0,1.0,1,150,1,1,1,1
1067,0564_c0008_010.jpg,564,7,-1,True,150,8550,1.0,1.0,1,150,1,1,1,1
1068,0564_c0008_015.jpg,564,7,-1,True,150,8550,1.0,1.0,1,150,1,1,1,1
1069,0564_c0008_020.jpg,564,7,-1,True,150,8550,1.0,1.0,1,150,1,1,1,1
1070,0566_c0001_000.jpg,566,0,-1,True,175,8550,0.9768425849388837,0.8663366336633663,1,202,1,1,1,1
1071,0566_c0001_005.jpg,566,0,-1,True,175,8550,0.9872492220074193,0.8536585365853658,1,205,1,1,1,1
1072,0566_c0001_010.jpg,566,0,-1,True,175,8550,0.9954265596601032,0.875,1,200,1,1,1,1
1073,0566_c0001_015.jpg,566,0,-1,True,175,8550,0.9836826570897779,0.8663366336633663,1,202,1,1,1,1
1074,0566_c0001_020.jpg,566,0,-1,True,175,8550,0.9901046905944574,0.8706467661691543,1,201,1,1,1,1
1075,0566_c0002_000.jpg,566,1,-1,True,175,8550,0.8872432324230942,0.45691906005221933,1,383,1,1,1,1
1076,0566_c0002_005.jpg,566,1,-1,True,175,8550,0.861368203172937,0.5239520958083832,1,334,1,1,1,1
1077,0566_c0002_010.jpg,566,1,-1,True,175,8550,0.9373025830462318,0.6363636363636364,1,275,1,1,1,1
1078,0566_c0002_015.jpg,566,1,-1,True,175,8550,0.9316517866999724,0.5794701986754967,1,302,1,1,1,1
1079,0566_c0002_020.jpg,566,1,-1,True,175,8550,0.8404499226374788,0.5287009063444109,1,331,1,1,1,1
1080,0566_c0003_000.jpg,566,2,-1,True,175,8550,0.9951147003960075,0.7882882882882883,1,222,1,1,1,1
1081,0566_c0003_005.jpg,566,2,-1,True,175,8550,0.9551815822599039,0.5255255255255256,1,333,1,1,1,1
1082,0566_c0003_010.jpg,566,2,-1,True,175,8550,0.9864363139851045,0.7,1,250,1,1,1,1
1083,0566_c0003_015.jpg,566,2,-1,True,175,8550,0.9544582211701731,0.5700325732899023,1,307,1,1,1,1
1084,0566_c0003_020.jpg,566,2,-1,True,175,8550,0.9892607477374232,0.6505576208178439,1,269,1,1,1,1
1085,0566_c0004_000.jpg,566,3,-1,True,175,8550,0.9709394758576496,0.7172131147540983,1,244,1,1,1,1
1086,0566_c0004_005.jpg,566,3,-1,True,175,8550,0.9962637607475943,0.8620689655172413,1,203,1,1,1,1
1087,0566_c0004_010.jpg,566,3,-1,True,175,8550,0.9889644944669327,0.7415254237288136,1,236,1,1,1,1
1088,0566_c0004_015.jpg,566,3,-1,True,175,8550,0.9959628103342194,0.8101851851851852,1,216,1,1,1,1
1089,0566_c0004_020.jpg,566,3,-1,True,175,8550,0.9774802935719572,0.7113821138211383,1,246,1,1,1,1
1090,0566_c0005_000.jpg,566,4,-1,True,175,8550,0.8161987470677867,0.29914529914529914,1,585,1,1,1,1
1091,0566_c0005_005.jpg,566,4,-1,True,175,8550,0.8390578237789607,0.3006872852233677,1,582,1,1,1,1
1092,0566_c0005_010.jpg,566,4,-1,True,175,8550,0.8050578119582711,0.26515151515151514,1,660,1,1,1,1
1093,0566_c0005_015.jpg,566,4,-1,True,175,8550,0.8402927667938437,0.330188679245283,1,530,1,1,1,1
1094,0566_c0005_020.jpg,566,4,-1,True,175,8550,0.8355955698262669,0.33396946564885494,1,524,1,1,1,1
1095,0566_c0006_000.jpg,566,5,-1,True,175,8550,0.7912201464558777,0.39592760180995473,1,442,1,1,1,1
1096,0566_c0006_005.jpg,566,5,-1,True,175,8550,0.7450297916217654,0.3458498023715415,1,506,1,1,1,1
1097,0566_c0006_010.jpg,566,5,-1,True,175,8550,0.8446817972397639,0.4557291666666667,1,384,1,1,1,1
1098,0566_c0006_015.jpg,566,5,-1,True,175,8550,0.7533218417305121,0.3723404255319149,1,470,1,1,1,1
1099,0566_c0006_020.jpg,566,5,-1,True,175,8550,0.9015010913705117,0.5043227665706052,1,347,1,1,1,1
1100,0566_c0007_000.jpg,566,6,-1,True,175,8550,0.9419601113081528,0.6653992395437263,1,263,1,1,1,1
1101,0566_c0007_005.jpg,566,6,-1,True,175,8550,0.9061876151148429,0.5700325732899023,1,307,1,1,1,1
1102,0566_c0007_010.jpg,566,6,-1,True,175,8550,0.8551698063363775,0.5351681957186545,1,327,1,1,1,1
1103,0566_c0007_015.jpg,566,6,-1,True,175,8550,0.8252299129312256,0.5255255255255256,1,333,1,1,1,1
1104,0566_c0007_020.jpg,566,6,-1,True,175,8550,0.8231753060022409,0.541795665634675,1,323,1,1,1,1
1105,0566_c0008_000.jpg,566,7,-1,True,175,8550,0.9504510087720727,0.875,1,200,1,1,1,1
1106,0566_c0008_005.jpg,566,7,-1,True,175,8550,0.9651744584331798,0.875,1,200,1,1,1,1
1107,0566_c0008_010.jpg,566,7,-1,True,175,8550,0.9843347694368185,0.8793969849246231,1,199,1,1,1,1
1108,0566_c0008_015.jpg,566,7,-1,True,175,8550,0.9311449640136573,0.875,1,200,1,1,1,1
1109,0566_c0008_020.jpg,566,7,-1,True,175,8550,0.9275109949733972,0.875,1,200,1,1,1,1
1110,0568_c0001_000.jpg,568,0,-1,True,50,8550,0.38059786651581723,0.23148148148148148,2,216,0,1,1,1
1111,0568_c0001_005.jpg,568,0,-1,True,50,8550,0.23574830129872545,0.18867924528301888,26,265,0,0,0,0
1112,0568_c0001_010.jpg,568,0,-1,True,50,8550,0.3593084441846783,0.29411764705882354,11,170,0,0,0,1
1113,0568_c0001_015.jpg,568,0,-1,True,50,8550,0.34211199340717735,0.27472527472527475,6,182,0,0,1,1
1114,0568_c0001_020.jpg,568,0,-1,True,50,8550,0.34005621361847593,0.24154589371980675,5,207,0,1,1,1
1115,0568_c0005_000.jpg,568,4,-1,True,50,8550,1.0,1.0,1,50,1,1,1,1
1116,0568_c0005_005.jpg,568,4,-1,True,50,8550,1.0,1.0,1,50,1,1,1,1
1117,0568_c0005_010.jpg,568,4,-1,True,50,8550,1.0,1.0,1,50,1,1,1,1
1118,0568_c0005_015.jpg,568,4,-1,True,50,8550,1.0,1.0,1,50,1,1,1,1
1119,0568_c0005_020.jpg,568,4,-1,True,50,8550,1.0,1.0,1,50,1,1,1,1
1120,0568_c0006_000.jpg,568,5,-1,True,50,8550,1.0,1.0,1,50,1,1,1,1
1121,0568_c0006_005.jpg,568,5,-1,True,50,8550,0.9582164454845761,0.8333333333333334,1,60,1,1,1,1
1122,0568_c0006_010.jpg,568,5,-1,True,50,8550,0.993349537519147,0.9259259259259259,1,54,1,1,1,1
1123,0568_c0006_015.jpg,568,5,-1,True,50,8550,1.0,1.0,1,50,1,1,1,1
1124,0568_c0006_020.jpg,568,5,-1,True,50,8550,1.0,1.0,1,50,1,1,1,1
1125,0570_c0001_000.jpg,570,0,-1,True,150,8550,0.9952624393987255,0.8620689655172413,1,174,1,1,1,1
1126,0570_c0001_005.jpg,570,0,-1,True,150,8550,0.9787725106153441,0.8333333333333334,1,180,1,1,1,1
1127,0570_c0001_010.jpg,570,0,-1,True,150,8550,0.9858467899527902,0.8522727272727273,1,176,1,1,1,1
1128,0570_c0001_015.jpg,570,0,-1,True,150,8550,0.9860909524533088,0.872093023255814,1,172,1,1,1,1
1129,0570_c0001_020.jpg,570,0,-1,True,150,8550,0.9361927675156922,0.5660377358490566,1,265,1,1,1,1
1130,0570_c0002_000.jpg,570,1,-1,True,150,8550,0.9404651716670813,0.6637168141592921,1,226,1,1,1,1
1131,0570_c0002_005.jpg,570,1,-1,True,150,8550,0.9535035684635205,0.7075471698113207,1,212,1,1,1,1
1132,0570_c0002_010.jpg,570,1,-1,True,150,8550,0.9324644960562587,0.7317073170731707,1,205,1,1,1,1
1133,0570_c0002_015.jpg,570,1,-1,True,150,8550,0.9533912339863122,0.7109004739336493,1,211,1,1,1,1
1134,0570_c0002_020.jpg,570,1,-1,True,150,8550,0.9325184335652891,0.6787330316742082,1,221,1,1,1,1
1135,0570_c0004_000.jpg,570,3,-1,True,150,8550,1.0,1.0,1,150,1,1,1,1
1136,0570_c0004_005.jpg,570,3,-1,True,150,8550,1.0,1.0,1,150,1,1,1,1
1137,0570_c0004_010.jpg,570,3,-1,True,150,8550,0.9989321489961958,0.9375,1,160,1,1,1,1
1138,0570_c0004_015.jpg,570,3,-1,True,150,8550,1.0,1.0,1,150,1,1,1,1
1139,0570_c0004_020.jpg,570,3,-1,True,150,8550,0.9998678362573101,0.9868421052631579,1,152,1,1,1,1
1140,0570_c0005_000.jpg,570,4,-1,True,150,8550,1.0,1.0,1,150,1,1,1,1
1141,0570_c0005_005.jpg,570,4,-1,True,150,8550,0.9982601636694306,0.9090909090909091,1,165,1,1,1,1
1142,0570_c0005_010.jpg,570,4,-1,True,150,8550,0.9972415610238257,0.8823529411764706,1,170,1,1,1,1
1143,0570_c0005_015.jpg,570,4,-1,True,150,8550,0.999108960740057,0.9433962264150944,1,159,1,1,1,1
1144,0570_c0005_020.jpg,570,4,-1,True,150,8550,0.9998230935280035,0.9868421052631579,1,152,1,1,1,1
1145,0570_c0006_000.jpg,570,5,-1,True,150,8550,0.9262348286258649,0.6276150627615062,1,239,1,1,1,1
1146,0570_c0006_005.jpg,570,5,-1,True,150,8550,0.8891700971784006,0.4807692307692308,1,312,1,1,1,1
1147,0570_c0006_010.jpg,570,5,-1,True,150,8550,0.9210779880711986,0.625,1,240,1,1,1,1
1148,0570_c0006_015.jpg,570,5,-1,True,150,8550,0.8746396712646595,0.5319148936170213,1,282,1,1,1,1
1149,0570_c0006_020.jpg,570,5,-1,True,150,8550,0.8914983321851438,0.5952380952380952,1,252,1,1,1,1
1150,0570_c0007_000.jpg,570,6,-1,True,150,8550,0.9633701278582049,0.8426966292134831,1,178,1,1,1,1
1151,0570_c0007_005.jpg,570,6,-1,True,150,8550,0.9631093697953683,0.8426966292134831,1,178,1,1,1,1
1152,0570_c0007_010.jpg,570,6,-1,True,150,8550,0.9627439766615993,0.8379888268156425,1,179,1,1,1,1
1153,0570_c0007_015.jpg,570,6,-1,True,150,8550,0.9549641544705758,0.8287292817679558,1,181,1,1,1,1
1154,0570_c0007_020.jpg,570,6,-1,True,150,8550,0.9294195511809007,0.7537688442211056,1,199,1,1,1,1
1155,0570_c0008_000.jpg,570,7,-1,True,150,8550,0.9997780484829586,0.9868421052631579,1,152,1,1,1,1
1156,0570_c0008_005.jpg,570,7,-1,True,150,8550,1.0,1.0,1,150,1,1,1,1
1157,0570_c0008_010.jpg,570,7,-1,True,150,8550,1.0,1.0,1,150,1,1,1,1
1158,0570_c0008_015.jpg,570,7,-1,True,150,8550,1.0,1.0,1,150,1,1,1,1
1159,0570_c0008_020.jpg,570,7,-1,True,150,8550,1.0,1.0,1,150,1,1,1,1
1160,0572_c0001_000.jpg,572,0,-1,True,175,8550,0.9977722218755867,0.9615384615384616,1,182,1,1,1,1
1161,0572_c0001_005.jpg,572,0,-1,True,175,8550,0.9959355655609459,0.9308510638297872,1,188,1,1,1,1
1162,0572_c0001_010.jpg,572,0,-1,True,175,8550,0.9850810630868622,0.8215962441314554,1,213,1,1,1,1
1163,0572_c0001_015.jpg,572,0,-1,True,175,8550,0.9942483821333882,0.9020618556701031,1,194,1,1,1,1
1164,0572_c0001_020.jpg,572,0,-1,True,175,8550,0.9727907913393993,0.8663366336633663,1,202,1,1,1,1
1165,0572_c0002_000.jpg,572,1,-1,True,175,8550,0.9594933210395886,0.5434782608695652,1,322,1,1,1,1
1166,0572_c0002_005.jpg,572,1,-1,True,175,8550,0.9575516339994176,0.587248322147651,1,298,1,1,1,1
1167,0572_c0002_010.jpg,572,1,-1,True,175,8550,0.948820074407321,0.5147058823529411,1,340,1,1,1,1
1168,0572_c0002_015.jpg,572,1,-1,True,175,8550,0.9722280035454095,0.6294964028776978,1,278,1,1,1,1
1169,0572_c0002_020.jpg,572,1,-1,True,175,8550,0.9425676443142115,0.4971590909090909,1,352,1,1,1,1
1170,0572_c0003_000.jpg,572,2,-1,True,175,8550,0.7035283938152976,0.32649253731343286,1,536,1,1,1,1
1171,0572_c0003_005.jpg,572,2,-1,True,175,8550,0.7014512979628117,0.32169117647058826,1,544,1,1,1,1
1172,0572_c0003_010.jpg,572,2,-1,True,175,8550,0.7890554650177981,0.46174142480211083,1,379,1,1,1,1
1173,0572_c0003_015.jpg,572,2,-1,True,175,8550,0.6468106500104466,0.3102836879432624,1,564,1,1,1,1
1174,0572_c0003_020.jpg,572,2,-1,True,175,8550,0.697472031898023,0.31992687385740404,1,547,1,1,1,1
1175,0572_c0004_000.jpg,572,3,-1,True,175,8550,0.9998710387525798,0.9831460674157303,1,178,1,1,1,1
1176,0572_c0004_005.jpg,572,3,-1,True,175,8550,0.997647618989139,0.9358288770053476,1,187,1,1,1,1
1177,0572_c0004_010.jpg,572,3,-1,True,175,8550,0.9953593996680489,0.9162303664921466,1,191,1,1,1,1
1178,0572_c0004_015.jpg,572,3,-1,True,175,8550,0.9980378829443964,0.9615384615384616,1,182,1,1,1,1
1179,0572_c0004_020.jpg,572,3,-1,True,175,8550,0.9995506059821667,0.9668508287292817,1,181,1,1,1,1
1180,0572_c0005_000.jpg,572,4,-1,True,175,8550,0.943102949669988,0.46419098143236076,1,377,1,1,1,1
1181,0572_c0005_005.jpg,572,4,-1,True,175,8550,0.9648033363850116,0.5663430420711975,1,309,1,1,1,1
1182,0572_c0005_010.jpg,572,4,-1,True,175,8550,0.9529580586558314,0.5116959064327485,1,342,1,1,1,1
1183,0572_c0005_015.jpg,572,4,-1,True,175,8550,0.9481586816639457,0.44529262086513993,1,393,1,1,1,1
1184,0572_c0005_020.jpg,572,4,-1,True,175,8550,0.9479743001105622,0.5072463768115942,1,345,1,1,1,1
1185,0572_c0006_000.jpg,572,5,-1,True,175,8550,1.0,1.0,1,175,1,1,1,1
1186,0572_c0006_005.jpg,572,5,-1,True,175,8550,1.0,1.0,1,175,1,1,1,1
1187,0572_c0006_010.jpg,572,5,-1,True,175,8550,1.0,1.0,1,175,1,1,1,1
1188,0572_c0006_015.jpg,572,5,-1,True,175,8550,0.9997714028677835,0.9887005649717514,1,177,1,1,1,1
1189,0572_c0006_020.jpg,572,5,-1,True,175,8550,1.0,1.0,1,175,1,1,1,1
1190,0572_c0007_000.jpg,572,6,-1,True,175,8550,0.8802528964535804,0.4533678756476684,1,386,1,1,1,1
1191,0572_c0007_005.jpg,572,6,-1,True,175,8550,0.8585873561736937,0.3699788583509514,1,473,1,1,1,1
1192,0572_c0007_010.jpg,572,6,-1,True,175,8550,0.8886936546326378,0.5287009063444109,1,331,1,1,1,1
1193,0572_c0007_015.jpg,572,6,-1,True,175,8550,0.8991884166150995,0.5591054313099042,1,313,1,1,1,1
1194,0572_c0007_020.jpg,572,6,-1,True,175,8550,0.8713369472818254,0.4475703324808184,1,391,1,1,1,1
1195,0572_c0008_000.jpg,572,7,-1,True,175,8550,0.9942908259446847,0.8883248730964467,1,197,1,1,1,1
1196,0572_c0008_005.jpg,572,7,-1,True,175,8550,0.9942579591101905,0.8928571428571429,1,196,1,1,1,1
1197,0572_c0008_010.jpg,572,7,-1,True,175,8550,0.980369354349384,0.8578431372549019,1,204,1,1,1,1
1198,0572_c0008_015.jpg,572,7,-1,True,175,8550,0.989820213466044,0.875,1,200,1,1,1,1
1199,0572_c0008_020.jpg,572,7,-1,True,175,8550,0.9950070560304379,0.9114583333333334,1,192,1,1,1,1
1200,0574_c0001_000.jpg,574,0,-1,True,150,8550,0.9129163131110162,0.42016806722689076,1,357,1,1,1,1
1201,0574_c0001_005.jpg,574,0,-1,True,150,8550,0.9164593723480281,0.42613636363636365,1,352,1,1,1,1
1202,0574_c0001_010.jpg,574,0,-1,True,150,8550,0.9586095342890796,0.5725190839694656,1,262,1,1,1,1
1203,0574_c0001_015.jpg,574,0,-1,True,150,8550,0.9537527961664227,0.5882352941176471,1,255,1,1,1,1
1204,0574_c0001_020.jpg,574,0,-1,True,150,8550,0.9283842626705837,0.5172413793103449,1,290,1,1,1,1
1205,0574_c0002_000.jpg,574,1,-1,True,150,8550,0.9852477794001933,0.7211538461538461,1,208,1,1,1,1
1206,0574_c0002_005.jpg,574,1,-1,True,150,8550,0.9979266008882877,0.8426966292134831,1,178,1,1,1,1
1207,0574_c0002_010.jpg,574,1,-1,True,150,8550,0.9945185067470325,0.8333333333333334,1,180,1,1,1,1
1208,0574_c0002_015.jpg,574,1,-1,True,150,8550,0.9971438280717843,0.8522727272727273,1,176,1,1,1,1
1209,0574_c0002_020.jpg,574,1,-1,True,150,8550,0.9896664088316002,0.7894736842105263,1,190,1,1,1,1
1210,0574_c0003_000.jpg,574,2,-1,True,150,8550,0.961695459843526,0.7853403141361257,1,191,1,1,1,1
1211,0574_c0003_005.jpg,574,2,-1,True,150,8550,0.9634269589690255,0.7692307692307693,1,195,1,1,1,1
1212,0574_c0003_010.jpg,574,2,-1,True,150,8550,0.9626261583937249,0.7537688442211056,1,199,1,1,1,1
1213,0574_c0003_015.jpg,574,2,-1,True,150,8550,0.9731296839143221,0.7575757575757576,1,198,1,1,1,1
1214,0574_c0003_020.jpg,574,2,-1,True,150,8550,0.9612942964993152,0.75,1,200,1,1,1,1
1215,0574_c0004_000.jpg,574,3,-1,True,150,8550,0.9571327804745118,0.8571428571428571,1,175,1,1,1,1
1216,0574_c0004_005.jpg,574,3,-1,True,150,8550,0.9611502500093464,0.8571428571428571,1,175,1,1,1,1
1217,0574_c0004_010.jpg,574,3,-1,True,150,8550,0.979865044381457,0.8571428571428571,1,175,1,1,1,1
1218,0574_c0004_015.jpg,574,3,-1,True,150,8550,0.9913839922898698,0.9433962264150944,1,159,1,1,1,1
1219,0574_c0004_020.jpg,574,3,-1,True,150,8550,0.9955750683528216,0.9554140127388535,1,157,1,1,1,1
1220,0574_c0005_000.jpg,574,4,-1,True,150,8550,0.6769994553670103,0.3303964757709251,1,454,1,1,1,1
1221,0574_c0005_005.jpg,574,4,-1,True,150,8550,0.7241592579474403,0.3488372093023256,1,430,1,1,1,1
1222,0574_c0005_010.jpg,574,4,-1,True,150,8550,0.7390501117021631,0.33860045146726864,1,443,1,1,1,1
1223,0574_c0005_015.jpg,574,4,-1,True,150,8550,0.7212968742287698,0.32894736842105265,1,456,1,1,1,1
1224,0574_c0005_020.jpg,574,4,-1,True,150,8550,0.7266195441520612,0.3191489361702128,1,470,1,1,1,1
1225,0574_c0006_000.jpg,574,5,-1,True,150,8550,1.0,1.0,1,150,1,1,1,1
1226,0574_c0006_005.jpg,574,5,-1,True,150,8550,1.0,1.0,1,150,1,1,1,1
1227,0574_c0006_010.jpg,574,5,-1,True,150,8550,1.0,1.0,1,150,1,1,1,1
1228,0574_c0006_015.jpg,574,5,-1,True,150,8550,1.0,1.0,1,150,1,1,1,1
1229,0574_c0006_020.jpg,574,5,-1,True,150,8550,0.9996496507172004,0.974025974025974,1,154,1,1,1,1
1230,0574_c0008_000.jpg,574,7,-1,True,150,8550,0.9886201222386114,0.8021390374331551,1,187,1,1,1,1
1231,0574_c0008_005.jpg,574,7,-1,True,150,8550,0.9637550136389351,0.7352941176470589,1,204,1,1,1,1
1232,0574_c0008_010.jpg,574,7,-1,True,150,8550,0.9699313395378126,0.7389162561576355,1,203,1,1,1,1
1233,0574_c0008_015.jpg,574,7,-1,True,150,8550,0.9751304889848078,0.746268656716418,1,201,1,1,1,1
1234,0574_c0008_020.jpg,574,7,-1,True,150,8550,0.9811411818614548,0.7614213197969543,1,197,1,1,1,1
1235,0576_c0001_000.jpg,576,0,-1,True,150,8550,0.9644947457455807,0.8241758241758241,1,182,1,1,1,1
1236,0576_c0001_005.jpg,576,0,-1,True,150,8550,0.9423815379466688,0.646551724137931,1,232,1,1,1,1
1237,0576_c0001_010.jpg,576,0,-1,True,150,8550,0.9121488552296458,0.6437768240343348,1,233,1,1,1,1
1238,0576_c0001_015.jpg,576,0,-1,True,150,8550,0.9411720268031901,0.6198347107438017,1,242,1,1,1,1
1239,0576_c0001_020.jpg,576,0,-1,True,150,8550,0.9278627518707626,0.6410256410256411,1,234,1,1,1,1
1240,0576_c0002_000.jpg,576,1,-1,True,150,8550,1.0,1.0,1,150,1,1,1,1
1241,0576_c0002_005.jpg,576,1,-1,True,150,8550,0.9996966460158085,0.967741935483871,1,155,1,1,1,1
1242,0576_c0002_010.jpg,576,1,-1,True,150,8550,1.0,1.0,1,150,1,1,1,1
1243,0576_c0002_015.jpg,576,1,-1,True,150,8550,1.0,1.0,1,150,1,1,1,1
1244,0576_c0002_020.jpg,576,1,-1,True,150,8550,0.9987483574430371,0.9090909090909091,1,165,1,1,1,1
1245,0576_c0003_000.jpg,576,2,-1,True,150,8550,1.0,1.0,1,150,1,1,1,1
1246,0576_c0003_005.jpg,576,2,-1,True,150,8550,1.0,1.0,1,150,1,1,1,1
1247,0576_c0003_010.jpg,576,2,-1,True,150,8550,1.0,1.0,1,150,1,1,1,1
1248,0576_c0003_015.jpg,576,2,-1,True,150,8550,1.0,1.0,1,150,1,1,1,1
1249,0576_c0003_020.jpg,576,2,-1,True,150,8550,1.0,1.0,1,150,1,1,1,1
1250,0576_c0004_000.jpg,576,3,-1,True,150,8550,1.0,1.0,1,150,1,1,1,1
1251,0576_c0004_005.jpg,576,3,-1,True,150,8550,1.0,1.0,1,150,1,1,1,1
1252,0576_c0004_010.jpg,576,3,-1,True,150,8550,1.0,1.0,1,150,1,1,1,1
1253,0576_c0004_015.jpg,576,3,-1,True,150,8550,1.0,1.0,1,150,1,1,1,1
1254,0576_c0004_020.jpg,576,3,-1,True,150,8550,1.0,1.0,1,150,1,1,1,1
1255,0576_c0005_000.jpg,576,4,-1,True,150,8550,1.0,1.0,1,150,1,1,1,1
1256,0576_c0005_005.jpg,576,4,-1,True,150,8550,1.0,1.0,1,150,1,1,1,1
1257,0576_c0005_010.jpg,576,4,-1,True,150,8550,1.0,1.0,1,150,1,1,1,1
1258,0576_c0005_015.jpg,576,4,-1,True,150,8550,1.0,1.0,1,150,1,1,1,1
1259,0576_c0005_020.jpg,576,4,-1,True,150,8550,1.0,1.0,1,150,1,1,1,1
1260,0576_c0006_000.jpg,576,5,-1,True,150,8550,1.0,1.0,1,150,1,1,1,1
1261,0576_c0006_005.jpg,576,5,-1,True,150,8550,1.0,1.0,1,150,1,1,1,1
1262,0576_c0006_010.jpg,576,5,-1,True,150,8550,1.0,1.0,1,150,1,1,1,1
1263,0576_c0006_015.jpg,576,5,-1,True,150,8550,1.0,1.0,1,150,1,1,1,1
1264,0576_c0006_020.jpg,576,5,-1,True,150,8550,1.0,1.0,1,150,1,1,1,1
1265,0576_c0007_000.jpg,576,6,-1,True,150,8550,0.9842594380485469,0.8021390374331551,1,187,1,1,1,1
1266,0576_c0007_005.jpg,576,6,-1,True,150,8550,0.9939297332084294,0.9146341463414634,1,164,1,1,1,1
1267,0576_c0007_010.jpg,576,6,-1,True,150,8550,0.9847644555010262,0.8333333333333334,1,180,1,1,1,1
1268,0576_c0007_015.jpg,576,6,-1,True,150,8550,0.9991683645963849,0.9554140127388535,1,157,1,1,1,1
1269,0576_c0007_020.jpg,576,6,-1,True,150,8550,0.9896600723735346,0.819672131147541,1,183,1,1,1,1
1270,0578_c0001_000.jpg,578,0,-1,True,175,8550,0.7231061525613555,0.3854625550660793,1,454,1,1,1,1
1271,0578_c0001_005.jpg,578,0,-1,True,175,8550,0.7029511804315479,0.3977272727272727,1,440,1,1,1,1
1272,0578_c0001_010.jpg,578,0,-1,True,175,8550,0.722201809293838,0.39414414414414417,1,444,1,1,1,1
1273,0578_c0001_015.jpg,578,0,-1,True,175,8550,0.6499346066980841,0.3707627118644068,1,472,1,1,1,1
1274,0578_c0001_020.jpg,578,0,-1,True,175,8550,0.6785062226930567,0.3897550111358575,1,449,1,1,1,1
1275,0578_c0002_000.jpg,578,1,-1,True,175,8550,0.3559814492154717,0.23712737127371275,3,738,0,1,1,1
1276,0578_c0002_005.jpg,578,1,-1,True,175,8550,0.3057747508838819,0.2543604651162791,26,688,0,0,0,0
1277,0578_c0002_010.jpg,578,1,-1,True,175,8550,0.38269377623771644,0.24171270718232044,5,724,0,1,1,1
1278,0578_c0002_015.jpg,578,1,-1,True,175,8550,0.34547632744044593,0.25510204081632654,25,686,0,0,0,0
1279,0578_c0002_020.jpg,578,1,-1,True,175,8550,0.41057236340033487,0.23616734143049933,14,741,0,0,0,1
1280,0578_c0003_000.jpg,578,2,-1,True,175,8550,0.8315998765407555,0.38209606986899564,1,458,1,1,1,1
1281,0578_c0003_005.jpg,578,2,-1,True,175,8550,0.8176488901593673,0.35860655737704916,1,488,1,1,1,1
1282,0578_c0003_010.jpg,578,2,-1,True,175,8550,0.838076855698769,0.39414414414414417,1,444,1,1,1,1
1283,0578_c0003_015.jpg,578,2,-1,True,175,8550,0.8645119956466595,0.47554347826086957,1,368,1,1,1,1
1284,0578_c0003_020.jpg,578,2,-1,True,175,8550,0.8720821147913534,0.501432664756447,1,349,1,1,1,1
1285,0578_c0004_000.jpg,578,3,-1,True,175,8550,0.7431596872744084,0.45103092783505155,1,388,1,1,1,1
1286,0578_c0004_005.jpg,578,3,-1,True,175,8550,0.776570757565319,0.5319148936170213,1,329,1,1,1,1
1287,0578_c0004_010.jpg,578,3,-1,True,175,8550,0.7754590248478699,0.49295774647887325,1,355,1,1,1,1
1288,0578_c0004_015.jpg,578,3,-1,True,175,8550,0.8461805016246238,0.6457564575645757,1,271,1,1,1,1
1289,0578_c0004_020.jpg,578,3,-1,True,175,8550,0.857363153646202,0.6205673758865248,1,282,1,1,1,1
1290,0578_c0005_000.jpg,578,4,-1,True,175,8550,0.9465112033742237,0.4498714652956298,1,389,1,1,1,1
1291,0578_c0005_005.jpg,578,4,-1,True,175,8550,0.9039373452988447,0.3977272727272727,1,440,1,1,1,1
1292,0578_c0005_010.jpg,578,4,-1,True,175,8550,0.9058444090880382,0.39325842696629215,1,445,1,1,1,1
1293,0578_c0005_015.jpg,578,4,-1,True,175,8550,0.9225944814269446,0.4605263157894737,1,380,1,1,1,1
1294,0578_c0005_020.jpg,578,4,-1,True,175,8550,0.9003861158864761,0.48476454293628807,1,361,1,1,1,1
1295,0578_c0006_000.jpg,578,5,-1,True,175,8550,0.7487040965059631,0.22349936143039592,1,783,1,1,1,1
1296,0578_c0006_005.jpg,578,5,-1,True,175,8550,0.7822959665788027,0.23616734143049933,1,741,1,1,1,1
1297,0578_c0006_010.jpg,578,5,-1,True,175,8550,0.7520422204382309,0.2403846153846154,1,728,1,1,1,1
1298,0578_c0006_015.jpg,578,5,-1,True,175,8550,0.7528770494403358,0.2336448598130841,1,749,1,1,1,1
1299,0578_c0006_020.jpg,578,5,-1,True,175,8550,0.7702400387167713,0.2368064952638701,1,739,1,1,1,1
1300,0578_c0007_000.jpg,578,6,-1,True,175,8550,0.9677388688337815,0.7675438596491229,1,228,1,1,1,1
1301,0578_c0007_005.jpg,578,6,-1,True,175,8550,0.875493341590987,0.5700325732899023,1,307,1,1,1,1
1302,0578_c0007_010.jpg,578,6,-1,True,175,8550,0.8972597539013183,0.5775577557755776,1,303,1,1,1,1
1303,0578_c0007_015.jpg,578,6,-1,True,175,8550,0.8944514622793492,0.603448275862069,1,290,1,1,1,1
1304,0578_c0007_020.jpg,578,6,-1,True,175,8550,0.9344622087987293,0.6363636363636364,1,275,1,1,1,1
1305,0578_c0008_000.jpg,578,7,-1,True,175,8550,0.5839114652490071,0.39414414414414417,1,444,1,1,1,1
1306,0578_c0008_005.jpg,578,7,-1,True,175,8550,0.584032321376973,0.3668763102725367,1,477,1,1,1,1
1307,0578_c0008_010.jpg,578,7,-1,True,175,8550,0.5641715799898358,0.3796095444685466,1,461,1,1,1,1
1308,0578_c0008_015.jpg,578,7,-1,True,175,8550,0.5687678050217123,0.39863325740318906,1,439,1,1,1,1
1309,0578_c0008_020.jpg,578,7,-1,True,175,8550,0.5799551395489474,0.390625,1,448,1,1,1,1
1310,0580_c0001_000.jpg,580,0,-1,True,175,8550,0.6200622526491811,0.43859649122807015,1,399,1,1,1,1
1311,0580_c0001_005.jpg,580,0,-1,True,175,8550,0.5972822118446711,0.3645833333333333,1,480,1,1,1,1
1312,0580_c0001_010.jpg,580,0,-1,True,175,8550,0.5513442952728905,0.35714285714285715,1,490,1,1,1,1
1313,0580_c0001_015.jpg,580,0,-1,True,175,8550,0.590519777243003,0.4268292682926829,1,410,1,1,1,1
1314,0580_c0001_020.jpg,580,0,-1,True,175,8550,0.6184819700156097,0.4679144385026738,1,374,1,1,1,1
1315,0580_c0002_000.jpg,580,1,-1,True,175,8550,0.34860534806793353,0.26758409785932724,23,654,0,0,0,0
1316,0580_c0002_005.jpg,580,1,-1,True,175,8550,0.4314164703861381,0.2902155887230514,7,603,0,0,1,1
1317,0580_c0002_010.jpg,580,1,-1,True,175,8550,0.5151586732938115,0.2596439169139466,1,674,1,1,1,1
1318,0580_c0002_015.jpg,580,1,-1,True,175,8550,0.5513045248129979,0.29069767441860467,1,602,1,1,1,1
1319,0580_c0002_020.jpg,580,1,-1,True,175,8550,0.614502833189566,0.3295668549905838,1,531,1,1,1,1
1320,0580_c0003_000.jpg,580,2,-1,True,175,8550,0.8149970938086237,0.6628787878787878,1,264,1,1,1,1
1321,0580_c0003_005.jpg,580,2,-1,True,175,8550,0.8264098679382943,0.6756756756756757,1,259,1,1,1,1
1322,0580_c0003_010.jpg,580,2,-1,True,175,8550,0.7813636508728213,0.6433823529411765,1,272,1,1,1,1
1323,0580_c0003_015.jpg,580,2,-1,True,175,8550,0.7654252279511748,0.6055363321799307,1,289,1,1,1,1
1324,0580_c0003_020.jpg,580,2,-1,True,175,8550,0.7876302169457626,0.6227758007117438,1,281,1,1,1,1
1325,0580_c0004_000.jpg,580,3,-1,True,175,8550,0.9969630100045216,0.8974358974358975,1,195,1,1,1,1
1326,0580_c0004_005.jpg,580,3,-1,True,175,8550,0.9938836998327393,0.8177570093457944,1,214,1,1,1,1
1327,0580_c0004_010.jpg,580,3,-1,True,175,8550,0.9962340012007371,0.8495145631067961,1,206,1,1,1,1
1328,0580_c0004_015.jpg,580,3,-1,True,175,8550,0.991806911529934,0.7056451612903226,1,248,1,1,1,1
1329,0580_c0004_020.jpg,580,3,-1,True,175,8550,0.9763975429648024,0.603448275862069,1,290,1,1,1,1
1330,0580_c0005_000.jpg,580,4,-1,True,175,8550,0.6631584985275483,0.41766109785202865,1,419,1,1,1,1
1331,0580_c0005_005.jpg,580,4,-1,True,175,8550,0.6794411331159823,0.4278728606356968,1,409,1,1,1,1
1332,0580_c0005_010.jpg,580,4,-1,True,175,8550,0.6824763102989186,0.42475728155339804,1,412,1,1,1,1
1333,0580_c0005_015.jpg,580,4,-1,True,175,8550,0.6042737325542017,0.3897550111358575,1,449,1,1,1,1
1334,0580_c0005_020.jpg,580,4,-1,True,175,8550,0.6264603178044438,0.3747323340471092,1,467,1,1,1,1
1335,0580_c0006_000.jpg,580,5,-1,True,175,8550,0.8501381430931789,0.5368098159509203,1,326,1,1,1,1
1336,0580_c0006_005.jpg,580,5,-1,True,175,8550,0.8457726153176772,0.5833333333333334,1,300,1,1,1,1
1337,0580_c0006_010.jpg,580,5,-1,True,175,8550,0.8139712493628143,0.5718954248366013,1,306,1,1,1,1
1338,0580_c0006_015.jpg,580,5,-1,True,175,8550,0.8479811032763214,0.5102040816326531,1,343,1,1,1,1
1339,0580_c0006_020.jpg,580,5,-1,True,175,8550,0.8350440190051533,0.44871794871794873,1,390,1,1,1,1
1340,0580_c0007_000.jpg,580,6,-1,True,175,8550,0.8511805243809428,0.7,1,250,1,1,1,1
1341,0580_c0007_005.jpg,580,6,-1,True,175,8550,0.8547447840355614,0.7,1,250,1,1,1,1
1342,0580_c0007_010.jpg,580,6,-1,True,175,8550,0.9025492574168463,0.7056451612903226,1,248,1,1,1,1
1343,0580_c0007_015.jpg,580,6,-1,True,175,8550,0.8796595664264873,0.6433823529411765,1,272,1,1,1,1
1344,0580_c0007_020.jpg,580,6,-1,True,175,8550,0.9155335880510685,0.7172131147540983,1,244,1,1,1,1
1345,0580_c0008_000.jpg,580,7,-1,True,175,8550,0.8944557200267519,0.5401234567901234,1,324,1,1,1,1
1346,0580_c0008_005.jpg,580,7,-1,True,175,8550,0.896140586040369,0.5520504731861199,1,317,1,1,1,1
1347,0580_c0008_010.jpg,580,7,-1,True,175,8550,0.8951362057778562,0.546875,1,320,1,1,1,1
1348,0580_c0008_015.jpg,580,7,-1,True,175,8550,0.9015563532589197,0.5555555555555556,1,315,1,1,1,1
1349,0580_c0008_020.jpg,580,7,-1,True,175,8550,0.915300998352675,0.5351681957186545,1,327,1,1,1,1
1350,0582_c0001_000.jpg,582,0,-1,True,175,8550,0.8513427522058788,0.15391380826737028,1,1137,1,1,1,1
1351,0582_c0001_005.jpg,582,0,-1,True,175,8550,0.8849996535430643,0.2061248527679623,1,849,1,1,1,1
1352,0582_c0001_010.jpg,582,0,-1,True,175,8550,0.8746350650674708,0.17517517517517517,1,999,1,1,1,1
1353,0582_c0001_015.jpg,582,0,-1,True,175,8550,0.8943264345506304,0.258493353028065,1,677,1,1,1,1
1354,0582_c0001_020.jpg,582,0,-1,True,175,8550,0.88432522080861,0.22040302267002518,1,794,1,1,1,1
1355,0582_c0002_000.jpg,582,1,-1,True,175,8550,0.5711724183022212,0.19662921348314608,1,890,1,1,1,1
1356,0582_c0002_005.jpg,582,1,-1,True,175,8550,0.5339739179382754,0.1398880895283773,1,1251,1,1,1,1
1357,0582_c0002_010.jpg,582,1,-1,True,175,8550,0.5958029512280956,0.1961883408071749,1,892,1,1,1,1
1358,0582_c0002_015.jpg,582,1,-1,True,175,8550,0.6151238520321681,0.22786458333333334,1,768,1,1,1,1
1359,0582_c0002_020.jpg,582,1,-1,True,175,8550,0.6064801631262396,0.1959686450167973,1,893,1,1,1,1
1360,0582_c0003_000.jpg,582,2,-1,True,175,8550,0.21471408398682798,0.11589403973509933,63,1510,0,0,0,0
1361,0582_c0003_005.jpg,582,2,-1,True,175,8550,0.22316230978105206,0.13977635782747605,47,1252,0,0,0,0
1362,0582_c0003_010.jpg,582,2,-1,True,175,8550,0.25085892698343865,0.1558325912733749,34,1123,0,0,0,0
1363,0582_c0003_015.jpg,582,2,-1,True,175,8550,0.25959315091417645,0.15822784810126583,27,1106,0,0,0,0
1364,0582_c0003_020.jpg,582,2,-1,True,175,8550,0.25222869125736425,0.1598173515981735,25,1095,0,0,0,0
1365,0582_c0004_000.jpg,582,3,-1,True,175,8550,0.7331503026157421,0.4807692307692308,1,364,1,1,1,1
1366,0582_c0004_005.jpg,582,3,-1,True,175,8550,0.7837123602533219,0.5351681957186545,1,327,1,1,1,1
1367,0582_c0004_010.jpg,582,3,-1,True,175,8550,0.8491394403938644,0.5287009063444109,1,331,1,1,1,1
1368,0582_c0004_015.jpg,582,3,-1,True,175,8550,0.8023877829338568,0.5627009646302251,1,311,1,1,1,1
1369,0582_c0004_020.jpg,582,3,-1,True,175,8550,0.8201908640794345,0.546875,1,320,1,1,1,1
1370,0582_c0005_000.jpg,582,4,-1,True,175,8550,0.8379792971762211,0.1570915619389587,1,1114,1,1,1,1
1371,0582_c0005_005.jpg,582,4,-1,True,175,8550,0.8139700101592758,0.15270506108202445,1,1146,1,1,1,1
1372,0582_c0005_010.jpg,582,4,-1,True,175,8550,0.757043701467729,0.13227513227513227,1,1323,1,1,1,1
1373,0582_c0005_015.jpg,582,4,-1,True,175,8550,0.7694622392363696,0.1437962202136401,1,1217,1,1,1,1
1374,0582_c0005_020.jpg,582,4,-1,True,175,8550,0.809672029659859,0.1519097222222222,1,1152,1,1,1,1
1375,0582_c0006_000.jpg,582,5,-1,True,175,8550,0.8708416182487669,0.6782945736434108,1,258,1,1,1,1
1376,0582_c0006_005.jpg,582,5,-1,True,175,8550,0.9335251868008501,0.7113821138211383,1,246,1,1,1,1
1377,0582_c0006_010.jpg,582,5,-1,True,175,8550,0.8944073317667415,0.7743362831858407,1,226,1,1,1,1
1378,0582_c0006_015.jpg,582,5,-1,True,175,8550,0.9610695091516596,0.7847533632286996,1,223,1,1,1,1
1379,0582_c0006_020.jpg,582,5,-1,True,175,8550,0.9592252585043808,0.7352941176470589,1,238,1,1,1,1
1380,0582_c0007_000.jpg,582,6,-1,True,175,8550,0.8814813448270388,0.4666666666666667,1,375,1,1,1,1
1381,0582_c0007_005.jpg,582,6,-1,True,175,8550,0.8967344214850791,0.5384615384615384,1,325,1,1,1,1
1382,0582_c0007_010.jpg,582,6,-1,True,175,8550,0.8886024491032877,0.5239520958083832,1,334,1,1,1,1
1383,0582_c0007_015.jpg,582,6,-1,True,175,8550,0.8816974579537525,0.5028735632183908,1,348,1,1,1,1
1384,0582_c0007_020.jpg,582,6,-1,True,175,8550,0.8545998675970233,0.47043010752688175,1,372,1,1,1,1
1385,0582_c0008_000.jpg,582,7,-1,True,175,8550,0.7534130031671177,0.38802660753880264,1,451,1,1,1,1
1386,0582_c0008_005.jpg,582,7,-1,True,175,8550,0.7787653108148366,0.34860557768924305,1,502,1,1,1,1
1387,0582_c0008_010.jpg,582,7,-1,True,175,8550,0.7388508493977378,0.3404669260700389,1,514,1,1,1,1
1388,0582_c0008_015.jpg,582,7,-1,True,175,8550,0.7799352284510915,0.35070140280561124,1,499,1,1,1,1
1389,0582_c0008_020.jpg,582,7,-1,True,175,8550,0.7542674091785158,0.33849129593810445,1,517,1,1,1,1
1390,0584_c0001_000.jpg,584,0,-1,True,175,8550,0.9011930864681218,0.5287009063444109,1,331,1,1,1,1
1391,0584_c0001_005.jpg,584,0,-1,True,175,8550,0.873505160869811,0.4557291666666667,1,384,1,1,1,1
1392,0584_c0001_010.jpg,584,0,-1,True,175,8550,0.8985343829413128,0.5177514792899408,1,338,1,1,1,1
1393,0584_c0001_015.jpg,584,0,-1,True,175,8550,0.872394261863068,0.47554347826086957,1,368,1,1,1,1
1394,0584_c0001_020.jpg,584,0,-1,True,175,8550,0.9263495866266381,0.6809338521400778,1,257,1,1,1,1
1395,0584_c0002_000.jpg,584,1,-1,True,175,8550,0.9374429285142621,0.6013745704467354,1,291,1,1,1,1
1396,0584_c0002_005.jpg,584,1,-1,True,175,8550,0.931472996154663,0.5737704918032787,1,305,1,1,1,1
1397,0584_c0002_010.jpg,584,1,-1,True,175,8550,0.9181651304433048,0.5351681957186545,1,327,1,1,1,1
1398,0584_c0002_015.jpg,584,1,-1,True,175,8550,0.918433625039514,0.5555555555555556,1,315,1,1,1,1
1399,0584_c0002_020.jpg,584,1,-1,True,175,8550,0.9165449738899325,0.4985754985754986,1,351,1,1,1,1
1400,0584_c0003_000.jpg,584,2,-1,True,175,8550,0.6942759435416855,0.3391472868217054,1,516,1,1,1,1
1401,0584_c0003_005.jpg,584,2,-1,True,175,8550,0.7241796901203758,0.44191919191919193,1,396,1,1,1,1
1402,0584_c0003_010.jpg,584,2,-1,True,175,8550,0.7332991676970682,0.45931758530183725,1,381,1,1,1,1
1403,0584_c0003_015.jpg,584,2,-1,True,175,8550,0.7564162471331557,0.49295774647887325,1,355,1,1,1,1
1404,0584_c0003_020.jpg,584,2,-1,True,175,8550,0.7041503308758392,0.3977272727272727,1,440,1,1,1,1
1405,0584_c0004_000.jpg,584,3,-1,True,175,8550,0.9124442434412912,0.6972111553784861,1,251,1,1,1,1
1406,0584_c0004_005.jpg,584,3,-1,True,175,8550,0.9258420357360055,0.6972111553784861,1,251,1,1,1,1
1407,0584_c0004_010.jpg,584,3,-1,True,175,8550,0.9269123723487366,0.7352941176470589,1,238,1,1,1,1
1408,0584_c0004_015.jpg,584,3,-1,True,175,8550,0.9311105617134211,0.720164609053498,1,243,1,1,1,1
1409,0584_c0004_020.jpg,584,3,-1,True,175,8550,0.9086973638531644,0.6386861313868614,1,274,1,1,1,1
1410,0584_c0005_000.jpg,584,4,-1,True,175,8550,0.7904449378736774,0.30329289428076256,1,577,1,1,1,1
1411,0584_c0005_005.jpg,584,4,-1,True,175,8550,0.7827179041103921,0.30864197530864196,1,567,1,1,1,1
1412,0584_c0005_010.jpg,584,4,-1,True,175,8550,0.7556201256557206,0.3234750462107209,1,541,1,1,1,1
1413,0584_c0005_015.jpg,584,4,-1,True,175,8550,0.7623898542887616,0.27472527472527475,1,637,1,1,1,1
1414,0584_c0005_020.jpg,584,4,-1,True,175,8550,0.7565404797263737,0.2565982404692082,1,682,1,1,1,1
1415,0584_c0006_000.jpg,584,5,-1,True,175,8550,0.9409496596378293,0.5520504731861199,1,317,1,1,1,1
1416,0584_c0006_005.jpg,584,5,-1,True,175,8550,0.9305509556950265,0.4716981132075472,1,371,1,1,1,1
1417,0584_c0006_010.jpg,584,5,-1,True,175,8550,0.9279581151699781,0.44191919191919193,1,396,1,1,1,1
1418,0584_c0006_015.jpg,584,5,-1,True,175,8550,0.9208498053136468,0.39503386004514673,1,443,1,1,1,1
1419,0584_c0006_020.jpg,584,5,-1,True,175,8550,0.9165267318360413,0.38802660753880264,1,451,1,1,1,1
1420,0584_c0007_000.jpg,584,6,-1,True,175,8550,0.5553376615934389,0.28363047001620745,1,617,1,1,1,1
1421,0584_c0007_005.jpg,584,6,-1,True,175,8550,0.5663687702082039,0.30864197530864196,1,567,1,1,1,1
1422,0584_c0007_010.jpg,584,6,-1,True,175,8550,0.5969208286633576,0.3125,1,560,1,1,1,1
1423,0584_c0007_015.jpg,584,6,-1,True,175,8550,0.5788021985366739,0.29069767441860467,1,602,1,1,1,1
1424,0584_c0007_020.jpg,584,6,-1,True,175,8550,0.6994161307200185,0.46174142480211083,1,379,1,1,1,1
1425,0584_c0008_000.jpg,584,7,-1,True,175,8550,0.8637427359983587,0.6554307116104869,1,267,1,1,1,1
1426,0584_c0008_005.jpg,584,7,-1,True,175,8550,0.8838503325749252,0.660377358490566,1,265,1,1,1,1
1427,0584_c0008_010.jpg,584,7,-1,True,175,8550,0.8637930263566617,0.6529850746268657,1,268,1,1,1,1
1428,0584_c0008_015.jpg,584,7,-1,True,175,8550,0.832959812145556,0.587248322147651,1,298,1,1,1,1
1429,0584_c0008_020.jpg,584,7,-1,True,175,8550,0.8122937779080488,0.6161971830985915,1,284,1,1,1,1
1430,0586_c0001_000.jpg,586,0,-1,True,175,8550,0.999902038683812,0.9943181818181818,1,176,1,1,1,1
1431,0586_c0001_005.jpg,586,0,-1,True,175,8550,1.0,1.0,1,175,1,1,1,1
1432,0586_c0001_010.jpg,586,0,-1,True,175,8550,1.0,1.0,1,175,1,1,1,1
1433,0586_c0001_015.jpg,586,0,-1,True,175,8550,1.0,1.0,1,175,1,1,1,1
1434,0586_c0001_020.jpg,586,0,-1,True,175,8550,0.9999675324675324,0.9943181818181818,1,176,1,1,1,1
1435,0586_c0002_000.jpg,586,1,-1,True,175,8550,0.9738861542568874,0.7777777777777778,1,225,1,1,1,1
1436,0586_c0002_005.jpg,586,1,-1,True,175,8550,0.9770451239623478,0.8101851851851852,1,216,1,1,1,1
1437,0586_c0002_010.jpg,586,1,-1,True,175,8550,0.9740349062328052,0.7446808510638298,1,235,1,1,1,1
1438,0586_c0002_015.jpg,586,1,-1,True,175,8550,0.9821883491515798,0.8578431372549019,1,204,1,1,1,1
1439,0586_c0002_020.jpg,586,1,-1,True,175,8550,0.97871006727824,0.8064516129032258,1,217,1,1,1,1
1440,0586_c0003_000.jpg,586,2,-1,True,175,8550,0.9667498672385747,0.6554307116104869,1,267,1,1,1,1
1441,0586_c0003_005.jpg,586,2,-1,True,175,8550,0.9582878992757762,0.6363636363636364,1,275,1,1,1,1
1442,0586_c0003_010.jpg,586,2,-1,True,175,8550,0.9581736177533253,0.6457564575645757,1,271,1,1,1,1
1443,0586_c0003_015.jpg,586,2,-1,True,175,8550,0.9886154662356563,0.7990867579908676,1,219,1,1,1,1
1444,0586_c0003_020.jpg,586,2,-1,True,175,8550,0.9731152579122746,0.6972111553784861,1,251,1,1,1,1
1445,0586_c0004_000.jpg,586,3,-1,True,175,8550,1.0,1.0,1,175,1,1,1,1
1446,0586_c0004_005.jpg,586,3,-1,True,175,8550,1.0,1.0,1,175,1,1,1,1
1447,0586_c0004_010.jpg,586,3,-1,True,175,8550,1.0,1.0,1,175,1,1,1,1
1448,0586_c0004_015.jpg,586,3,-1,True,175,8550,1.0,1.0,1,175,1,1,1,1
1449,0586_c0004_020.jpg,586,3,-1,True,175,8550,1.0,1.0,1,175,1,1,1,1
1450,0586_c0005_000.jpg,586,4,-1,True,175,8550,1.0,1.0,1,175,1,1,1,1
1451,0586_c0005_005.jpg,586,4,-1,True,175,8550,1.0,1.0,1,175,1,1,1,1
1452,0586_c0005_010.jpg,586,4,-1,True,175,8550,1.0,1.0,1,175,1,1,1,1
1453,0586_c0005_015.jpg,586,4,-1,True,175,8550,1.0,1.0,1,175,1,1,1,1
1454,0586_c0005_020.jpg,586,4,-1,True,175,8550,1.0,1.0,1,175,1,1,1,1
1455,0586_c0006_000.jpg,586,5,-1,True,175,8550,1.0,1.0,1,175,1,1,1,1
1456,0586_c0006_005.jpg,586,5,-1,True,175,8550,1.0,1.0,1,175,1,1,1,1
1457,0586_c0006_010.jpg,586,5,-1,True,175,8550,1.0,1.0,1,175,1,1,1,1
1458,0586_c0006_015.jpg,586,5,-1,True,175,8550,1.0,1.0,1,175,1,1,1,1
1459,0586_c0006_020.jpg,586,5,-1,True,175,8550,1.0,1.0,1,175,1,1,1,1
1460,0586_c0007_000.jpg,586,6,-1,True,175,8550,1.0,1.0,1,175,1,1,1,1
1461,0586_c0007_005.jpg,586,6,-1,True,175,8550,1.0,1.0,1,175,1,1,1,1
1462,0586_c0007_010.jpg,586,6,-1,True,175,8550,1.0,1.0,1,175,1,1,1,1
1463,0586_c0007_015.jpg,586,6,-1,True,175,8550,1.0,1.0,1,175,1,1,1,1
1464,0586_c0007_020.jpg,586,6,-1,True,175,8550,1.0,1.0,1,175,1,1,1,1
1465,0586_c0008_000.jpg,586,7,-1,True,175,8550,1.0,1.0,1,175,1,1,1,1
1466,0586_c0008_005.jpg,586,7,-1,True,175,8550,1.0,1.0,1,175,1,1,1,1
1467,0586_c0008_010.jpg,586,7,-1,True,175,8550,1.0,1.0,1,175,1,1,1,1
1468,0586_c0008_015.jpg,586,7,-1,True,175,8550,1.0,1.0,1,175,1,1,1,1
1469,0586_c0008_020.jpg,586,7,-1,True,175,8550,1.0,1.0,1,175,1,1,1,1
1470,0588_c0001_000.jpg,588,0,-1,True,175,8550,0.9087398068515035,0.4691689008042895,1,373,1,1,1,1
1471,0588_c0001_005.jpg,588,0,-1,True,175,8550,0.9007172461166462,0.47554347826086957,1,368,1,1,1,1
1472,0588_c0001_010.jpg,588,0,-1,True,175,8550,0.935291240674869,0.5116959064327485,1,342,1,1,1,1
1473,0588_c0001_015.jpg,588,0,-1,True,175,8550,0.9119211981364226,0.46174142480211083,1,379,1,1,1,1
1474,0588_c0001_020.jpg,588,0,-1,True,175,8550,0.9178697882826227,0.4679144385026738,1,374,1,1,1,1
1475,0588_c0002_000.jpg,588,1,-1,True,175,8550,0.9002128847384453,0.46419098143236076,1,377,1,1,1,1
1476,0588_c0002_005.jpg,588,1,-1,True,175,8550,0.9147364229198518,0.5384615384615384,1,325,1,1,1,1
1477,0588_c0002_010.jpg,588,1,-1,True,175,8550,0.9237303405851065,0.5663430420711975,1,309,1,1,1,1
1478,0588_c0002_015.jpg,588,1,-1,True,175,8550,0.9169548110867682,0.5794701986754967,1,302,1,1,1,1
1479,0588_c0002_020.jpg,588,1,-1,True,175,8550,0.9137149131384422,0.5102040816326531,1,343,1,1,1,1
1480,0588_c0003_000.jpg,588,2,-1,True,175,8550,0.99914315521679,0.9831460674157303,1,178,1,1,1,1
1481,0588_c0003_005.jpg,588,2,-1,True,175,8550,0.9920332977425765,0.8495145631067961,1,206,1,1,1,1
1482,0588_c0003_010.jpg,588,2,-1,True,175,8550,0.9913955273408577,0.8254716981132075,1,212,1,1,1,1
1483,0588_c0003_015.jpg,588,2,-1,True,175,8550,0.9857107474365879,0.813953488372093,1,215,1,1,1,1
1484,0588_c0003_020.jpg,588,2,-1,True,175,8550,0.9783497301015229,0.7352941176470589,1,238,1,1,1,1
1485,0588_c0004_000.jpg,588,3,-1,True,175,8550,0.6694499722377383,0.33524904214559387,1,522,1,1,1,1
1486,0588_c0004_005.jpg,588,3,-1,True,175,8550,0.6621904196874323,0.3371868978805395,1,519,1,1,1,1
1487,0588_c0004_010.jpg,588,3,-1,True,175,8550,0.7276299321478129,0.3796095444685466,1,461,1,1,1,1
1488,0588_c0004_015.jpg,588,3,-1,True,175,8550,0.6412798122848555,0.33524904214559387,1,522,1,1,1,1
1489,0588_c0004_020.jpg,588,3,-1,True,175,8550,0.6644191233237011,0.36764705882352944,1,476,1,1,1,1
1490,0588_c0005_000.jpg,588,4,-1,True,175,8550,0.982436758257763,0.7446808510638298,1,235,1,1,1,1
1491,0588_c0005_005.jpg,588,4,-1,True,175,8550,0.969916327845736,0.660377358490566,1,265,1,1,1,1
1492,0588_c0005_010.jpg,588,4,-1,True,175,8550,0.9746651633029387,0.6972111553784861,1,251,1,1,1,1
1493,0588_c0005_015.jpg,588,4,-1,True,175,8550,0.9916933852959078,0.8293838862559242,1,211,1,1,1,1
1494,0588_c0005_020.jpg,588,4,-1,True,175,8550,0.9966374967434183,0.8578431372549019,1,204,1,1,1,1
1495,0588_c0006_000.jpg,588,5,-1,True,175,8550,0.8714406433852426,0.875,1,200,1,1,1,1
1496,0588_c0006_005.jpg,588,5,-1,True,175,8550,0.9472781142520249,0.875,1,200,1,1,1,1
1497,0588_c0006_010.jpg,588,5,-1,True,175,8550,0.954883520353752,0.875,1,200,1,1,1,1
1498,0588_c0006_015.jpg,588,5,-1,True,175,8550,0.9442193552864254,0.875,1,200,1,1,1,1
1499,0588_c0006_020.jpg,588,5,-1,True,175,8550,0.9306664457295412,0.875,1,200,1,1,1,1
1500,0588_c0007_000.jpg,588,6,-1,True,175,8550,0.9757700750972275,0.7,1,250,1,1,1,1
1501,0588_c0007_005.jpg,588,6,-1,True,175,8550,0.9777038010024895,0.708502024291498,1,247,1,1,1,1
1502,0588_c0007_010.jpg,588,6,-1,True,175,8550,0.9672527238479115,0.7,1,250,1,1,1,1
1503,0588_c0007_015.jpg,588,6,-1,True,175,8550,0.9998036848714943,0.9887005649717514,1,177,1,1,1,1
1504,0588_c0007_020.jpg,588,6,-1,True,175,8550,0.9987925453738986,0.9668508287292817,1,181,1,1,1,1
1505,0588_c0008_000.jpg,588,7,-1,True,175,8550,0.9651118077509945,0.8578431372549019,1,204,1,1,1,1
1506,0588_c0008_005.jpg,588,7,-1,True,175,8550,0.958260209345199,0.8495145631067961,1,206,1,1,1,1
1507,0588_c0008_010.jpg,588,7,-1,True,175,8550,0.9753895983954112,0.8177570093457944,1,214,1,1,1,1
1508,0588_c0008_015.jpg,588,7,-1,True,175,8550,0.9564455961792185,0.8254716981132075,1,212,1,1,1,1
1509,0588_c0008_020.jpg,588,7,-1,True,175,8550,0.9628893636897474,0.7847533632286996,1,223,1,1,1,1
1510,0590_c0001_000.jpg,590,0,-1,True,150,8550,1.0,1.0,1,150,1,1,1,1
1511,0590_c0001_005.jpg,590,0,-1,True,150,8550,1.0,1.0,1,150,1,1,1,1
1512,0590_c0001_010.jpg,590,0,-1,True,150,8550,1.0,1.0,1,150,1,1,1,1
1513,0590_c0001_015.jpg,590,0,-1,True,150,8550,1.0,1.0,1,150,1,1,1,1
1514,0590_c0001_020.jpg,590,0,-1,True,150,8550,1.0,1.0,1,150,1,1,1,1
1515,0590_c0002_000.jpg,590,1,-1,True,150,8550,0.9999122807017545,0.9868421052631579,1,152,1,1,1,1
1516,0590_c0002_005.jpg,590,1,-1,True,150,8550,0.9952030411043448,0.9036144578313253,1,166,1,1,1,1
1517,0590_c0002_010.jpg,590,1,-1,True,150,8550,0.9991114223467166,0.8928571428571429,1,168,1,1,1,1
1518,0590_c0002_015.jpg,590,1,-1,True,150,8550,0.9823794489417139,0.7978723404255319,1,188,1,1,1,1
1519,0590_c0002_020.jpg,590,1,-1,True,150,8550,0.9990340197482953,0.9259259259259259,1,162,1,1,1,1
1520,0590_c0004_000.jpg,590,3,-1,True,150,8550,0.957390779899968,0.6072874493927125,1,247,1,1,1,1
1521,0590_c0004_005.jpg,590,3,-1,True,150,8550,0.9262960771329088,0.47770700636942676,1,314,1,1,1,1
1522,0590_c0004_010.jpg,590,3,-1,True,150,8550,0.947627464198351,0.5813953488372093,1,258,1,1,1,1
1523,0590_c0004_015.jpg,590,3,-1,True,150,8550,0.8996150013608506,0.4601226993865031,1,326,1,1,1,1
1524,0590_c0004_020.jpg,590,3,-1,True,150,8550,0.9263212917411409,0.4918032786885246,1,305,1,1,1,1
1525,0590_c0005_000.jpg,590,4,-1,True,150,8550,0.9994729201943838,0.967741935483871,1,155,1,1,1,1
1526,0590_c0005_005.jpg,590,4,-1,True,150,8550,0.9981860563001397,0.9433962264150944,1,159,1,1,1,1
1527,0590_c0005_010.jpg,590,4,-1,True,150,8550,1.0,1.0,1,150,1,1,1,1
1528,0590_c0005_015.jpg,590,4,-1,True,150,8550,0.9767359979671297,0.8571428571428571,1,175,1,1,1,1
1529,0590_c0005_020.jpg,590,4,-1,True,150,8550,0.9967611618446168,0.9202453987730062,1,163,1,1,1,1
1530,0590_c0006_000.jpg,590,5,-1,True,150,8550,0.9980231920322005,0.9554140127388535,1,157,1,1,1,1
1531,0590_c0006_005.jpg,590,5,-1,True,150,8550,0.991909805734918,0.8333333333333334,1,180,1,1,1,1
1532,0590_c0006_010.jpg,590,5,-1,True,150,8550,0.9928420526736932,0.8379888268156425,1,179,1,1,1,1
1533,0590_c0006_015.jpg,590,5,-1,True,150,8550,0.9971716622305232,0.9202453987730062,1,163,1,1,1,1
1534,0590_c0006_020.jpg,590,5,-1,True,150,8550,0.9957321109518366,0.8928571428571429,1,168,1,1,1,1
1535,0590_c0007_000.jpg,590,6,-1,True,150,8550,1.0,1.0,1,150,1,1,1,1
1536,0590_c0007_005.jpg,590,6,-1,True,150,8550,1.0,1.0,1,150,1,1,1,1
1537,0590_c0007_010.jpg,590,6,-1,True,150,8550,1.0,1.0,1,150,1,1,1,1
1538,0590_c0007_015.jpg,590,6,-1,True,150,8550,1.0,1.0,1,150,1,1,1,1
1539,0590_c0007_020.jpg,590,6,-1,True,150,8550,1.0,1.0,1,150,1,1,1,1
1540,0590_c0008_000.jpg,590,7,-1,True,150,8550,0.9908789393543241,0.8379888268156425,1,179,1,1,1,1
1541,0590_c0008_005.jpg,590,7,-1,True,150,8550,0.9972450267235607,0.9036144578313253,1,166,1,1,1,1
1542,0590_c0008_010.jpg,590,7,-1,True,150,8550,0.952150215752254,0.7177033492822966,1,209,1,1,1,1
1543,0590_c0008_015.jpg,590,7,-1,True,150,8550,0.9863374582739655,0.7425742574257426,1,202,1,1,1,1
1544,0590_c0008_020.jpg,590,7,-1,True,150,8550,0.9766402107891662,0.7211538461538461,1,208,1,1,1,1
1545,0592_c0001_000.jpg,592,0,-1,True,125,8550,0.9907308337650973,0.7352941176470589,1,170,1,1,1,1
1546,0592_c0001_005.jpg,592,0,-1,True,125,8550,0.9769363421377087,0.7716049382716049,1,162,1,1,1,1
1547,0592_c0001_010.jpg,592,0,-1,True,125,8550,0.9560777664781354,0.7183908045977011,1,174,1,1,1,1
1548,0592_c0001_015.jpg,592,0,-1,True,125,8550,0.9666193947865586,0.6793478260869565,1,184,1,1,1,1
1549,0592_c0001_020.jpg,592,0,-1,True,125,8550,0.9816974383911978,0.8333333333333334,1,150,1,1,1,1
1550,0592_c0002_000.jpg,592,1,-1,True,125,8550,0.9685149421852391,0.8064516129032258,1,155,1,1,1,1
1551,0592_c0002_005.jpg,592,1,-1,True,125,8550,0.9622135168353297,0.7530120481927711,1,166,1,1,1,1
1552,0592_c0002_010.jpg,592,1,-1,True,125,8550,0.9594190254439409,0.7352941176470589,1,170,1,1,1,1
1553,0592_c0002_015.jpg,592,1,-1,True,125,8550,0.9573590361505456,0.7763975155279503,1,161,1,1,1,1
1554,0592_c0002_020.jpg,592,1,-1,True,125,8550,0.9538222856781418,0.6756756756756757,1,185,1,1,1,1
1555,0592_c0003_000.jpg,592,2,-1,True,125,8550,0.6289857924835279,0.37202380952380953,1,336,1,1,1,1
1556,0592_c0003_005.jpg,592,2,-1,True,125,8550,0.7955466225362386,0.41118421052631576,1,304,1,1,1,1
1557,0592_c0003_010.jpg,592,2,-1,True,125,8550,0.9223641848508016,0.44964028776978415,1,278,1,1,1,1
1558,0592_c0003_015.jpg,592,2,-1,True,125,8550,0.8582487039795645,0.37650602409638556,1,332,1,1,1,1
1559,0592_c0003_020.jpg,592,2,-1,True,125,8550,0.8844585145949357,0.38461538461538464,1,325,1,1,1,1
1560,0592_c0005_000.jpg,592,4,-1,True,125,8550,0.9841431652500904,0.8333333333333334,1,150,1,1,1,1
1561,0592_c0005_005.jpg,592,4,-1,True,125,8550,0.9908070773757371,0.8620689655172413,1,145,1,1,1,1
1562,0592_c0005_010.jpg,592,4,-1,True,125,8550,0.9909377174007605,0.8389261744966443,1,149,1,1,1,1
1563,0592_c0005_015.jpg,592,4,-1,True,125,8550,0.9881898863721538,0.7961783439490446,1,157,1,1,1,1
1564,0592_c0005_020.jpg,592,4,-1,True,125,8550,0.9516259169890494,0.7142857142857143,1,175,1,1,1,1
1565,0592_c0006_000.jpg,592,5,-1,True,125,8550,0.9577120923099868,0.6648936170212766,1,188,1,1,1,1
1566,0592_c0006_005.jpg,592,5,-1,True,125,8550,0.9318940850238693,0.51440329218107,1,243,1,1,1,1
1567,0592_c0006_010.jpg,592,5,-1,True,125,8550,0.9467776845439783,0.6544502617801047,1,191,1,1,1,1
1568,0592_c0006_015.jpg,592,5,-1,True,125,8550,0.946193457985952,0.6443298969072165,1,194,1,1,1,1
1569,0592_c0006_020.jpg,592,5,-1,True,125,8550,0.9369215291256622,0.6410256410256411,1,195,1,1,1,1
1570,0592_c0007_000.jpg,592,6,-1,True,125,8550,0.9217180322122833,0.5296610169491526,1,236,1,1,1,1
1571,0592_c0007_005.jpg,592,6,-1,True,125,8550,0.9369203141176137,0.5681818181818182,1,220,1,1,1,1
1572,0592_c0007_010.jpg,592,6,-1,True,125,8550,0.9133858672726751,0.5122950819672131,1,244,1,1,1,1
1573,0592_c0007_015.jpg,592,6,-1,True,125,8550,0.9221480812518902,0.5296610169491526,1,236,1,1,1,1
1574,0592_c0007_020.jpg,592,6,-1,True,125,8550,0.9183146187563982,0.51440329218107,1,243,1,1,1,1
1575,0594_c0001_000.jpg,594,0,-1,True,150,8550,0.9995517619447856,0.9803921568627451,1,153,1,1,1,1
1576,0594_c0001_005.jpg,594,0,-1,True,150,8550,0.9993912244527143,0.9493670886075949,1,158,1,1,1,1
1577,0594_c0001_010.jpg,594,0,-1,True,150,8550,0.9429634519605482,0.7389162561576355,1,203,1,1,1,1
1578,0594_c0001_015.jpg,594,0,-1,True,150,8550,0.9582383511676876,0.7978723404255319,1,188,1,1,1,1
1579,0594_c0001_020.jpg,594,0,-1,True,150,8550,0.9981623700829249,0.8928571428571429,1,168,1,1,1,1
1580,0594_c0002_000.jpg,594,1,-1,True,150,8550,1.0,1.0,1,150,1,1,1,1
1581,0594_c0002_005.jpg,594,1,-1,True,150,8550,1.0,1.0,1,150,1,1,1,1
1582,0594_c0002_010.jpg,594,1,-1,True,150,8550,1.0,1.0,1,150,1,1,1,1
1583,0594_c0002_015.jpg,594,1,-1,True,150,8550,1.0,1.0,1,150,1,1,1,1
1584,0594_c0002_020.jpg,594,1,-1,True,150,8550,1.0,1.0,1,150,1,1,1,1
1585,0594_c0003_000.jpg,594,2,-1,True,150,8550,0.8834544627373188,0.6666666666666666,1,225,1,1,1,1
1586,0594_c0003_005.jpg,594,2,-1,True,150,8550,0.8850406561314401,0.6666666666666666,1,225,1,1,1,1
1587,0594_c0003_010.jpg,594,2,-1,True,150,8550,0.8839128446455657,0.6666666666666666,1,225,1,1,1,1
1588,0594_c0003_015.jpg,594,2,-1,True,150,8550,0.9084206914061947,0.6666666666666666,1,225,1,1,1,1
1589,0594_c0003_020.jpg,594,2,-1,True,150,8550,0.9244141990766824,0.6666666666666666,1,225,1,1,1,1
1590,0594_c0005_000.jpg,594,4,-1,True,150,8550,1.0,1.0,1,150,1,1,1,1
1591,0594_c0005_005.jpg,594,4,-1,True,150,8550,1.0,1.0,1,150,1,1,1,1
1592,0594_c0005_010.jpg,594,4,-1,True,150,8550,1.0,1.0,1,150,1,1,1,1
1593,0594_c0005_015.jpg,594,4,-1,True,150,8550,1.0,1.0,1,150,1,1,1,1
1594,0594_c0005_020.jpg,594,4,-1,True,150,8550,0.9993832349996425,0.974025974025974,1,154,1,1,1,1
1595,0594_c0006_000.jpg,594,5,-1,True,150,8550,1.0,1.0,1,150,1,1,1,1
1596,0594_c0006_005.jpg,594,5,-1,True,150,8550,1.0,1.0,1,150,1,1,1,1
1597,0594_c0006_010.jpg,594,5,-1,True,150,8550,1.0,1.0,1,150,1,1,1,1
1598,0594_c0006_015.jpg,594,5,-1,True,150,8550,1.0,1.0,1,150,1,1,1,1
1599,0594_c0006_020.jpg,594,5,-1,True,150,8550,1.0,1.0,1,150,1,1,1,1
1600,0594_c0007_000.jpg,594,6,-1,True,150,8550,1.0,1.0,1,150,1,1,1,1
1601,0594_c0007_005.jpg,594,6,-1,True,150,8550,1.0,1.0,1,150,1,1,1,1
1602,0594_c0007_010.jpg,594,6,-1,True,150,8550,1.0,1.0,1,150,1,1,1,1
1603,0594_c0007_015.jpg,594,6,-1,True,150,8550,1.0,1.0,1,150,1,1,1,1
1604,0594_c0007_020.jpg,594,6,-1,True,150,8550,1.0,1.0,1,150,1,1,1,1
1605,0594_c0008_000.jpg,594,7,-1,True,150,8550,0.9314373655583129,0.6072874493927125,1,247,1,1,1,1
1606,0594_c0008_005.jpg,594,7,-1,True,150,8550,0.883056608892665,0.5836575875486382,1,257,1,1,1,1
1607,0594_c0008_010.jpg,594,7,-1,True,150,8550,0.8731857730942097,0.5813953488372093,1,258,1,1,1,1
1608,0594_c0008_015.jpg,594,7,-1,True,150,8550,0.8921309210368794,0.646551724137931,1,232,1,1,1,1
1609,0594_c0008_020.jpg,594,7,-1,True,150,8550,0.8856018001643063,0.6224066390041494,1,241,1,1,1,1
1610,0596_c0001_000.jpg,596,0,-1,True,175,8550,1.0,1.0,1,175,1,1,1,1
1611,0596_c0001_005.jpg,596,0,-1,True,175,8550,0.9996168591267905,0.9668508287292817,1,181,1,1,1,1
1612,0596_c0001_010.jpg,596,0,-1,True,175,8550,0.9959406304231977,0.7954545454545454,1,220,1,1,1,1
1613,0596_c0001_015.jpg,596,0,-1,True,175,8550,0.9939226173609383,0.7990867579908676,1,219,1,1,1,1
1614,0596_c0001_020.jpg,596,0,-1,True,175,8550,0.9998068395135621,0.9831460674157303,1,178,1,1,1,1
1615,0596_c0002_000.jpg,596,1,-1,True,175,8550,0.909839651651714,0.43640897755610975,1,401,1,1,1,1
1616,0596_c0002_005.jpg,596,1,-1,True,175,8550,0.913223426191163,0.5993150684931506,1,292,1,1,1,1
1617,0596_c0002_010.jpg,596,1,-1,True,175,8550,0.9160688178435125,0.541795665634675,1,323,1,1,1,1
1618,0596_c0002_015.jpg,596,1,-1,True,175,8550,0.8799724852021814,0.38377192982456143,1,456,1,1,1,1
1619,0596_c0002_020.jpg,596,1,-1,True,175,8550,0.8735272293812159,0.39592760180995473,1,442,1,1,1,1
1620,0596_c0003_000.jpg,596,2,-1,True,175,8550,0.9976341854111894,0.9114583333333334,1,192,1,1,1,1
1621,0596_c0003_005.jpg,596,2,-1,True,175,8550,0.9726170555884718,0.6227758007117438,1,281,1,1,1,1
1622,0596_c0003_010.jpg,596,2,-1,True,175,8550,0.9721086980044652,0.5972696245733788,1,293,1,1,1,1
1623,0596_c0003_015.jpg,596,2,-1,True,175,8550,0.9884206346036506,0.7990867579908676,1,219,1,1,1,1
1624,0596_c0003_020.jpg,596,2,-1,True,175,8550,0.9951835912832636,0.8663366336633663,1,202,1,1,1,1
1625,0596_c0004_000.jpg,596,3,-1,True,175,8550,0.9903386513807472,0.7510729613733905,1,233,1,1,1,1
1626,0596_c0004_005.jpg,596,3,-1,True,175,8550,0.990570262805631,0.8064516129032258,1,217,1,1,1,1
1627,0596_c0004_010.jpg,596,3,-1,True,175,8550,0.9946700838420247,0.7777777777777778,1,225,1,1,1,1
1628,0596_c0004_015.jpg,596,3,-1,True,175,8550,0.9993101122735879,0.9020618556701031,1,194,1,1,1,1
1629,0596_c0004_020.jpg,596,3,-1,True,175,8550,0.9992436170970913,0.9259259259259259,1,189,1,1,1,1
1630,0596_c0005_000.jpg,596,4,-1,True,175,8550,0.9719440146603113,0.875,1,200,1,1,1,1
1631,0596_c0005_005.jpg,596,4,-1,True,175,8550,0.9909714565323227,0.875,1,200,1,1,1,1
1632,0596_c0005_010.jpg,596,4,-1,True,175,8550,0.9593949507829131,0.6972111553784861,1,251,1,1,1,1
1633,0596_c0005_015.jpg,596,4,-1,True,175,8550,0.9720076030429181,0.8663366336633663,1,202,1,1,1,1
1634,0596_c0005_020.jpg,596,4,-1,True,175,8550,0.9617111520894955,0.8215962441314554,1,213,1,1,1,1
1635,0596_c0006_000.jpg,596,5,-1,True,175,8550,1.0,1.0,1,175,1,1,1,1
1636,0596_c0006_005.jpg,596,5,-1,True,175,8550,1.0,1.0,1,175,1,1,1,1
1637,0596_c0006_010.jpg,596,5,-1,True,175,8550,1.0,1.0,1,175,1,1,1,1
1638,0596_c0006_015.jpg,596,5,-1,True,175,8550,1.0,1.0,1,175,1,1,1,1
1639,0596_c0006_020.jpg,596,5,-1,True,175,8550,1.0,1.0,1,175,1,1,1,1
1640,0596_c0007_000.jpg,596,6,-1,True,175,8550,1.0,1.0,1,175,1,1,1,1
1641,0596_c0007_005.jpg,596,6,-1,True,175,8550,1.0,1.0,1,175,1,1,1,1
1642,0596_c0007_010.jpg,596,6,-1,True,175,8550,1.0,1.0,1,175,1,1,1,1
1643,0596_c0007_015.jpg,596,6,-1,True,175,8550,1.0,1.0,1,175,1,1,1,1
1644,0596_c0007_020.jpg,596,6,-1,True,175,8550,1.0,1.0,1,175,1,1,1,1
1645,0596_c0008_000.jpg,596,7,-1,True,175,8550,1.0,1.0,1,175,1,1,1,1
1646,0596_c0008_005.jpg,596,7,-1,True,175,8550,1.0,1.0,1,175,1,1,1,1
1647,0596_c0008_010.jpg,596,7,-1,True,175,8550,1.0,1.0,1,175,1,1,1,1
1648,0596_c0008_015.jpg,596,7,-1,True,175,8550,1.0,1.0,1,175,1,1,1,1
1649,0596_c0008_020.jpg,596,7,-1,True,175,8550,1.0,1.0,1,175,1,1,1,1
1650,0598_c0001_000.jpg,598,0,-1,True,100,8550,0.9316302281125676,0.6024096385542169,1,166,1,1,1,1
1651,0598_c0001_005.jpg,598,0,-1,True,100,8550,0.9922859946064038,0.8264462809917356,1,121,1,1,1,1
1652,0598_c0001_010.jpg,598,0,-1,True,100,8550,1.0,1.0,1,100,1,1,1,1
1653,0598_c0001_015.jpg,598,0,-1,True,100,8550,1.0,1.0,1,100,1,1,1,1
1654,0598_c0001_020.jpg,598,0,-1,True,100,8550,0.9980068137800078,0.9803921568627451,1,102,1,1,1,1
1655,0598_c0002_000.jpg,598,1,-1,True,100,8550,1.0,1.0,1,100,1,1,1,1
1656,0598_c0002_005.jpg,598,1,-1,True,100,8550,1.0,1.0,1,100,1,1,1,1
1657,0598_c0002_010.jpg,598,1,-1,True,100,8550,1.0,1.0,1,100,1,1,1,1
1658,0598_c0002_015.jpg,598,1,-1,True,100,8550,1.0,1.0,1,100,1,1,1,1
1659,0598_c0002_020.jpg,598,1,-1,True,100,8550,1.0,1.0,1,100,1,1,1,1
1660,0598_c0003_000.jpg,598,2,-1,True,100,8550,0.9823235758941429,0.5555555555555556,1,180,1,1,1,1
1661,0598_c0003_005.jpg,598,2,-1,True,100,8550,0.9675278180813995,0.4975124378109453,1,201,1,1,1,1
1662,0598_c0003_010.jpg,598,2,-1,True,100,8550,0.9645510748180935,0.4830917874396135,1,207,1,1,1,1
1663,0598_c0003_015.jpg,598,2,-1,True,100,8550,0.968999776102338,0.5434782608695652,1,184,1,1,1,1
1664,0598_c0003_020.jpg,598,2,-1,True,100,8550,0.96639209023604,0.5181347150259067,1,193,1,1,1,1
1665,0598_c0007_000.jpg,598,6,-1,True,100,8550,0.7727793319206876,0.29411764705882354,1,340,1,1,1,1
1666,0598_c0007_005.jpg,598,6,-1,True,100,8550,0.7993709327998962,0.3424657534246575,1,292,1,1,1,1
1667,0598_c0007_010.jpg,598,6,-1,True,100,8550,0.7993055209113341,0.3412969283276451,1,293,1,1,1,1
1668,0598_c0007_015.jpg,598,6,-1,True,100,8550,0.7934321696293176,0.3003003003003003,1,333,1,1,1,1
1669,0598_c0007_020.jpg,598,6,-1,True,100,8550,0.79114885530568,0.32362459546925565,1,309,1,1,1,1
1670,0598_c0008_000.jpg,598,7,-1,True,100,8550,0.7788317383440594,0.32894736842105265,1,304,1,1,1,1
1671,0598_c0008_005.jpg,598,7,-1,True,100,8550,0.8211146846799235,0.47619047619047616,1,210,1,1,1,1
1672,0598_c0008_010.jpg,598,7,-1,True,100,8550,0.8365469726738495,0.5128205128205128,1,195,1,1,1,1
1673,0598_c0008_015.jpg,598,7,-1,True,100,8550,0.8315249228112019,0.5050505050505051,1,198,1,1,1,1
1674,0598_c0008_020.jpg,598,7,-1,True,100,8550,0.8640234653999481,0.5494505494505495,1,182,1,1,1,1
1675,0600_c0001_000.jpg,600,0,-1,True,175,8550,0.9495074508788699,0.5162241887905604,1,339,1,1,1,1
1676,0600_c0001_005.jpg,600,0,-1,True,175,8550,0.9644307700900114,0.6140350877192983,1,285,1,1,1,1
1677,0600_c0001_010.jpg,600,0,-1,True,175,8550,0.9530755263670332,0.44080604534005036,1,397,1,1,1,1
1678,0600_c0001_015.jpg,600,0,-1,True,175,8550,0.961413273307344,0.6457564575645757,1,271,1,1,1,1
1679,0600_c0001_020.jpg,600,0,-1,True,175,8550,0.9681987556393858,0.7113821138211383,1,246,1,1,1,1
1680,0600_c0002_000.jpg,600,1,-1,True,175,8550,0.8434928394060099,0.15060240963855423,1,1162,1,1,1,1
1681,0600_c0002_005.jpg,600,1,-1,True,175,8550,0.6936487097928041,0.11041009463722397,1,1585,1,1,1,1
1682,0600_c0002_010.jpg,600,1,-1,True,175,8550,0.527015039526846,0.09239704329461457,9,1894,0,0,1,1
1683,0600_c0002_015.jpg,600,1,-1,True,175,8550,0.5718103841440764,0.12553802008608322,5,1394,0,1,1,1
1684,0600_c0002_020.jpg,600,1,-1,True,175,8550,0.4596663633009474,0.09798432250839866,17,1786,0,0,0,1
1685,0600_c0003_000.jpg,600,2,-1,True,175,8550,0.9997409682378042,0.9831460674157303,1,178,1,1,1,1
1686,0600_c0003_005.jpg,600,2,-1,True,175,8550,0.9998381980300838,0.9831460674157303,1,178,1,1,1,1
1687,0600_c0003_010.jpg,600,2,-1,True,175,8550,1.0,1.0,1,175,1,1,1,1
1688,0600_c0003_015.jpg,600,2,-1,True,175,8550,1.0,1.0,1,175,1,1,1,1
1689,0600_c0003_020.jpg,600,2,-1,True,175,8550,1.0,1.0,1,175,1,1,1,1
1690,0600_c0004_000.jpg,600,3,-1,True,175,8550,0.9120643806196456,0.19886363636363635,1,880,1,1,1,1
1691,0600_c0004_005.jpg,600,3,-1,True,175,8550,0.9230547785495079,0.24373259052924792,1,718,1,1,1,1
1692,0600_c0004_010.jpg,600,3,-1,True,175,8550,0.8928466833535874,0.1473063973063973,1,1188,1,1,1,1
1693,0600_c0004_015.jpg,600,3,-1,True,175,8550,0.8930897949865435,0.14906303236797275,1,1174,1,1,1,1
1694,0600_c0004_020.jpg,600,3,-1,True,175,8550,0.875663241495551,0.09413663259817107,1,1859,1,1,1,1
1695,0600_c0005_000.jpg,600,4,-1,True,175,8550,0.9510051913455676,0.43532338308457713,1,402,1,1,1,1
1696,0600_c0005_005.jpg,600,4,-1,True,175,8550,0.9747393509668232,0.5401234567901234,1,324,1,1,1,1
1697,0600_c0005_010.jpg,600,4,-1,True,175,8550,0.984163425325376,0.6578947368421053,1,266,1,1,1,1
1698,0600_c0005_015.jpg,600,4,-1,True,175,8550,0.9668472231486813,0.5663430420711975,1,309,1,1,1,1
1699,0600_c0005_020.jpg,600,4,-1,True,175,8550,0.9836216074881594,0.6529850746268657,1,268,1,1,1,1
1700,0600_c0006_000.jpg,600,5,-1,True,175,8550,1.0,1.0,1,175,1,1,1,1
1701,0600_c0006_005.jpg,600,5,-1,True,175,8550,1.0,1.0,1,175,1,1,1,1
1702,0600_c0006_010.jpg,600,5,-1,True,175,8550,1.0,1.0,1,175,1,1,1,1
1703,0600_c0006_015.jpg,600,5,-1,True,175,8550,0.9999675324675324,0.9943181818181818,1,176,1,1,1,1
1704,0600_c0006_020.jpg,600,5,-1,True,175,8550,1.0,1.0,1,175,1,1,1,1
1705,0600_c0007_000.jpg,600,6,-1,True,175,8550,1.0,1.0,1,175,1,1,1,1
1706,0600_c0007_005.jpg,600,6,-1,True,175,8550,0.9997802197802197,0.9615384615384616,1,182,1,1,1,1
1707,0600_c0007_010.jpg,600,6,-1,True,175,8550,1.0,1.0,1,175,1,1,1,1
1708,0600_c0007_015.jpg,600,6,-1,True,175,8550,1.0,1.0,1,175,1,1,1,1
1709,0600_c0007_020.jpg,600,6,-1,True,175,8550,0.9989360256040561,0.9259259259259259,1,189,1,1,1,1
1710,0600_c0008_000.jpg,600,7,-1,True,175,8550,0.9995614266683817,0.9459459459459459,1,185,1,1,1,1
1711,0600_c0008_005.jpg,600,7,-1,True,175,8550,1.0,1.0,1,175,1,1,1,1
1712,0600_c0008_010.jpg,600,7,-1,True,175,8550,1.0,1.0,1,175,1,1,1,1
1713,0600_c0008_015.jpg,600,7,-1,True,175,8550,1.0,1.0,1,175,1,1,1,1
1714,0600_c0008_020.jpg,600,7,-1,True,175,8550,1.0,1.0,1,175,1,1,1,1
