query_index,name,identity,camera,scene,valid,relevant_gallery,kept_gallery,AP,INP,first_match,last_match,Rank-1,Rank-5,Rank-10,Rank-20
0,0002_s002_v0_000.jpg,2,0,2,True,2,1053,1.0,1.0,1,2,1,1,1,1
1,0002_s002_v3_001.jpg,2,3,2,True,2,1053,0.05233990147783251,0.06896551724137931,28,29,0,0,0,0
2,0002_s013_v1_002.jpg,2,1,13,True,2,1053,0.5015360983102919,0.0030721966205837174,1,651,1,1,1,1
3,0002_s013_v4_003.jpg,2,4,13,True,2,1053,0.5015360983102919,0.0030721966205837174,1,651,1,1,1,1
4,0004_s002_v3_000.jpg,4,3,2,True,11,1054,0.1559612774939654,0.2619047619047619,32,42,0,0,0,0
5,0004_s007_v1_010.jpg,4,1,7,True,10,1053,0.17901429612136127,0.015220700152207,4,657,0,1,1,1
6,0004_s007_v6_011.jpg,4,6,7,True,10,1053,0.03720286040337905,0.015220700152207,31,657,0,0,0,0
7,0004_s021_v1_001.jpg,4,1,21,True,10,1053,0.14536692905288578,0.24390243902439024,32,41,0,0,0,0
8,0004_s021_v7_002.jpg,4,7,21,True,10,1053,0.14536692905288578,0.24390243902439024,32,41,0,0,0,0
9,0004_s022_v3_003.jpg,4,3,22,True,10,1053,0.0435505379162594,0.07246376811594203,28,138,0,0,0,0
10,0004_s022_v4_004.jpg,4,4,22,True,10,1053,0.2407474249557171,0.015220700152207,4,657,0,1,1,1
11,0004_s026_v0_005.jpg,4,0,26,True,7,1050,0.169100690031552,0.010703363914373088,4,654,0,1,1,1
12,0004_s026_v1_006.jpg,4,1,26,True,7,1050,0.11137694948232321,0.18421052631578946,32,38,0,0,0,0
13,0004_s026_v2_007.jpg,4,2,26,True,7,1050,0.11137694948232321,0.18421052631578946,32,38,0,0,0,0
14,0004_s026_v6_008.jpg,4,6,26,True,7,1050,0.11137694948232321,0.18421052631578946,32,38,0,0,0,0
15,0004_s026_v7_009.jpg,4,7,26,True,7,1050,0.169100690031552,0.010703363914373088,4,654,0,1,1,1
16,0006_s002_v1_000.jpg,6,1,2,True,14,1053,0.25762473959437326,0.021148036253776436,10,662,0,0,1,1
17,0006_s002_v7_001.jpg,6,7,2,True,14,1053,0.14302660466338368,0.24561403508771928,44,57,0,0,0,0
18,0006_s007_v0_012.jpg,6,0,7,True,12,1051,0.12705129775473292,0.21818181818181817,44,55,0,0,0,0
19,0006_s007_v4_013.jpg,6,4,7,True,12,1051,0.12705129775473292,0.21818181818181817,44,55,0,0,0,0
20,0006_s007_v5_014.jpg,6,5,7,True,12,1051,0.12705129775473292,0.21818181818181817,44,55,0,0,0,0
21,0006_s007_v6_015.jpg,6,6,7,True,12,1051,0.1758432035686508,0.01818181818181818,10,660,0,0,1,1
22,0006_s027_v1_002.jpg,6,1,27,True,10,1049,0.1648431690031374,0.015197568389057751,10,658,0,0,1,1
23,0006_s027_v2_003.jpg,6,2,27,True,10,1049,0.1648431690031374,0.015197568389057751,10,658,0,0,1,1
24,0006_s027_v3_004.jpg,6,3,27,True,10,1049,0.1102730051171273,0.18867924528301888,44,53,0,0,0,0
25,0006_s027_v4_005.jpg,6,4,27,True,10,1049,0.1102730051171273,0.18867924528301888,44,53,0,0,0,0
26,0006_s027_v5_006.jpg,6,5,27,True,10,1049,0.04030099305563893,0.06711409395973154,30,149,0,0,0,0
27,0006_s027_v7_007.jpg,6,7,27,True,10,1049,0.1648431690031374,0.015197568389057751,10,658,0,0,1,1
28,0006_s028_v2_008.jpg,6,2,28,True,12,1051,0.12705129775473292,0.21818181818181817,44,55,0,0,0,0
29,0006_s028_v3_009.jpg,6,3,28,True,12,1051,0.10985533373336966,0.01818181818181818,37,660,0,0,0,0
30,0006_s028_v4_010.jpg,6,4,28,True,12,1051,0.12705129775473292,0.21818181818181817,44,55,0,0,0,0
31,0006_s028_v5_011.jpg,6,5,28,True,12,1051,0.12705129775473292,0.21818181818181817,44,55,0,0,0,0
32,0008_s002_v0_000.jpg,8,0,2,True,12,1052,0.12287264128441468,0.017991004497751123,21,667,0,0,0,0
33,0008_s002_v3_001.jpg,8,3,2,True,12,1052,0.12287264128441468,0.017991004497751123,21,667,0,0,0,0
34,0008_s002_v5_002.jpg,8,5,2,True,12,1052,0.07813086220289546,0.017991004497751123,4,667,0,1,1,1
35,0008_s005_v3_013.jpg,8,3,5,True,13,1053,0.10317092078735078,0.18055555555555555,60,72,0,0,0,0
36,0008_s005_v5_014.jpg,8,5,5,True,13,1053,0.10317092078735078,0.18055555555555555,60,72,0,0,0,0
37,0008_s018_v4_003.jpg,8,4,18,True,13,1053,0.11491790563517597,0.019461077844311378,21,668,0,0,0,0
38,0008_s018_v5_004.jpg,8,5,18,True,13,1053,0.11491790563517597,0.019461077844311378,21,668,0,0,0,0
39,0008_s025_v0_005.jpg,8,0,25,True,7,1047,0.06612235990437927,0.010574018126888218,21,662,0,0,0,0
40,0008_s025_v1_006.jpg,8,1,25,True,7,1047,0.0324725662771599,0.010574018126888218,48,662,0,0,0,0
41,0008_s025_v2_007.jpg,8,2,25,True,7,1047,0.06612235990437927,0.010574018126888218,21,662,0,0,0,0
42,0008_s025_v3_008.jpg,8,3,25,True,7,1047,0.06254657293530339,0.10606060606060606,60,66,0,0,0,0
43,0008_s025_v4_009.jpg,8,4,25,True,7,1047,0.04851892653472188,0.010574018126888218,4,662,0,1,1,1
44,0008_s025_v5_010.jpg,8,5,25,True,7,1047,0.06254657293530339,0.10606060606060606,60,66,0,0,0,0
45,0008_s025_v6_011.jpg,8,6,25,True,7,1047,0.06612235990437927,0.010574018126888218,21,662,0,0,0,0
46,0008_s025_v7_012.jpg,8,7,25,True,7,1047,0.06612235990437927,0.010574018126888218,21,662,0,0,0,0
47,0010_s002_v1_000.jpg,10,1,2,True,3,1052,0.026203387256018836,0.03896103896103896,75,77,0,0,0,0
48,0010_s002_v4_001.jpg,10,4,2,True,3,1052,0.026203387256018836,0.03896103896103896,75,77,0,0,0,0
49,0010_s002_v7_002.jpg,10,7,2,True,3,1052,0.03410902476862997,0.004477611940298508,30,670,0,0,0,0
50,0010_s011_v4_003.jpg,10,4,11,True,3,1052,0.013600160631818485,0.004477611940298508,30,670,0,0,0,0
51,0010_s011_v6_004.jpg,10,6,11,True,3,1052,0.05804460507626292,0.004477611940298508,6,670,0,0,1,1
52,0010_s011_v7_005.jpg,10,7,11,True,3,1052,0.026203387256018836,0.03896103896103896,75,77,0,0,0,0
53,0012_s002_v4_000.jpg,12,4,2,True,2,1053,0.018367961457392352,0.024390243902439025,81,82,0,0,0,0
54,0012_s002_v7_001.jpg,12,7,2,True,2,1053,0.018367961457392352,0.024390243902439025,81,82,0,0,0,0
55,0012_s003_v0_002.jpg,12,0,3,True,2,1053,0.018367961457392352,0.024390243902439025,81,82,0,0,0,0
56,0012_s003_v1_003.jpg,12,1,3,True,2,1053,0.008637299847186234,0.011494252873563218,173,174,0,0,0,0
57,0014_s002_v1_000.jpg,14,1,2,True,6,1053,0.20477067605740862,0.06741573033707865,1,89,1,1,1,1
58,0014_s002_v3_001.jpg,14,3,2,True,6,1053,0.20477067605740862,0.06741573033707865,1,89,1,1,1,1
59,0014_s005_v3_007.jpg,14,3,5,True,7,1054,0.1866288334460328,0.07777777777777778,1,90,1,1,1,1
60,0014_s020_v0_002.jpg,14,0,20,True,3,1050,0.01770305314740007,0.004457652303120356,61,673,0,0,0,0
61,0014_s020_v1_003.jpg,14,1,20,True,3,1050,0.02952821214336816,0.004457652303120356,35,673,0,0,0,0
62,0014_s020_v2_004.jpg,14,2,20,True,3,1050,0.02343929819990011,0.03488372093023256,84,86,0,0,0,0
63,0014_s020_v3_005.jpg,14,3,20,True,3,1050,0.011278395264778812,0.016853932584269662,176,178,0,0,0,0
64,0014_s020_v4_006.jpg,14,4,20,True,3,1050,0.02343929819990011,0.03488372093023256,84,86,0,0,0,0
65,0016_s002_v0_000.jpg,16,0,2,True,5,1052,0.020780110852712124,0.026737967914438502,35,187,0,0,0,0
66,0016_s002_v3_001.jpg,16,3,2,True,5,1052,0.031694506899713384,0.007363770250368188,40,679,0,0,0,0
67,0016_s002_v5_002.jpg,16,5,2,True,5,1052,0.03169568633394533,0.052083333333333336,92,96,0,0,0,0
68,0016_s003_v0_003.jpg,16,0,3,True,6,1053,0.018534485525979593,0.008823529411764706,66,680,0,0,0,0
69,0016_s003_v3_004.jpg,16,3,3,True,6,1053,0.036722350295469906,0.061855670103092786,92,97,0,0,0,0
70,0016_s004_v1_005.jpg,16,1,4,True,5,1052,0.012539410261725514,0.007363770250368188,66,679,0,0,0,0
71,0016_s004_v3_006.jpg,16,3,4,True,5,1052,0.018295055538666755,0.007363770250368188,40,679,0,0,0,0
72,0016_s004_v5_007.jpg,16,5,4,True,5,1052,0.03169568633394533,0.052083333333333336,92,96,0,0,0,0
73,0020_s003_v4_000.jpg,20,4,3,True,28,1052,0.13292583827433127,0.02753195673549656,2,1017,0,1,1,1
74,0020_s003_v5_001.jpg,20,5,3,True,28,1052,0.12086608569727651,0.02753195673549656,45,1017,0,0,0,0
75,0020_s003_v7_002.jpg,20,7,3,True,28,1052,0.13292583827433127,0.02753195673549656,2,1017,0,1,1,1
76,0020_s025_v0_003.jpg,20,0,25,True,26,1050,0.08271545599316782,0.02561576354679803,2,1015,0,1,1,1
77,0020_s025_v3_004.jpg,20,3,25,True,26,1050,0.12696383257486615,0.02561576354679803,2,1015,0,1,1,1
78,0020_s025_v4_005.jpg,20,4,25,True,26,1050,0.12696383257486615,0.02561576354679803,2,1015,0,1,1,1
79,0020_s025_v5_006.jpg,20,5,25,True,26,1050,0.12696383257486615,0.02561576354679803,2,1015,0,1,1,1
80,0020_s025_v6_007.jpg,20,6,25,True,26,1050,0.12696383257486615,0.02561576354679803,2,1015,0,1,1,1
81,0020_s026_v0_008.jpg,20,0,26,True,24,1048,0.1210661458438173,0.023692003948667325,2,1013,0,1,1,1
82,0020_s026_v1_009.jpg,20,1,26,True,24,1048,0.11310638743393468,0.023692003948667325,45,1013,0,0,0,0
83,0020_s026_v2_010.jpg,20,2,26,True,24,1048,0.10125157355778869,0.03498542274052478,2,686,0,1,1,1
84,0020_s026_v3_011.jpg,20,3,26,True,24,1048,0.11310638743393468,0.023692003948667325,45,1013,0,0,0,0
85,0020_s026_v4_012.jpg,20,4,26,True,24,1048,0.1210661458438173,0.023692003948667325,2,1013,0,1,1,1
86,0020_s026_v5_013.jpg,20,5,26,True,24,1048,0.11310638743393468,0.023692003948667325,45,1013,0,0,0,0
87,0020_s026_v7_014.jpg,20,7,26,True,24,1048,0.11310638743393468,0.023692003948667325,45,1013,0,0,0,0
88,0020_s027_v0_015.jpg,20,0,27,True,24,1048,0.12367520850638936,0.023692003948667325,45,1013,0,0,0,0
89,0020_s027_v1_016.jpg,20,1,27,True,24,1048,0.1210661458438173,0.023692003948667325,2,1013,0,1,1,1
90,0020_s027_v3_017.jpg,20,3,27,True,24,1048,0.12367520850638936,0.023692003948667325,45,1013,0,0,0,0
91,0020_s027_v4_018.jpg,20,4,27,True,24,1048,0.1210661458438173,0.023692003948667325,2,1013,0,1,1,1
92,0020_s027_v5_019.jpg,20,5,27,True,24,1048,0.1210661458438173,0.023692003948667325,2,1013,0,1,1,1
93,0020_s027_v6_020.jpg,20,6,27,True,24,1048,0.08255584246558216,0.023692003948667325,2,1013,0,1,1,1
94,0020_s027_v7_021.jpg,20,7,27,True,24,1048,0.1210661458438173,0.023692003948667325,2,1013,0,1,1,1
95,0020_s028_v0_022.jpg,20,0,28,True,27,1051,0.13682931536836218,0.2125984251968504,2,127,0,1,1,1
96,0020_s028_v1_023.jpg,20,1,28,True,27,1051,0.13682931536836218,0.2125984251968504,2,127,0,1,1,1
97,0020_s028_v3_024.jpg,20,3,28,True,27,1051,0.13682931536836218,0.2125984251968504,2,127,0,1,1,1
98,0020_s028_v5_025.jpg,20,5,28,True,27,1051,0.13445946657528404,0.03918722786647315,45,689,0,0,0,0
99,0020_s030_v1_026.jpg,20,1,30,True,26,1050,0.1081138706555973,0.02561576354679803,101,1015,0,0,0,0
100,0020_s030_v4_027.jpg,20,4,30,True,26,1050,0.10722509933251434,0.02561576354679803,45,1015,0,0,0,0
101,0020_s030_v5_028.jpg,20,5,30,True,26,1050,0.06455306283077464,0.02561576354679803,36,1015,0,0,0,0
102,0020_s030_v6_029.jpg,20,6,30,True,26,1050,0.1081138706555973,0.02561576354679803,101,1015,0,0,0,0
103,0020_s030_v7_030.jpg,20,7,30,True,26,1050,0.1081138706555973,0.02561576354679803,101,1015,0,0,0,0
104,0022_s003_v3_007.jpg,22,3,3,True,7,1053,0.029634544970097786,0.051094890510948905,131,137,0,0,0,0
105,0022_s003_v5_008.jpg,22,5,3,True,7,1053,0.029634544970097786,0.051094890510948905,131,137,0,0,0,0
106,0022_s012_v4_000.jpg,22,4,12,True,7,1053,0.029634544970097786,0.051094890510948905,131,137,0,0,0,0
107,0022_s012_v7_001.jpg,22,7,12,True,7,1053,0.029634544970097786,0.051094890510948905,131,137,0,0,0,0
108,0022_s019_v0_002.jpg,22,0,19,True,4,1050,0.013792060443982112,0.005805515239477504,66,689,0,0,0,0
109,0022_s019_v3_003.jpg,22,3,19,True,4,1050,0.018798060045968755,0.029850746268656716,131,134,0,0,0,0
110,0022_s019_v4_004.jpg,22,4,19,True,4,1050,0.018798060045968755,0.029850746268656716,131,134,0,0,0,0
111,0022_s019_v5_005.jpg,22,5,19,True,4,1050,0.018798060045968755,0.029850746268656716,131,134,0,0,0,0
112,0022_s019_v7_006.jpg,22,7,19,True,4,1050,0.013792060443982112,0.005805515239477504,66,689,0,0,0,0
113,0024_s000_v0_026.jpg,24,0,0,True,26,1047,0.08143087105429975,0.037089871611982884,73,701,0,0,0,0
114,0024_s000_v1_030.jpg,24,1,0,True,26,1047,0.09941048473411206,0.15853658536585366,3,164,0,1,1,1
115,0024_s000_v2_028.jpg,24,2,0,True,26,1047,0.06995304990030463,0.10358565737051793,3,251,0,1,1,1
116,0024_s000_v3_031.jpg,24,3,0,True,26,1047,0.08143087105429975,0.037089871611982884,73,701,0,0,0,0
117,0024_s000_v4_027.jpg,24,4,0,True,26,1047,0.09941048473411206,0.15853658536585366,3,164,0,1,1,1
118,0024_s000_v5_032.jpg,24,5,0,True,26,1047,0.09941048473411206,0.15853658536585366,3,164,0,1,1,1
119,0024_s000_v6_029.jpg,24,6,0,True,26,1047,0.08143087105429975,0.037089871611982884,73,701,0,0,0,0
120,0024_s000_v7_033.jpg,24,7,0,True,26,1047,0.09941048473411206,0.15853658536585366,3,164,0,1,1,1
121,0024_s003_v0_004.jpg,24,0,3,True,31,1052,0.11137547552785117,0.1834319526627219,3,169,0,1,1,1
122,0024_s003_v5_005.jpg,24,5,3,True,31,1052,0.0770809073703115,0.12109375,3,256,0,1,1,1
123,0024_s003_v6_006.jpg,24,6,3,True,31,1052,0.06957111124656072,0.043909348441926344,73,706,0,0,0,0
124,0024_s012_v0_000.jpg,24,0,12,True,30,1051,0.10897359295668882,0.17857142857142858,3,168,0,1,1,1
125,0024_s012_v3_001.jpg,24,3,12,True,30,1051,0.10897359295668882,0.17857142857142858,3,168,0,1,1,1
126,0024_s012_v5_002.jpg,24,5,12,True,30,1051,0.10897359295668882,0.17857142857142858,3,168,0,1,1,1
127,0024_s012_v7_003.jpg,24,7,12,True,30,1051,0.07561381261598855,0.11764705882352941,3,255,0,1,1,1
128,0024_s025_v0_007.jpg,24,0,25,True,27,1048,0.07983941429160488,0.038461538461538464,73,702,0,0,0,0
129,0024_s025_v1_008.jpg,24,1,25,True,27,1048,0.07983941429160488,0.038461538461538464,73,702,0,0,0,0
130,0024_s025_v2_009.jpg,24,2,25,True,27,1048,0.101789220989751,0.16363636363636364,3,165,0,1,1,1
131,0024_s025_v3_010.jpg,24,3,25,True,27,1048,0.101789220989751,0.16363636363636364,3,165,0,1,1,1
132,0024_s025_v4_011.jpg,24,4,25,True,27,1048,0.101789220989751,0.16363636363636364,3,165,0,1,1,1
133,0024_s025_v5_012.jpg,24,5,25,True,27,1048,0.07983941429160488,0.038461538461538464,73,702,0,0,0,0
134,0024_s025_v7_013.jpg,24,7,25,True,27,1048,0.101789220989751,0.16363636363636364,3,165,0,1,1,1
135,0024_s028_v0_014.jpg,24,0,28,True,26,1047,0.052496256424423564,0.037089871611982884,73,701,0,0,0,0
136,0024_s028_v1_015.jpg,24,1,28,True,26,1047,0.05651116442128633,0.10358565737051793,38,251,0,0,0,0
137,0024_s028_v2_016.jpg,24,2,28,True,26,1047,0.08686667362914989,0.15853658536585366,139,164,0,0,0,0
138,0024_s028_v3_017.jpg,24,3,28,True,26,1047,0.052496256424423564,0.037089871611982884,73,701,0,0,0,0
139,0024_s028_v4_018.jpg,24,4,28,True,26,1047,0.052496256424423564,0.037089871611982884,73,701,0,0,0,0
140,0024_s028_v5_019.jpg,24,5,28,True,26,1047,0.08686667362914989,0.15853658536585366,139,164,0,0,0,0
141,0024_s028_v6_020.jpg,24,6,28,True,26,1047,0.08686667362914989,0.15853658536585366,139,164,0,0,0,0
142,0024_s028_v7_021.jpg,24,7,28,True,26,1047,0.052496256424423564,0.037089871611982884,73,701,0,0,0,0
143,0024_s029_v1_022.jpg,24,1,29,True,30,1051,0.07597466207226908,0.0425531914893617,73,705,0,0,0,0
144,0024_s029_v2_023.jpg,24,2,29,True,30,1051,0.10897359295668882,0.17857142857142858,3,168,0,1,1,1
145,0024_s029_v3_024.jpg,24,3,29,True,30,1051,0.10897359295668882,0.17857142857142858,3,168,0,1,1,1
146,0024_s029_v7_025.jpg,24,7,29,True,30,1051,0.07597466207226908,0.0425531914893617,73,705,0,0,0,0
147,0026_s002_v2_000.jpg,26,2,2,True,22,1053,0.046925912817696154,0.030855539971949508,16,713,0,0,0,1
148,0026_s002_v4_001.jpg,26,4,2,True,22,1053,0.061878904985579804,0.11398963730569948,172,193,0,0,0,0
149,0026_s003_v1_007.jpg,26,1,3,True,21,1052,0.07102534851850877,0.109375,4,192,0,1,1,1
150,0026_s003_v3_008.jpg,26,3,3,True,21,1052,0.07631611652186047,0.029535864978902954,92,711,0,0,0,0
151,0026_s003_v5_009.jpg,26,5,3,True,21,1052,0.07102534851850877,0.109375,4,192,0,1,1,1
152,0026_s005_v1_022.jpg,26,1,5,True,22,1053,0.07297827073610835,0.11398963730569948,4,193,0,1,1,1
153,0026_s005_v3_023.jpg,26,3,5,True,22,1053,0.08060232769222292,0.03089887640449438,92,712,0,0,0,0
154,0026_s014_v1_002.jpg,26,1,14,True,22,1053,0.046925912817696154,0.030855539971949508,16,713,0,0,0,1
155,0026_s014_v4_003.jpg,26,4,14,True,22,1053,0.07297827073610835,0.11398963730569948,4,193,0,1,1,1
156,0026_s020_v4_004.jpg,26,4,20,True,21,1052,0.057368932650751825,0.07581227436823104,4,277,0,1,1,1
157,0026_s020_v5_005.jpg,26,5,20,True,21,1052,0.07102534851850877,0.109375,4,192,0,1,1,1
158,0026_s020_v7_006.jpg,26,7,20,True,21,1052,0.07102534851850877,0.109375,4,192,0,1,1,1
159,0026_s025_v0_010.jpg,26,0,25,True,18,1049,0.06320391420568977,0.025423728813559324,92,708,0,0,0,0
160,0026_s025_v1_011.jpg,26,1,25,True,18,1049,0.06541362650021486,0.09523809523809523,4,189,0,1,1,1
161,0026_s025_v4_012.jpg,26,4,25,True,18,1049,0.06541362650021486,0.09523809523809523,4,189,0,1,1,1
162,0026_s025_v5_013.jpg,26,5,25,True,18,1049,0.06320391420568977,0.025423728813559324,92,708,0,0,0,0
163,0026_s025_v6_014.jpg,26,6,25,True,18,1049,0.06320391420568977,0.025423728813559324,92,708,0,0,0,0
164,0026_s025_v7_015.jpg,26,7,25,True,18,1049,0.06541362650021486,0.09523809523809523,4,189,0,1,1,1
165,0026_s027_v1_016.jpg,26,1,27,True,18,1049,0.05690130477808034,0.025423728813559324,92,708,0,0,0,0
166,0026_s027_v3_017.jpg,26,3,27,True,18,1049,0.06541362650021486,0.09523809523809523,4,189,0,1,1,1
167,0026_s027_v4_018.jpg,26,4,27,True,18,1049,0.05690130477808034,0.025423728813559324,92,708,0,0,0,0
168,0026_s027_v5_019.jpg,26,5,27,True,18,1049,0.05690130477808034,0.025423728813559324,92,708,0,0,0,0
169,0026_s027_v6_020.jpg,26,6,27,True,18,1049,0.06541362650021486,0.09523809523809523,4,189,0,1,1,1
170,0026_s027_v7_021.jpg,26,7,27,True,18,1049,0.06541362650021486,0.09523809523809523,4,189,0,1,1,1
171,0030_s004_v5_002.jpg,30,5,4,True,4,1053,0.012438119740122214,0.019801980198019802,199,202,0,0,0,0
172,0030_s004_v7_003.jpg,30,7,4,True,4,1053,0.02174078307841887,0.034482758620689655,113,116,0,0,0,0
173,0030_s005_v5_004.jpg,30,5,5,True,4,1053,0.012438119740122214,0.019801980198019802,199,202,0,0,0,0
174,0030_s005_v7_005.jpg,30,7,5,True,4,1053,0.012438119740122214,0.019801980198019802,199,202,0,0,0,0
175,0030_s018_v0_000.jpg,30,0,18,True,4,1053,0.014520653647336094,0.0056022408963585435,113,714,0,0,0,0
176,0030_s018_v3_001.jpg,30,3,18,True,4,1053,0.01373035494091601,0.014035087719298246,43,285,0,0,0,0
177,0034_s004_v1_006.jpg,34,1,4,True,11,1053,0.02795472405195014,0.05045871559633028,208,218,0,0,0,0
178,0034_s004_v3_007.jpg,34,3,4,True,11,1053,0.01747762969050296,0.015256588072122053,121,721,0,0,0,0
179,0034_s005_v1_008.jpg,34,1,5,True,10,1052,0.013992463933872702,0.009823182711198428,121,1018,0,0,0,0
180,0034_s005_v3_009.jpg,34,3,5,True,10,1052,0.01622019641812806,0.009823182711198428,290,1018,0,0,0,0
181,0034_s005_v7_010.jpg,34,7,5,True,10,1052,0.013992463933872702,0.009823182711198428,121,1018,0,0,0,0
182,0034_s009_v1_011.jpg,34,1,9,True,11,1053,0.017072021407382933,0.010794896957801767,121,1019,0,0,0,0
183,0034_s009_v3_012.jpg,34,3,9,True,11,1053,0.017072021407382933,0.010794896957801767,121,1019,0,0,0,0
184,0034_s014_v1_000.jpg,34,1,14,True,10,1052,0.021217079169661122,0.009823182711198428,121,1018,0,0,0,0
185,0034_s014_v3_001.jpg,34,3,14,True,10,1052,0.021217079169661122,0.009823182711198428,121,1018,0,0,0,0
186,0034_s014_v4_002.jpg,34,4,14,True,10,1052,0.022078348237756385,0.009823182711198428,208,1018,0,0,0,0
187,0034_s018_v1_003.jpg,34,1,18,True,10,1052,0.013992463933872702,0.009823182711198428,121,1018,0,0,0,0
188,0034_s018_v3_004.jpg,34,3,18,True,10,1052,0.022078348237756385,0.009823182711198428,208,1018,0,0,0,0
189,0034_s018_v5_005.jpg,34,5,18,True,10,1052,0.022078348237756385,0.009823182711198428,208,1018,0,0,0,0
190,0036_s000_v0_011.jpg,36,0,0,True,11,1048,0.017550276241134016,0.015193370165745856,22,724,0,0,0,0
191,0036_s000_v1_015.jpg,36,1,0,True,11,1048,0.02032977233952216,0.015235457063711912,127,722,0,0,0,0
192,0036_s000_v2_013.jpg,36,2,0,True,11,1048,0.02032977233952216,0.015235457063711912,127,722,0,0,0,0
193,0036_s000_v3_016.jpg,36,3,0,True,11,1048,0.026474335663434892,0.04782608695652174,220,230,0,0,0,0
194,0036_s000_v4_012.jpg,36,4,0,True,11,1048,0.026474335663434892,0.04782608695652174,220,230,0,0,0,0
195,0036_s000_v5_017.jpg,36,5,0,True,11,1048,0.01811613345735322,0.015193370165745856,150,724,0,0,0,0
196,0036_s000_v6_014.jpg,36,6,0,True,11,1048,0.02032977233952216,0.015235457063711912,127,722,0,0,0,0
197,0036_s004_v1_003.jpg,36,1,4,True,16,1053,0.03284026364137917,0.02200825309491059,127,727,0,0,0,0
198,0036_s004_v3_004.jpg,36,3,4,True,16,1053,0.03696710839999191,0.06808510638297872,220,235,0,0,0,0
199,0036_s007_v6_005.jpg,36,6,7,True,17,1054,0.032282109800806764,0.023351648351648352,127,728,0,0,0,0
200,0036_s008_v1_006.jpg,36,1,8,True,16,1053,0.03696710839999191,0.06808510638297872,220,235,0,0,0,0
201,0036_s008_v7_007.jpg,36,7,8,True,16,1053,0.03696710839999191,0.06808510638297872,220,235,0,0,0,0
202,0036_s009_v1_008.jpg,36,1,9,True,15,1052,0.03489257520112612,0.0641025641025641,220,234,0,0,0,0
203,0036_s009_v4_009.jpg,36,4,9,True,15,1052,0.03489257520112612,0.0641025641025641,220,234,0,0,0,0
204,0036_s009_v7_010.jpg,36,7,9,True,15,1052,0.03489257520112612,0.0641025641025641,220,234,0,0,0,0
205,0036_s012_v1_000.jpg,36,1,12,True,15,1052,0.03489257520112612,0.0641025641025641,220,234,0,0,0,0
206,0036_s012_v4_001.jpg,36,4,12,True,15,1052,0.03489257520112612,0.0641025641025641,220,234,0,0,0,0
207,0036_s012_v7_002.jpg,36,7,12,True,15,1052,0.0259739674837263,0.02066115702479339,127,726,0,0,0,0
208,0045_s005_v1_000.jpg,45,1,5,True,3,1052,0.008473341248877516,0.004092769440654843,140,733,0,0,0,0
209,0045_s005_v3_001.jpg,45,3,5,True,3,1052,0.008185615202702548,0.012244897959183673,243,245,0,0,0,0
210,0045_s005_v7_002.jpg,45,7,5,True,3,1052,0.008185615202702548,0.012244897959183673,243,245,0,0,0,0
211,0045_s009_v1_003.jpg,45,1,9,True,3,1052,0.008185615202702548,0.012244897959183673,243,245,0,0,0,0
212,0045_s009_v3_004.jpg,45,3,9,True,3,1052,0.002730999644633621,0.004092769440654843,731,733,0,0,0,0
213,0045_s009_v5_005.jpg,45,5,9,True,3,1052,0.002730999644633621,0.004092769440654843,731,733,0,0,0,0
214,0047_s005_v1_003.jpg,47,1,5,True,6,1053,0.04658751139252809,0.023715415019762844,5,253,0,1,1,1
215,0047_s005_v2_004.jpg,47,2,5,True,6,1053,0.04658751139252809,0.023715415019762844,5,253,0,1,1,1
216,0047_s009_v1_005.jpg,47,1,9,True,5,1052,0.012836436949261603,0.015105740181268883,46,331,0,0,0,0
217,0047_s009_v4_006.jpg,47,4,9,True,5,1052,0.010819451194418388,0.006793478260869565,142,736,0,0,0,0
218,0047_s009_v7_007.jpg,47,7,9,True,5,1052,0.010819451194418388,0.006793478260869565,142,736,0,0,0,0
219,0047_s018_v0_000.jpg,47,0,18,True,5,1052,0.05116193066708115,0.01984126984126984,5,252,0,1,1,1
220,0047_s018_v1_001.jpg,47,1,18,True,5,1052,0.05116193066708115,0.01984126984126984,5,252,0,1,1,1
221,0047_s018_v7_002.jpg,47,7,18,True,5,1052,0.05116193066708115,0.01984126984126984,5,252,0,1,1,1
222,0059_s007_v2_015.jpg,59,2,7,True,18,1053,0.03414013736220945,0.06338028169014084,267,284,0,0,0,0
223,0059_s007_v7_016.jpg,59,7,7,True,18,1053,0.0325439948611732,0.05013927576601671,49,359,0,0,0,0
224,0059_s011_v1_017.jpg,59,1,11,True,17,1052,0.02856176662093496,0.04748603351955307,49,358,0,0,0,0
225,0059_s011_v5_018.jpg,59,5,11,True,17,1052,0.02844816429899611,0.022636484687083888,150,751,0,0,0,0
226,0059_s011_v7_019.jpg,59,7,11,True,17,1052,0.02844816429899611,0.022636484687083888,150,751,0,0,0,0
227,0059_s015_v1_000.jpg,59,1,15,True,17,1052,0.03242012887233113,0.06007067137809187,267,283,0,0,0,0
228,0059_s015_v2_001.jpg,59,2,15,True,17,1052,0.02612989791783819,0.022546419098143235,27,754,0,0,0,0
229,0059_s015_v6_002.jpg,59,6,15,True,17,1052,0.03242012887233113,0.06007067137809187,267,283,0,0,0,0
230,0059_s016_v0_003.jpg,59,0,16,True,18,1053,0.03414013736220945,0.06338028169014084,267,284,0,0,0,0
231,0059_s016_v7_004.jpg,59,7,16,True,18,1053,0.03414013736220945,0.06338028169014084,267,284,0,0,0,0
232,0059_s021_v1_005.jpg,59,1,21,True,16,1051,0.030691969965721086,0.05673758865248227,267,282,0,0,0,0
233,0059_s021_v2_006.jpg,59,2,21,True,16,1051,0.030691969965721086,0.05673758865248227,267,282,0,0,0,0
234,0059_s021_v3_007.jpg,59,3,21,True,16,1051,0.030691969965721086,0.05673758865248227,267,282,0,0,0,0
235,0059_s021_v7_008.jpg,59,7,21,True,16,1051,0.02572063042811859,0.021333333333333333,150,750,0,0,0,0
236,0059_s028_v0_009.jpg,59,0,28,True,14,1049,0.027210939134350402,0.05,267,280,0,0,0,0
237,0059_s028_v1_010.jpg,59,1,28,True,14,1049,0.029973019485201695,0.01871657754010695,150,748,0,0,0,0
238,0059_s028_v2_011.jpg,59,2,28,True,14,1049,0.029973019485201695,0.01871657754010695,150,748,0,0,0,0
239,0059_s028_v5_012.jpg,59,5,28,True,14,1049,0.027210939134350402,0.05,267,280,0,0,0,0
240,0059_s028_v6_013.jpg,59,6,28,True,14,1049,0.033704770008000914,0.018641810918774968,27,751,0,0,0,0
241,0059_s028_v7_014.jpg,59,7,28,True,14,1049,0.027210939134350402,0.05,267,280,0,0,0,0
242,0063_s007_v0_007.jpg,63,0,7,True,7,1052,0.013652355866443837,0.023728813559322035,289,295,0,0,0,0
243,0063_s007_v2_008.jpg,63,2,7,True,7,1052,0.013652355866443837,0.023728813559322035,289,295,0,0,0,0
244,0063_s007_v3_009.jpg,63,3,7,True,7,1052,0.01531916366917742,0.009271523178807948,164,755,0,0,0,0
245,0063_s025_v0_000.jpg,63,0,25,True,3,1048,0.006888679229036715,0.010309278350515464,289,291,0,0,0,0
246,0063_s025_v1_001.jpg,63,1,25,True,3,1048,0.007404482288376933,0.0039946737683089215,164,751,0,0,0,0
247,0063_s025_v3_002.jpg,63,3,25,True,3,1048,0.006888679229036715,0.010309278350515464,289,291,0,0,0,0
248,0063_s025_v4_003.jpg,63,4,25,True,3,1048,0.007404482288376933,0.0039946737683089215,164,751,0,0,0,0
249,0063_s025_v5_004.jpg,63,5,25,True,3,1048,0.005489501504445465,0.00821917808219178,363,365,0,0,0,0
250,0063_s025_v6_005.jpg,63,6,25,True,3,1048,0.007404482288376933,0.0039946737683089215,164,751,0,0,0,0
251,0063_s025_v7_006.jpg,63,7,25,True,3,1048,0.006888679229036715,0.010309278350515464,289,291,0,0,0,0
252,0069_s008_v2_003.jpg,69,2,8,True,3,1052,0.007077461111844472,0.00395778364116095,173,758,0,0,0,0
253,0069_s008_v4_004.jpg,69,4,8,True,3,1052,0.006593446465594625,0.009868421052631578,302,304,0,0,0,0
254,0069_s008_v7_005.jpg,69,7,8,True,3,1052,0.007077461111844472,0.00395778364116095,173,758,0,0,0,0
255,0069_s012_v1_000.jpg,69,1,12,True,3,1052,0.006593446465594625,0.009868421052631578,302,304,0,0,0,0
256,0069_s012_v5_001.jpg,69,5,12,True,3,1052,0.006593446465594625,0.009868421052631578,302,304,0,0,0,0
257,0069_s012_v7_002.jpg,69,7,12,True,3,1052,0.006593446465594625,0.009868421052631578,302,304,0,0,0,0
258,0075_s009_v3_016.jpg,75,3,9,True,16,1052,0.024617010171938836,0.015670910871694418,308,1021,0,0,0,0
259,0075_s009_v5_017.jpg,75,5,9,True,16,1052,0.024617010171938836,0.015670910871694418,308,1021,0,0,0,0
260,0075_s009_v7_018.jpg,75,7,9,True,16,1052,0.030872966054060556,0.015670910871694418,177,1021,0,0,0,0
261,0075_s012_v1_000.jpg,75,1,12,True,16,1052,0.024789307768162037,0.015670910871694418,177,1021,0,0,0,0
262,0075_s012_v3_001.jpg,75,3,12,True,16,1052,0.022624637135767844,0.015670910871694418,308,1021,0,0,0,0
263,0075_s012_v4_002.jpg,75,4,12,True,16,1052,0.022624637135767844,0.015670910871694418,308,1021,0,0,0,0
264,0075_s019_v0_003.jpg,75,0,19,True,16,1052,0.022624637135767844,0.015670910871694418,308,1021,0,0,0,0
265,0075_s019_v3_004.jpg,75,3,19,True,16,1052,0.022252544624807028,0.015670910871694418,177,1021,0,0,0,0
266,0075_s019_v5_005.jpg,75,5,19,True,16,1052,0.022252544624807028,0.015670910871694418,177,1021,0,0,0,0
267,0075_s021_v1_006.jpg,75,1,21,True,15,1051,0.0223840092690988,0.014705882352941176,177,1020,0,0,0,0
268,0075_s021_v5_007.jpg,75,5,21,True,15,1051,0.021096569059997138,0.014705882352941176,308,1020,0,0,0,0
269,0075_s021_v6_008.jpg,75,6,21,True,15,1051,0.02388516379257544,0.014705882352941176,53,1020,0,0,0,0
270,0075_s021_v7_009.jpg,75,7,21,True,15,1051,0.021096569059997138,0.014705882352941176,308,1020,0,0,0,0
271,0075_s029_v0_010.jpg,75,0,29,True,13,1049,0.02001144856208453,0.012770137524557957,308,1018,0,0,0,0
272,0075_s029_v1_011.jpg,75,1,29,True,13,1049,0.02001144856208453,0.012770137524557957,308,1018,0,0,0,0
273,0075_s029_v2_012.jpg,75,2,29,True,13,1049,0.02001144856208453,0.012770137524557957,308,1018,0,0,0,0
274,0075_s029_v3_013.jpg,75,3,29,True,13,1049,0.020480751481876135,0.012770137524557957,177,1018,0,0,0,0
275,0075_s029_v5_014.jpg,75,5,29,True,13,1049,0.02001144856208453,0.012770137524557957,308,1018,0,0,0,0
276,0075_s029_v6_015.jpg,75,6,29,True,13,1049,0.02001144856208453,0.012770137524557957,308,1018,0,0,0,0
277,0079_s010_v1_006.jpg,79,1,10,True,6,1053,0.008431380349749457,0.0078125,192,768,0,0,0,0
278,0079_s010_v3_007.jpg,79,3,10,True,6,1053,0.010595574573947846,0.018072289156626505,327,332,0,0,0,0
279,0079_s013_v1_000.jpg,79,1,13,True,6,1053,0.010595574573947846,0.018072289156626505,327,332,0,0,0,0
280,0079_s013_v3_001.jpg,79,3,13,True,6,1053,0.008431380349749457,0.0078125,192,768,0,0,0,0
281,0079_s022_v1_002.jpg,79,1,22,True,4,1051,0.006178632094046239,0.005221932114882507,192,766,0,0,0,0
282,0079_s022_v3_003.jpg,79,3,22,True,4,1051,0.007598854526447924,0.012121212121212121,327,330,0,0,0,0
283,0079_s022_v4_004.jpg,79,4,22,True,4,1051,0.007598854526447924,0.012121212121212121,327,330,0,0,0,0
284,0079_s022_v5_005.jpg,79,5,22,True,4,1051,0.006297269234844751,0.010050251256281407,395,398,0,0,0,0
285,0088_s010_v1_007.jpg,88,1,10,True,7,1052,0.010372178273043143,0.009067357512953367,201,772,0,0,0,0
286,0088_s010_v3_008.jpg,88,3,10,True,7,1052,0.011560984198937568,0.020114942528735632,342,348,0,0,0,0
287,0088_s010_v7_009.jpg,88,7,10,True,7,1052,0.010372178273043143,0.009067357512953367,201,772,0,0,0,0
288,0088_s013_v2_000.jpg,88,2,13,True,7,1052,0.011560984198937568,0.020114942528735632,342,348,0,0,0,0
289,0088_s013_v4_001.jpg,88,4,13,True,7,1052,0.011560984198937568,0.020114942528735632,342,348,0,0,0,0
290,0088_s013_v7_002.jpg,88,7,13,True,7,1052,0.011560984198937568,0.020114942528735632,342,348,0,0,0,0
291,0088_s015_v1_003.jpg,88,1,15,True,8,1053,0.012981190686964354,0.022922636103151862,342,349,0,0,0,0
292,0088_s015_v7_004.jpg,88,7,15,True,8,1053,0.015274423278946115,0.01034928848641656,201,773,0,0,0,0
293,0088_s022_v1_005.jpg,88,1,22,True,8,1053,0.012981190686964354,0.022922636103151862,342,349,0,0,0,0
294,0088_s022_v7_006.jpg,88,7,22,True,8,1053,0.015274423278946115,0.01034928848641656,201,773,0,0,0,0
295,0090_s000_v0_003.jpg,90,0,0,True,3,1047,0.00566040258056631,0.00847457627118644,352,354,0,0,0,0
296,0090_s000_v1_007.jpg,90,1,0,True,3,1047,0.009554261527945739,0.014285714285714285,208,210,0,0,0,0
297,0090_s000_v2_005.jpg,90,2,0,True,3,1047,0.009554261527945739,0.014285714285714285,208,210,0,0,0,0
298,0090_s000_v3_008.jpg,90,3,0,True,3,1047,0.00945554639510605,0.007177033492822967,61,418,0,0,0,0
299,0090_s000_v4_004.jpg,90,4,0,True,3,1047,0.00566040258056631,0.00847457627118644,352,354,0,0,0,0
300,0090_s000_v5_009.jpg,90,5,0,True,3,1047,0.009554261527945739,0.014285714285714285,208,210,0,0,0,0
301,0090_s000_v6_006.jpg,90,6,0,True,3,1047,0.009554261527945739,0.014285714285714285,208,210,0,0,0,0
302,0090_s000_v7_010.jpg,90,7,0,True,3,1047,0.00566040258056631,0.00847457627118644,352,354,0,0,0,0
303,0090_s010_v1_000.jpg,90,1,10,True,8,1052,0.012617209384146816,0.022284122562674095,352,359,0,0,0,0
304,0090_s010_v3_001.jpg,90,3,10,True,8,1052,0.010147738782367407,0.010309278350515464,208,776,0,0,0,0
305,0090_s010_v5_002.jpg,90,5,10,True,8,1052,0.010147738782367407,0.010309278350515464,208,776,0,0,0,0
306,0092_s010_v1_004.jpg,92,1,10,True,4,1052,0.005827537536342821,0.009302325581395349,427,430,0,0,0,0
307,0092_s010_v4_005.jpg,92,4,10,True,4,1052,0.0068493665654925685,0.01092896174863388,363,366,0,0,0,0
308,0092_s010_v7_006.jpg,92,7,10,True,4,1052,0.005827537536342821,0.009302325581395349,427,430,0,0,0,0
309,0092_s022_v0_000.jpg,92,0,22,True,3,1051,0.009245102280861221,0.013824884792626729,215,217,0,0,0,0
310,0092_s022_v1_001.jpg,92,1,22,True,3,1051,0.005489501504445465,0.00821917808219178,363,365,0,0,0,0
311,0092_s022_v3_002.jpg,92,3,22,True,3,1051,0.005489501504445465,0.00821917808219178,363,365,0,0,0,0
312,0092_s022_v7_003.jpg,92,7,22,True,3,1051,0.005489501504445465,0.00821917808219178,363,365,0,0,0,0
313,0094_s011_v0_020.jpg,94,0,11,True,20,1053,0.02957213708687092,0.025477707006369428,221,785,0,0,0,0
314,0094_s011_v3_021.jpg,94,3,11,True,20,1053,0.027443408572778168,0.05141388174807198,370,389,0,0,0,0
315,0094_s013_v4_000.jpg,94,4,13,True,20,1053,0.027443408572778168,0.05141388174807198,370,389,0,0,0,0
316,0094_s013_v7_001.jpg,94,7,13,True,20,1053,0.027443408572778168,0.05141388174807198,370,389,0,0,0,0
317,0094_s015_v4_002.jpg,94,4,15,True,20,1053,0.027443408572778168,0.05141388174807198,370,389,0,0,0,0
318,0094_s015_v7_003.jpg,94,7,15,True,20,1053,0.027443408572778168,0.05141388174807198,370,389,0,0,0,0
319,0094_s016_v1_004.jpg,94,1,16,True,20,1053,0.02747927202866568,0.025477707006369428,221,785,0,0,0,0
320,0094_s016_v7_005.jpg,94,7,16,True,20,1053,0.027443408572778168,0.05141388174807198,370,389,0,0,0,0
321,0094_s023_v0_006.jpg,94,0,23,True,17,1050,0.02364550527268036,0.04404145077720207,370,386,0,0,0,0
322,0094_s023_v1_007.jpg,94,1,23,True,17,1050,0.022697161540426718,0.03794642857142857,63,448,0,0,0,0
323,0094_s023_v2_008.jpg,94,2,23,True,17,1050,0.025752944358475357,0.021739130434782608,221,782,0,0,0,0
324,0094_s023_v6_009.jpg,94,6,23,True,17,1050,0.02364550527268036,0.04404145077720207,370,386,0,0,0,0
325,0094_s023_v6_010.jpg,94,6,23,True,17,1050,0.02364550527268036,0.04404145077720207,370,386,0,0,0,0
326,0094_s024_v0_011.jpg,94,0,24,True,16,1049,0.021744082350989104,0.035794183445190156,63,447,0,0,0,0
327,0094_s024_v1_012.jpg,94,1,24,True,16,1049,0.022370758678647754,0.04155844155844156,370,385,0,0,0,0
328,0094_s024_v3_013.jpg,94,3,24,True,16,1049,0.021646063205324414,0.020486555697823303,221,781,0,0,0,0
329,0094_s024_v4_014.jpg,94,4,24,True,16,1049,0.022370758678647754,0.04155844155844156,370,385,0,0,0,0
330,0094_s024_v5_015.jpg,94,5,24,True,16,1049,0.021646063205324414,0.020486555697823303,221,781,0,0,0,0
331,0094_s024_v7_016.jpg,94,7,24,True,16,1049,0.021328689198292283,0.020356234096692113,42,786,0,0,0,0
332,0094_s028_v4_017.jpg,94,4,28,True,19,1052,0.027584617556154958,0.02423469387755102,221,784,0,0,0,0
333,0094_s028_v6_018.jpg,94,6,28,True,19,1052,0.022524936413437124,0.042222222222222223,432,450,0,0,0,0
334,0094_s028_v7_019.jpg,94,7,28,True,19,1052,0.026181804721446912,0.04896907216494845,370,388,0,0,0,0
335,0096_s011_v3_010.jpg,96,3,11,True,10,1052,0.019368378499163553,0.012642225031605562,44,791,0,0,0,0
336,0096_s011_v5_011.jpg,96,5,11,True,10,1052,0.015915102717509122,0.021691973969631236,65,461,0,0,0,0
337,0096_s011_v7_012.jpg,96,7,11,True,10,1052,0.01737821942825383,0.01272264631043257,236,786,0,0,0,0
338,0096_s015_v0_000.jpg,96,0,15,True,10,1052,0.013819620803311885,0.02493765586034913,392,401,0,0,0,0
339,0096_s015_v4_001.jpg,96,4,15,True,10,1052,0.02272961522514911,0.04081632653061224,236,245,0,0,0,0
340,0096_s015_v6_002.jpg,96,6,15,True,10,1052,0.02091437160152934,0.03759398496240601,257,266,0,0,0,0
341,0096_s022_v4_003.jpg,96,4,22,True,11,1053,0.015050853828429168,0.02736318407960199,392,402,0,0,0,0
342,0096_s022_v7_004.jpg,96,7,22,True,11,1053,0.019379963669705683,0.01397712833545108,236,787,0,0,0,0
343,0096_s024_v5_005.jpg,96,5,24,True,11,1053,0.015050853828429168,0.02736318407960199,392,402,0,0,0,0
344,0096_s024_v7_006.jpg,96,7,24,True,11,1053,0.019379963669705683,0.01397712833545108,236,787,0,0,0,0
345,0096_s028_v0_007.jpg,96,0,28,True,10,1052,0.013819620803311885,0.02493765586034913,392,401,0,0,0,0
346,0096_s028_v5_008.jpg,96,5,28,True,10,1052,0.013819620803311885,0.02493765586034913,392,401,0,0,0,0
347,0096_s028_v7_009.jpg,96,7,28,True,10,1052,0.01737821942825383,0.01272264631043257,236,786,0,0,0,0
348,0100_s011_v1_010.jpg,100,1,11,True,10,1053,0.025936814739406032,0.0125,7,800,0,0,1,1
349,0100_s011_v4_011.jpg,100,4,11,True,10,1053,0.027421272821286268,0.024154589371980676,7,414,0,0,1,1
350,0100_s017_v0_000.jpg,100,0,17,True,9,1052,0.012692145590364792,0.011363636363636364,247,792,0,0,0,0
351,0100_s017_v1_001.jpg,100,1,17,True,9,1052,0.012692145590364792,0.011363636363636364,247,792,0,0,0,0
352,0100_s017_v3_002.jpg,100,3,17,True,9,1052,0.012692145590364792,0.011363636363636364,247,792,0,0,0,0
353,0100_s025_v0_003.jpg,100,0,25,True,5,1048,0.006414871070918588,0.010660980810234541,465,469,0,0,0,0
354,0100_s025_v1_004.jpg,100,1,25,True,5,1048,0.007359022398358764,0.012224938875305624,405,409,0,0,0,0
355,0100_s025_v2_005.jpg,100,2,25,True,5,1048,0.005263639722879495,0.006289308176100629,267,795,0,0,0,0
356,0100_s025_v3_006.jpg,100,3,25,True,5,1048,0.004853171729263658,0.006289308176100629,327,795,0,0,0,0
357,0100_s025_v4_007.jpg,100,4,25,True,5,1048,0.005471532561014054,0.006345177664974619,247,788,0,0,0,0
358,0100_s025_v5_008.jpg,100,5,25,True,5,1048,0.005471532561014054,0.006345177664974619,247,788,0,0,0,0
359,0100_s025_v7_009.jpg,100,7,25,True,5,1048,0.007359022398358764,0.012224938875305624,405,409,0,0,0,0
360,0110_s011_v4_002.jpg,110,4,11,True,2,1052,0.003010565546824183,0.0024875621890547263,283,804,0,0,0,0
361,0110_s011_v6_003.jpg,110,6,11,True,2,1052,0.0034992266300677517,0.004662004662004662,428,429,0,0,0,0
362,0110_s011_v7_004.jpg,110,7,11,True,2,1052,0.0034992266300677517,0.004662004662004662,428,429,0,0,0,0
363,0110_s012_v0_000.jpg,110,0,12,True,3,1053,0.0033084275094760625,0.002926829268292683,428,1025,0,0,0,0
364,0110_s012_v5_001.jpg,110,5,12,True,3,1053,0.003074706114917884,0.002926829268292683,264,1025,0,0,0,0
365,0112_s012_v0_000.jpg,112,0,12,True,7,1053,0.012388956206810813,0.00875,266,800,0,0,0,0
366,0112_s012_v3_001.jpg,112,3,12,True,7,1053,0.00989194259562098,0.014141414141414142,69,495,0,0,0,0
367,0112_s018_v0_002.jpg,112,0,18,True,7,1053,0.00786601089500746,0.00682261208576998,432,1026,0,0,0,0
368,0112_s018_v3_003.jpg,112,3,18,True,7,1053,0.010023495837806916,0.00682261208576998,266,1026,0,0,0,0
369,0112_s025_v1_004.jpg,112,1,25,True,4,1050,0.00443906582041686,0.0039100684261974585,432,1023,0,0,0,0
370,0112_s025_v2_005.jpg,112,2,25,True,4,1050,0.00443906582041686,0.0039100684261974585,432,1023,0,0,0,0
371,0112_s025_v3_006.jpg,112,3,25,True,4,1050,0.00443906582041686,0.0039100684261974585,432,1023,0,0,0,0
372,0112_s025_v4_007.jpg,112,4,25,True,4,1050,0.00443906582041686,0.0039100684261974585,432,1023,0,0,0,0
373,0112_s025_v5_008.jpg,112,5,25,True,4,1050,0.00443906582041686,0.0039100684261974585,432,1023,0,0,0,0
374,0114_s012_v3_000.jpg,114,3,12,True,11,1053,0.012033434756786414,0.013681592039800995,272,804,0,0,0,0
375,0114_s012_v5_001.jpg,114,5,12,True,11,1053,0.023357395973903784,0.024498886414253896,9,449,0,0,1,1
376,0114_s016_v3_002.jpg,114,3,16,True,11,1053,0.013527058039978042,0.013681592039800995,272,804,0,0,0,0
377,0114_s016_v5_003.jpg,114,5,16,True,11,1053,0.013527058039978042,0.013681592039800995,272,804,0,0,0,0
378,0114_s018_v0_004.jpg,114,0,18,True,9,1051,0.010231291897137637,0.011221945137157107,272,802,0,0,0,0
379,0114_s018_v1_005.jpg,114,1,18,True,9,1051,0.010231291897137637,0.011221945137157107,272,802,0,0,0,0
380,0114_s018_v2_006.jpg,114,2,18,True,9,1051,0.02334567119191768,0.020134228187919462,9,447,0,0,1,1
381,0114_s018_v6_007.jpg,114,6,18,True,9,1051,0.02177432997689179,0.011097410604192354,9,811,0,0,1,1
382,0114_s019_v0_008.jpg,114,0,19,True,8,1050,0.010142950719530848,0.017937219730941704,439,446,0,0,0,0
383,0114_s019_v1_009.jpg,114,1,19,True,8,1050,0.010142950719530848,0.017937219730941704,439,446,0,0,0,0
384,0114_s019_v2_010.jpg,114,2,19,True,8,1050,0.01187636812789493,0.009987515605493134,272,801,0,0,0,0
385,0114_s019_v4_011.jpg,114,4,19,True,8,1050,0.01187636812789493,0.009987515605493134,272,801,0,0,0,0
386,0114_s019_v6_012.jpg,114,6,19,True,8,1050,0.010142950719530848,0.017937219730941704,439,446,0,0,0,0
387,0116_s012_v0_000.jpg,116,0,12,True,4,1052,0.0039196913600616405,0.003898635477582846,508,1026,0,0,0,0
388,0116_s012_v4_001.jpg,116,4,12,True,4,1052,0.004578552461491377,0.003898635477582846,280,1026,0,0,0,0
389,0116_s012_v6_002.jpg,116,6,12,True,4,1052,0.004283491352764979,0.003898635477582846,452,1026,0,0,0,0
390,0116_s029_v1_003.jpg,116,1,29,True,3,1051,0.004411776644492357,0.006607929515418502,452,454,0,0,0,0
391,0116_s029_v3_004.jpg,116,3,29,True,3,1051,0.004805191456127554,0.0037267080745341614,280,805,0,0,0,0
392,0116_s029_v5_005.jpg,116,5,29,True,3,1051,0.004048055086489081,0.0036855036855036856,354,814,0,0,0,0
393,0116_s029_v7_006.jpg,116,7,29,True,3,1051,0.004411776644492357,0.006607929515418502,452,454,0,0,0,0
394,0122_s012_v2_000.jpg,122,2,12,True,10,1052,0.012668276787108232,0.009737098344693282,288,1027,0,0,0,0
395,0122_s012_v5_001.jpg,122,5,12,True,10,1052,0.010582465519744727,0.009737098344693282,463,1027,0,0,0,0
396,0122_s012_v7_002.jpg,122,7,12,True,10,1052,0.010582465519744727,0.009737098344693282,463,1027,0,0,0,0
397,0122_s013_v0_003.jpg,122,0,13,True,11,1053,0.011619989000686259,0.010700389105058366,72,1028,0,0,0,0
398,0122_s013_v1_004.jpg,122,1,13,True,11,1053,0.011634035148707133,0.010700389105058366,463,1028,0,0,0,0
399,0122_s025_v0_005.jpg,122,0,25,True,5,1047,0.005772964666727099,0.009596928982725527,517,521,0,0,0,0
400,0122_s025_v1_006.jpg,122,1,25,True,5,1047,0.0064424228094782125,0.010706638115631691,463,467,0,0,0,0
401,0122_s025_v2_007.jpg,122,2,25,True,5,1047,0.0064424228094782125,0.010706638115631691,463,467,0,0,0,0
402,0122_s025_v3_008.jpg,122,3,25,True,5,1047,0.0064424228094782125,0.010706638115631691,463,467,0,0,0,0
403,0122_s025_v4_009.jpg,122,4,25,True,5,1047,0.0064424228094782125,0.010706638115631691,463,467,0,0,0,0
404,0122_s025_v5_010.jpg,122,5,25,True,5,1047,0.0064424228094782125,0.010706638115631691,463,467,0,0,0,0
405,0122_s025_v6_011.jpg,122,6,25,True,5,1047,0.0064424228094782125,0.010706638115631691,463,467,0,0,0,0
406,0122_s025_v7_012.jpg,122,7,25,True,5,1047,0.0064424228094782125,0.010706638115631691,463,467,0,0,0,0
407,0127_s013_v0_000.jpg,127,0,13,True,4,1053,0.005219229456786262,0.008333333333333333,477,480,0,0,0,0
408,0127_s013_v3_001.jpg,127,3,13,True,4,1053,0.005219229456786262,0.008333333333333333,477,480,0,0,0,0
409,0127_s022_v4_002.jpg,127,4,22,True,4,1053,0.008305739698309623,0.013245033112582781,299,302,0,0,0,0
410,0127_s022_v7_003.jpg,127,7,22,True,4,1053,0.00783706775583157,0.0125,317,320,0,0,0,0
411,0127_s028_v3_004.jpg,127,3,28,True,4,1053,0.008305739698309623,0.013245033112582781,299,302,0,0,0,0
412,0127_s028_v5_005.jpg,127,5,28,True,4,1053,0.008305739698309623,0.013245033112582781,299,302,0,0,0,0
413,0129_s013_v0_000.jpg,129,0,13,True,13,1052,0.011599776387439654,0.01264591439688716,305,1028,0,0,0,0
414,0129_s013_v3_001.jpg,129,3,13,True,13,1052,0.03247848727552976,0.01570048309178744,10,828,0,0,1,1
415,0129_s013_v5_002.jpg,129,5,13,True,13,1052,0.03448332802828659,0.01264591439688716,10,1028,0,0,1,1
416,0129_s015_v3_003.jpg,129,3,15,True,13,1052,0.03448332802828659,0.01264591439688716,10,1028,0,0,1,1
417,0129_s015_v5_004.jpg,129,5,15,True,13,1052,0.012667216327931403,0.01264591439688716,305,1028,0,0,0,0
418,0129_s015_v7_005.jpg,129,7,15,True,13,1052,0.012667216327931403,0.01264591439688716,305,1028,0,0,0,0
419,0129_s016_v1_006.jpg,129,1,16,True,14,1053,0.052445258123668584,0.028397565922920892,10,493,0,0,1,1
420,0129_s016_v6_007.jpg,129,6,16,True,14,1053,0.01434596384920889,0.017114914425427872,305,818,0,0,0,0
421,0129_s023_v0_008.jpg,129,0,23,True,11,1050,0.05650358413709991,0.013317191283292978,10,826,0,0,1,1
422,0129_s023_v1_009.jpg,129,1,23,True,11,1050,0.009883834548421143,0.010721247563352826,305,1026,0,0,0,0
423,0129_s023_v3_010.jpg,129,3,23,True,11,1050,0.05847687572897347,0.010721247563352826,10,1026,0,0,1,1
424,0129_s023_v4_011.jpg,129,4,23,True,11,1050,0.05650358413709991,0.013317191283292978,10,826,0,0,1,1
425,0129_s023_v5_012.jpg,129,5,23,True,11,1050,0.009883834548421143,0.010721247563352826,305,1026,0,0,0,0
426,0129_s024_v0_013.jpg,129,0,24,True,13,1052,0.01777764926768701,0.01570048309178744,55,828,0,0,0,0
427,0129_s024_v4_014.jpg,129,4,24,True,13,1052,0.03448332802828659,0.01264591439688716,10,1028,0,0,1,1
428,0129_s024_v5_015.jpg,129,5,24,True,13,1052,0.011599776387439654,0.01264591439688716,305,1028,0,0,0,0
429,0139_s000_v0_002.jpg,139,0,0,True,2,1047,0.002780126286284456,0.0024449877750611247,321,818,0,0,0,0
430,0139_s000_v1_006.jpg,139,1,0,True,2,1047,0.0029546972308934754,0.003937007874015748,507,508,0,0,0,0
431,0139_s000_v2_004.jpg,139,2,0,True,2,1047,0.0029546972308934754,0.003937007874015748,507,508,0,0,0,0
432,0139_s000_v3_007.jpg,139,3,0,True,2,1047,0.0029546972308934754,0.003937007874015748,507,508,0,0,0,0
433,0139_s000_v4_003.jpg,139,4,0,True,2,1047,0.002780126286284456,0.0024449877750611247,321,818,0,0,0,0
434,0139_s000_v5_008.jpg,139,5,0,True,2,1047,0.002780126286284456,0.0024449877750611247,321,818,0,0,0,0
435,0139_s000_v6_005.jpg,139,6,0,True,2,1047,0.002780126286284456,0.0024449877750611247,321,818,0,0,0,0
436,0139_s000_v7_009.jpg,139,7,0,True,2,1047,0.0029546972308934754,0.003937007874015748,507,508,0,0,0,0
437,0139_s015_v1_000.jpg,139,1,15,True,8,1053,0.009440381101350396,0.01415929203539823,75,565,0,0,0,0
438,0139_s015_v7_001.jpg,139,7,15,True,8,1053,0.008794919207713919,0.01556420233463035,507,514,0,0,0,0
439,0141_s015_v0_000.jpg,141,0,15,True,5,1052,0.0048253961685299045,0.004859086491739553,517,1029,0,0,0,0
440,0141_s015_v3_001.jpg,141,3,15,True,5,1052,0.006765611916331767,0.004859086491739553,76,1029,0,0,0,0
441,0141_s015_v5_002.jpg,141,5,15,True,5,1052,0.0044931745967275415,0.004859086491739553,328,1029,0,0,0,0
442,0141_s023_v0_003.jpg,141,0,23,True,3,1050,0.004254723826597205,0.0036363636363636364,328,825,0,0,0,0
443,0141_s023_v1_004.jpg,141,1,23,True,3,1050,0.003858528886200759,0.005780346820809248,517,519,0,0,0,0
444,0141_s023_v3_005.jpg,141,3,23,True,3,1050,0.0037349669282490706,0.0035842293906810036,393,837,0,0,0,0
445,0141_s023_v4_006.jpg,141,4,23,True,3,1050,0.003858528886200759,0.005780346820809248,517,519,0,0,0,0
446,0141_s023_v5_007.jpg,141,5,23,True,3,1050,0.004254723826597205,0.0036363636363636364,328,825,0,0,0,0
447,0143_s016_v0_000.jpg,143,0,16,True,5,1051,0.005696234521268416,0.00946969696969697,524,528,0,0,0,0
448,0143_s016_v1_001.jpg,143,1,16,True,5,1051,0.005772474217874968,0.006031363088057901,332,829,0,0,0,0
449,0143_s016_v3_002.jpg,143,3,16,True,5,1051,0.005772474217874968,0.006031363088057901,332,829,0,0,0,0
450,0143_s016_v5_003.jpg,143,5,16,True,5,1051,0.005772474217874968,0.006031363088057901,332,829,0,0,0,0
451,0143_s024_v0_004.jpg,143,0,24,True,4,1050,0.004752868909161278,0.007590132827324478,524,527,0,0,0,0
452,0143_s024_v1_005.jpg,143,1,24,True,4,1050,0.004752868909161278,0.007590132827324478,524,527,0,0,0,0
453,0143_s024_v3_006.jpg,143,3,24,True,4,1050,0.004369135400397297,0.004830917874396135,332,828,0,0,0,0
454,0143_s024_v4_007.jpg,143,4,24,True,4,1050,0.004369135400397297,0.004830917874396135,332,828,0,0,0,0
455,0143_s024_v7_008.jpg,143,7,24,True,4,1050,0.004752868909161278,0.007590132827324478,524,527,0,0,0,0
456,0145_s016_v0_000.jpg,145,0,16,True,9,1050,0.0176435219318947,0.016666666666666666,13,540,0,0,0,1
457,0145_s016_v3_001.jpg,145,3,16,True,9,1050,0.012912527686485467,0.010843373493975903,337,830,0,0,0,0
458,0145_s016_v4_002.jpg,145,4,16,True,9,1050,0.0176435219318947,0.016666666666666666,13,540,0,0,0,1
459,0145_s016_v5_003.jpg,145,5,16,True,9,1050,0.020663524640560066,0.010676156583629894,13,843,0,0,0,1
460,0145_s016_v7_004.jpg,145,7,16,True,9,1050,0.0176435219318947,0.016666666666666666,13,540,0,0,0,1
461,0145_s023_v0_005.jpg,145,0,23,True,9,1050,0.012912527686485467,0.010843373493975903,337,830,0,0,0,0
462,0145_s023_v1_006.jpg,145,1,23,True,9,1050,0.015932215673887966,0.015358361774744027,77,586,0,0,0,0
463,0145_s023_v3_007.jpg,145,3,23,True,9,1050,0.00930536885689952,0.016666666666666666,532,540,0,0,0,0
464,0145_s023_v4_008.jpg,145,4,23,True,9,1050,0.00930536885689952,0.016666666666666666,532,540,0,0,0,0
465,0145_s023_v7_009.jpg,145,7,23,True,9,1050,0.00930536885689952,0.016666666666666666,532,540,0,0,0,0
466,0145_s024_v1_010.jpg,145,1,24,True,10,1051,0.012824644352253287,0.012033694344163659,337,831,0,0,0,0
467,0145_s024_v3_011.jpg,145,3,24,True,10,1051,0.017727598574195064,0.018484288354898338,13,541,0,0,0,1
468,0145_s024_v4_012.jpg,145,4,24,True,10,1051,0.012824644352253287,0.012033694344163659,337,831,0,0,0,0
469,0145_s024_v5_013.jpg,145,5,24,True,10,1051,0.017727598574195064,0.018484288354898338,13,541,0,0,0,1
470,0150_s000_v0_007.jpg,150,0,0,True,7,1047,0.007246448287565879,0.01263537906137184,548,554,0,0,0,0
471,0150_s000_v1_011.jpg,150,1,0,True,7,1047,0.0069317114564110965,0.008264462809917356,365,847,0,0,0,0
472,0150_s000_v2_009.jpg,150,2,0,True,7,1047,0.007246448287565879,0.01263537906137184,548,554,0,0,0,0
473,0150_s000_v3_012.jpg,150,3,0,True,7,1047,0.007246448287565879,0.01263537906137184,548,554,0,0,0,0
474,0150_s000_v4_008.jpg,150,4,0,True,7,1047,0.007140944879853802,0.008413461538461538,351,832,0,0,0,0
475,0150_s000_v5_013.jpg,150,5,0,True,7,1047,0.007140944879853802,0.008413461538461538,351,832,0,0,0,0
476,0150_s000_v6_010.jpg,150,6,0,True,7,1047,0.007246448287565879,0.01263537906137184,548,554,0,0,0,0
477,0150_s000_v7_014.jpg,150,7,0,True,7,1047,0.007246448287565879,0.01263537906137184,548,554,0,0,0,0
478,0150_s016_v1_000.jpg,150,1,16,True,12,1052,0.012397892302632442,0.011627906976744186,351,1032,0,0,0,0
479,0150_s016_v4_001.jpg,150,4,16,True,12,1052,0.010885091064752493,0.011627906976744186,548,1032,0,0,0,0
480,0150_s016_v7_002.jpg,150,7,16,True,12,1052,0.01540088724607344,0.011627906976744186,81,1032,0,0,0,0
481,0150_s024_v0_003.jpg,150,0,24,True,11,1051,0.012241650824571126,0.01066925315227934,351,1031,0,0,0,0
482,0150_s024_v1_004.jpg,150,1,24,True,11,1051,0.009995379754892687,0.01066925315227934,548,1031,0,0,0,0
483,0150_s024_v3_005.jpg,150,3,24,True,11,1051,0.009995379754892687,0.01066925315227934,548,1031,0,0,0,0
484,0150_s024_v7_006.jpg,150,7,24,True,11,1051,0.009995379754892687,0.01066925315227934,548,1031,0,0,0,0
485,0152_s016_v1_000.jpg,152,1,16,True,3,1054,0.0035503020784454914,0.005319148936170213,562,564,0,0,0,0
486,0152_s018_v3_001.jpg,152,3,18,True,1,1052,0.0011947431302270011,0.0011947431302270011,837,837,0,0,0,0
487,0152_s018_v5_002.jpg,152,5,18,True,1,1052,0.0017793594306049821,0.0017793594306049821,562,562,0,0,0,0
488,0152_s018_v7_003.jpg,152,7,18,True,1,1052,0.0011723329425556857,0.0011723329425556857,853,853,0,0,0,0
489,0160_s017_v0_000.jpg,160,0,17,True,12,1052,0.013280087654420012,0.014218009478672985,369,844,0,0,0,0
490,0160_s017_v1_001.jpg,160,1,17,True,12,1052,0.01120074487110352,0.02054794520547945,573,584,0,0,0,0
491,0160_s017_v3_002.jpg,160,3,17,True,12,1052,0.013280087654420012,0.014218009478672985,369,844,0,0,0,0
492,0160_s029_v1_003.jpg,160,1,29,True,9,1049,0.008645659792807606,0.01549053356282272,573,581,0,0,0,0
493,0160_s029_v3_004.jpg,160,3,29,True,9,1049,0.009441177958686077,0.01070154577883472,369,841,0,0,0,0
494,0160_s029_v4_005.jpg,160,4,29,True,9,1049,0.011413906493715289,0.014539579967689823,86,619,0,0,0,0
495,0160_s029_v5_006.jpg,160,5,29,True,9,1049,0.008645659792807606,0.01549053356282272,573,581,0,0,0,0
496,0160_s029_v6_007.jpg,160,6,29,True,9,1049,0.009154743870807024,0.010501750291715286,383,857,0,0,0,0
497,0160_s029_v7_008.jpg,160,7,29,True,9,1049,0.011413906493715289,0.014539579967689823,86,619,0,0,0,0
498,0160_s030_v0_009.jpg,160,0,30,True,9,1049,0.008454191712679755,0.01070154577883472,369,841,0,0,0,0
499,0160_s030_v1_010.jpg,160,1,30,True,9,1049,0.008645659792807606,0.01549053356282272,573,581,0,0,0,0
500,0160_s030_v3_011.jpg,160,3,30,True,9,1049,0.008454191712679755,0.01070154577883472,369,841,0,0,0,0
501,0160_s030_v4_012.jpg,160,4,30,True,9,1049,0.008645659792807606,0.01549053356282272,573,581,0,0,0,0
502,0160_s030_v5_013.jpg,160,5,30,True,9,1049,0.008645659792807606,0.01549053356282272,573,581,0,0,0,0
503,0160_s030_v6_014.jpg,160,6,30,True,9,1049,0.008645659792807606,0.01549053356282272,573,581,0,0,0,0
504,0170_s018_v0_000.jpg,170,0,18,True,6,1053,0.005801140438448982,0.009917355371900827,600,605,0,0,0,0
505,0170_s018_v5_001.jpg,170,5,18,True,6,1053,0.005801140438448982,0.009917355371900827,600,605,0,0,0,0
506,0170_s027_v0_002.jpg,170,0,27,True,2,1049,0.0018032654380860007,0.0019398642095053346,600,1031,0,0,0,0
507,0170_s027_v1_003.jpg,170,1,27,True,2,1049,0.0015581673988703144,0.0019398642095053346,850,1031,0,0,0,0
508,0170_s027_v2_004.jpg,170,2,27,True,2,1049,0.0018032654380860007,0.0019398642095053346,600,1031,0,0,0,0
509,0170_s027_v3_005.jpg,170,3,27,True,2,1049,0.0018032654380860007,0.0019398642095053346,600,1031,0,0,0,0
510,0170_s027_v4_006.jpg,170,4,27,True,2,1049,0.0015581673988703144,0.0019398642095053346,850,1031,0,0,0,0
511,0170_s027_v7_007.jpg,170,7,27,True,2,1049,0.0017287750014616853,0.002304147465437788,867,868,0,0,0,0
512,0176_s019_v0_000.jpg,176,0,19,True,5,1051,0.004880714262320004,0.008116883116883116,612,616,0,0,0,0
513,0176_s019_v1_001.jpg,176,1,19,True,5,1051,0.004880714262320004,0.008116883116883116,612,616,0,0,0,0
514,0176_s019_v4_002.jpg,176,4,19,True,5,1051,0.004617769732081514,0.007680491551459293,647,651,0,0,0,0
515,0176_s019_v5_003.jpg,176,5,19,True,5,1051,0.006253235878615626,0.005820721769499418,391,859,0,0,0,0
516,0176_s029_v1_004.jpg,176,1,29,True,4,1050,0.0032641453619351285,0.004662004662004662,391,858,0,0,0,0
517,0176_s029_v3_005.jpg,176,3,29,True,4,1050,0.004071672048679226,0.0065040650406504065,612,615,0,0,0,0
518,0176_s029_v5_006.jpg,176,5,29,True,4,1050,0.004071672048679226,0.0065040650406504065,612,615,0,0,0,0
519,0176_s029_v6_007.jpg,176,6,29,True,4,1050,0.003852089277237069,0.006153846153846154,647,650,0,0,0,0
520,0176_s029_v7_008.jpg,176,7,29,True,4,1050,0.004071672048679226,0.0065040650406504065,612,615,0,0,0,0
521,0178_s019_v1_000.jpg,178,1,19,True,2,1051,0.0017722709674606067,0.0019342359767891683,621,1034,0,0,0,0
522,0178_s019_v2_001.jpg,178,2,19,True,2,1051,0.002229744251020847,0.0019342359767891683,396,1034,0,0,0,0
523,0178_s019_v4_002.jpg,178,4,19,True,2,1051,0.002229744251020847,0.0019342359767891683,396,1034,0,0,0,0
524,0178_s019_v7_003.jpg,178,7,19,True,2,1051,0.002229744251020847,0.0019342359767891683,396,1034,0,0,0,0
525,0178_s022_v3_004.jpg,178,3,22,True,4,1053,0.004012851440445268,0.00641025641025641,621,624,0,0,0,0
526,0178_s022_v4_005.jpg,178,4,22,True,4,1053,0.004012851440445268,0.00641025641025641,621,624,0,0,0,0
527,0196_s000_v0_002.jpg,196,0,0,True,2,1052,0.0023160074035911233,0.0030864197530864196,647,648,0,0,0,0
528,0196_s000_v1_004.jpg,196,1,0,True,2,1052,0.0023160074035911233,0.0030864197530864196,647,648,0,0,0,0
529,0196_s000_v2_003.jpg,196,2,0,True,2,1052,0.0023558350943166,0.002296211251435132,414,871,0,0,0,0
530,0196_s022_v0_000.jpg,196,0,22,True,3,1053,0.003084836985034041,0.004622496147919877,647,649,0,0,0,0
531,0196_s022_v7_001.jpg,196,7,22,True,3,1053,0.002717345720370088,0.0034403669724770644,414,872,0,0,0,0
532,0204_s022_v0_000.jpg,204,0,22,True,2,1051,0.03716988978997712,0.002911208151382824,14,687,0,0,0,1
533,0204_s022_v5_001.jpg,204,5,22,True,2,1051,0.002341897910243234,0.002285714285714286,417,875,0,0,0,0
534,0204_s022_v6_002.jpg,204,6,22,True,2,1051,0.03724100327153762,0.0030534351145038168,14,655,0,0,0,1
535,0204_s022_v7_003.jpg,204,7,22,True,2,1051,0.03724100327153762,0.0030534351145038168,14,655,0,0,0,1
536,0204_s024_v1_004.jpg,204,1,24,True,4,1053,0.0032523055952962208,0.0038535645472061657,654,1038,0,0,0,0
537,0204_s024_v3_005.jpg,204,3,24,True,4,1053,0.0036152481528600585,0.0038535645472061657,417,1038,0,0,0,0
538,0220_s023_v0_000.jpg,220,0,23,True,4,1048,0.003138925303698405,0.004540295119182747,429,881,0,0,0,0
539,0220_s023_v1_001.jpg,220,1,23,True,4,1048,0.003709206985442264,0.005925925925925926,672,675,0,0,0,0
540,0220_s023_v3_002.jpg,220,3,23,True,4,1048,0.003138925303698405,0.004540295119182747,429,881,0,0,0,0
541,0220_s023_v4_003.jpg,220,4,23,True,4,1048,0.003709206985442264,0.005925925925925926,672,675,0,0,0,0
542,0220_s023_v5_004.jpg,220,5,23,True,4,1048,0.003709206985442264,0.005925925925925926,672,675,0,0,0,0
543,0220_s023_v6_005.jpg,220,6,23,True,4,1048,0.003709206985442264,0.005925925925925926,672,675,0,0,0,0
544,0220_s023_v7_006.jpg,220,7,23,True,4,1048,0.003062222300467069,0.004434589800443459,442,902,0,0,0,0
545,0220_s024_v0_007.jpg,220,0,24,True,7,1051,0.005917198666914113,0.01032448377581121,672,678,0,0,0,0
546,0220_s024_v1_008.jpg,220,1,24,True,7,1051,0.005917198666914113,0.01032448377581121,672,678,0,0,0,0
547,0220_s024_v2_009.jpg,220,2,24,True,7,1051,0.006226354927087315,0.007918552036199095,429,884,0,0,0,0
548,0220_s024_v3_010.jpg,220,3,24,True,7,1051,0.006226354927087315,0.007918552036199095,429,884,0,0,0,0
549,0228_s026_v2_000.jpg,228,2,26,True,6,1050,0.005812436864823579,0.006734006734006734,442,891,0,0,0,0
550,0228_s026_v3_001.jpg,228,3,26,True,6,1050,0.005011956041290014,0.008571428571428572,695,700,0,0,0,0
551,0228_s026_v4_002.jpg,228,4,26,True,6,1050,0.005812436864823579,0.006734006734006734,442,891,0,0,0,0
552,0228_s026_v5_003.jpg,228,5,26,True,6,1050,0.005812436864823579,0.006734006734006734,442,891,0,0,0,0
553,0228_s026_v6_004.jpg,228,6,26,True,6,1050,0.005812436864823579,0.006734006734006734,442,891,0,0,0,0
554,0228_s030_v2_005.jpg,228,2,30,True,5,1049,0.004606479426435603,0.005488474204171241,455,911,0,0,0,0
555,0228_s030_v3_006.jpg,228,3,30,True,5,1049,0.0045728456653201755,0.004830917874396135,442,1035,0,0,0,0
556,0228_s030_v4_007.jpg,228,4,30,True,5,1049,0.0038356299456207854,0.004830917874396135,695,1035,0,0,0,0
557,0228_s030_v5_008.jpg,228,5,30,True,5,1049,0.00445958025067531,0.005488474204171241,482,911,0,0,0,0
558,0228_s030_v6_009.jpg,228,6,30,True,5,1049,0.0038356299456207854,0.004830917874396135,695,1035,0,0,0,0
559,0228_s030_v7_010.jpg,228,7,30,True,5,1049,0.0045728456653201755,0.004830917874396135,442,1035,0,0,0,0
560,0239_s028_v3_000.jpg,239,3,28,True,2,1052,0.002078522827252085,0.002770083102493075,721,722,0,0,0,0
561,0239_s028_v5_001.jpg,239,5,28,True,2,1052,0.002199303574019442,0.002224694104560623,460,899,0,0,0,0
562,0239_s028_v6_002.jpg,239,6,28,True,2,1052,0.002078522827252085,0.002770083102493075,721,722,0,0,0,0
563,0239_s029_v3_003.jpg,239,3,29,True,3,1053,0.0027688077492883886,0.004149377593360996,721,723,0,0,0,0
564,0239_s029_v4_004.jpg,239,4,29,True,3,1053,0.0027688077492883886,0.004149377593360996,721,723,0,0,0,0
565,0241_s028_v1_000.jpg,241,1,28,True,4,1050,0.019760635138276753,0.005494505494505495,15,728,0,0,0,1
566,0241_s028_v2_001.jpg,241,2,28,True,4,1050,0.019760635138276753,0.005494505494505495,15,728,0,0,0,1
567,0241_s028_v3_002.jpg,241,3,28,True,4,1050,0.019760635138276753,0.005494505494505495,15,728,0,0,0,1
568,0241_s028_v5_003.jpg,241,5,28,True,4,1050,0.004340324149588249,0.004439511653718091,463,901,0,0,0,0
569,0241_s028_v7_004.jpg,241,7,28,True,4,1050,0.019760635138276753,0.005494505494505495,15,728,0,0,0,1
570,0241_s029_v0_005.jpg,241,0,29,True,5,1051,0.0037144279830551284,0.004816955684007707,725,1038,0,0,0,0
571,0241_s029_v3_006.jpg,241,3,29,True,5,1051,0.0037144279830551284,0.004816955684007707,725,1038,0,0,0,0
572,0241_s029_v5_007.jpg,241,5,29,True,5,1051,0.0037144279830551284,0.004816955684007707,725,1038,0,0,0,0
573,0241_s029_v7_008.jpg,241,7,29,True,5,1051,0.0037144279830551284,0.004816955684007707,725,1038,0,0,0,0
574,0253_s000_v0_004.jpg,253,0,0,True,12,1050,0.011473512883789729,0.013143483023001095,483,913,0,0,0,0
575,0253_s000_v1_007.jpg,253,1,0,True,12,1050,0.008981440265392592,0.015228426395939087,104,788,0,0,0,0
576,0253_s000_v2_006.jpg,253,2,0,True,12,1050,0.011213467883716072,0.012806830309498399,494,937,0,0,0,0
577,0253_s000_v4_005.jpg,253,4,0,True,12,1050,0.008526579672563497,0.015665796344647518,755,766,0,0,0,0
578,0253_s000_v7_009.jpg,253,7,0,True,12,1050,0.011213467883716072,0.012806830309498399,494,937,0,0,0,0
579,0253_s001_v0_004.jpg,253,0,1,True,9,1047,0.006576118835910232,0.011795543905635648,755,763,0,0,0,0
580,0253_s001_v1_008.jpg,253,1,1,True,9,1047,0.006576118835910232,0.011795543905635648,755,763,0,0,0,0
581,0253_s001_v2_006.jpg,253,2,1,True,9,1047,0.0071001156656199165,0.00989010989010989,483,910,0,0,0,0
582,0253_s001_v3_009.jpg,253,3,1,True,9,1047,0.006391188757167227,0.011464968152866241,777,785,0,0,0,0
583,0253_s001_v4_005.jpg,253,4,1,True,9,1047,0.006576118835910232,0.011795543905635648,755,763,0,0,0,0
584,0253_s001_v5_010.jpg,253,5,1,True,9,1047,0.006391188757167227,0.011464968152866241,777,785,0,0,0,0
585,0253_s001_v6_007.jpg,253,6,1,True,9,1047,0.00678737265498038,0.009635974304068522,516,934,0,0,0,0
586,0253_s001_v7_011.jpg,253,7,1,True,9,1047,0.0071001156656199165,0.00989010989010989,483,910,0,0,0,0
587,0253_s030_v1_000.jpg,253,1,30,True,13,1051,0.010965930346934275,0.014223194748358862,483,914,0,0,0,0
588,0253_s030_v3_001.jpg,253,3,30,True,13,1051,0.009557987367918208,0.016476552598225603,104,789,0,0,0,0
589,0253_s030_v5_002.jpg,253,5,30,True,13,1051,0.010965930346934275,0.014223194748358862,483,914,0,0,0,0
590,0253_s030_v7_003.jpg,253,7,30,True,13,1051,0.009174469893318065,0.01694915254237288,755,767,0,0,0,0
