query_index,name,identity,camera,scene,valid,relevant_gallery,kept_gallery,AP,INP,first_match,last_match,Rank-1,Rank-5,Rank-10,Rank-20
0,000258_cam1_0_00.jpg,258,0,-1,True,20,826,1.0,1.0,1,20,1,1,1,1
1,000258_cam1_0_01.jpg,258,0,-1,True,20,826,0.9976190476190476,0.9523809523809523,1,21,1,1,1,1
2,000258_cam1_0_02.jpg,258,0,-1,True,20,826,1.0,1.0,1,20,1,1,1,1
3,000258_cam1_0_03.jpg,258,0,-1,True,20,826,1.0,1.0,1,20,1,1,1,1
4,000258_cam1_0_04.jpg,258,0,-1,True,20,826,0.9730608076563957,0.8333333333333334,1,24,1,1,1,1
5,000258_cam1_0_05.jpg,258,0,-1,True,20,826,0.9951190476190476,0.9523809523809523,1,21,1,1,1,1
6,000258_cam1_0_06.jpg,258,0,-1,True,20,826,1.0,1.0,1,20,1,1,1,1
7,000258_cam1_0_07.jpg,258,0,-1,True,20,826,1.0,1.0,1,20,1,1,1,1
8,000258_cam1_0_08.jpg,258,0,-1,True,20,826,1.0,1.0,1,20,1,1,1,1
9,000258_cam1_0_09.jpg,258,0,-1,True,20,826,1.0,1.0,1,20,1,1,1,1
10,000258_cam2_0_00.jpg,258,1,-1,True,10,816,1.0,1.0,1,10,1,1,1,1
11,000258_cam2_0_01.jpg,258,1,-1,True,10,816,1.0,1.0,1,10,1,1,1,1
12,000258_cam2_0_02.jpg,258,1,-1,True,10,816,1.0,1.0,1,10,1,1,1,1
13,000258_cam2_0_03.jpg,258,1,-1,True,10,816,1.0,1.0,1,10,1,1,1,1
14,000258_cam2_0_04.jpg,258,1,-1,True,10,816,1.0,1.0,1,10,1,1,1,1
15,000258_cam2_0_05.jpg,258,1,-1,True,10,816,1.0,1.0,1,10,1,1,1,1
16,000258_cam2_0_06.jpg,258,1,-1,True,10,816,1.0,1.0,1,10,1,1,1,1
17,000258_cam2_0_07.jpg,258,1,-1,True,10,816,1.0,1.0,1,10,1,1,1,1
18,000258_cam2_0_08.jpg,258,1,-1,True,10,816,1.0,1.0,1,10,1,1,1,1
19,000258_cam2_0_09.jpg,258,1,-1,True,10,816,1.0,1.0,1,10,1,1,1,1
20,000258_cam2_0_10.jpg,258,1,-1,True,10,816,1.0,1.0,1,10,1,1,1,1
21,000258_cam2_0_11.jpg,258,1,-1,True,10,816,1.0,1.0,1,10,1,1,1,1
22,000258_cam2_0_12.jpg,258,1,-1,True,10,816,1.0,1.0,1,10,1,1,1,1
23,000258_cam2_0_13.jpg,258,1,-1,True,10,816,1.0,1.0,1,10,1,1,1,1
24,000258_cam2_0_14.jpg,258,1,-1,True,10,816,1.0,1.0,1,10,1,1,1,1
25,000258_cam2_0_15.jpg,258,1,-1,True,10,816,1.0,1.0,1,10,1,1,1,1
26,000258_cam2_0_16.jpg,258,1,-1,True,10,816,1.0,1.0,1,10,1,1,1,1
27,000258_cam2_0_17.jpg,258,1,-1,True,10,816,1.0,1.0,1,10,1,1,1,1
28,000258_cam2_0_18.jpg,258,1,-1,True,10,816,1.0,1.0,1,10,1,1,1,1
29,000258_cam2_0_19.jpg,258,1,-1,True,10,816,1.0,1.0,1,10,1,1,1,1
30,000260_cam1_0_00.jpg,260,0,-1,True,21,827,0.6061159868799266,0.42,1,50,1,1,1,1
31,000260_cam1_0_01.jpg,260,0,-1,True,21,827,0.7677492410326123,0.4375,1,48,1,1,1,1
32,000260_cam1_0_02.jpg,260,0,-1,True,21,827,0.48986284149783105,0.40384615384615385,1,52,1,1,1,1
33,000260_cam1_0_03.jpg,260,0,-1,True,21,827,0.6218233936823954,0.3181818181818182,1,66,1,1,1,1
34,000260_cam1_0_04.jpg,260,0,-1,True,21,827,0.508248384985103,0.42,1,50,1,1,1,1
35,000260_cam1_0_05.jpg,260,0,-1,True,21,827,0.5122770686802088,0.4375,5,48,0,1,1,1
36,000260_cam1_0_06.jpg,260,0,-1,True,21,827,0.917203573450809,0.6363636363636364,1,33,1,1,1,1
37,000260_cam1_0_07.jpg,260,0,-1,True,21,827,0.5850478300165848,0.26582278481012656,1,79,1,1,1,1
38,000260_cam1_0_08.jpg,260,0,-1,True,21,827,0.9897186147186148,0.875,1,24,1,1,1,1
39,000260_cam2_0_00.jpg,260,1,-1,True,9,815,0.8567901234567902,0.6428571428571429,1,14,1,1,1,1
40,000260_cam2_0_01.jpg,260,1,-1,True,9,815,0.9017195767195767,0.75,1,12,1,1,1,1
41,000260_cam2_0_02.jpg,260,1,-1,True,9,815,1.0,1.0,1,9,1,1,1,1
42,000260_cam2_0_03.jpg,260,1,-1,True,9,815,0.7530034235916588,0.5294117647058824,1,17,1,1,1,1
43,000260_cam2_0_04.jpg,260,1,-1,True,9,815,0.7054374150865379,0.47368421052631576,1,19,1,1,1,1
44,000260_cam2_0_05.jpg,260,1,-1,True,9,815,0.6954974582425563,0.5,1,18,1,1,1,1
45,000260_cam2_0_06.jpg,260,1,-1,True,9,815,0.7351148851148851,0.5,1,18,1,1,1,1
46,000260_cam2_0_07.jpg,260,1,-1,True,9,815,0.7725589225589224,0.6,1,15,1,1,1,1
47,000260_cam2_0_08.jpg,260,1,-1,True,9,815,0.5602790213901324,0.32142857142857145,1,28,1,1,1,1
48,000260_cam2_0_09.jpg,260,1,-1,True,9,815,0.343213617658062,0.2727272727272727,2,33,0,1,1,1
49,000260_cam2_0_10.jpg,260,1,-1,True,9,815,0.2102044958227754,0.1875,4,48,0,1,1,1
50,000260_cam2_0_11.jpg,260,1,-1,True,9,815,0.39993216659883324,0.3,1,30,1,1,1,1
51,000260_cam2_0_12.jpg,260,1,-1,True,9,815,0.2035049732532141,0.14754098360655737,3,61,0,1,1,1
52,000260_cam2_0_13.jpg,260,1,-1,True,9,815,0.19880521611182317,0.15254237288135594,2,59,0,1,1,1
53,000260_cam2_0_14.jpg,260,1,-1,True,9,815,0.12852054453367756,0.11688311688311688,4,77,0,1,1,1
54,000260_cam2_0_15.jpg,260,1,-1,True,9,815,0.22506967704336123,0.1875,2,48,0,1,1,1
55,000260_cam2_0_16.jpg,260,1,-1,True,9,815,0.1916089458564427,0.19148936170212766,4,47,0,1,1,1
56,000260_cam2_0_17.jpg,260,1,-1,True,9,815,0.2334175229404698,0.28125,3,32,0,1,1,1
57,000260_cam2_0_18.jpg,260,1,-1,True,9,815,0.26191810881201927,0.28125,2,32,0,1,1,1
58,000260_cam2_0_19.jpg,260,1,-1,True,9,815,0.2152253955105375,0.21951219512195122,4,41,0,1,1,1
59,000260_cam2_0_20.jpg,260,1,-1,True,9,815,0.3555985924406977,0.3333333333333333,2,27,0,1,1,1
60,000269_cam1_0_00.jpg,269,0,-1,True,16,827,1.0,1.0,1,16,1,1,1,1
61,000269_cam1_0_01.jpg,269,0,-1,True,16,827,1.0,1.0,1,16,1,1,1,1
62,000269_cam1_0_02.jpg,269,0,-1,True,16,827,1.0,1.0,1,16,1,1,1,1
63,000269_cam1_0_03.jpg,269,0,-1,True,16,827,1.0,1.0,1,16,1,1,1,1
64,000269_cam1_0_04.jpg,269,0,-1,True,16,827,1.0,1.0,1,16,1,1,1,1
65,000269_cam1_0_05.jpg,269,0,-1,True,16,827,1.0,1.0,1,16,1,1,1,1
66,000269_cam1_0_06.jpg,269,0,-1,True,16,827,1.0,1.0,1,16,1,1,1,1
67,000269_cam1_0_07.jpg,269,0,-1,True,16,827,1.0,1.0,1,16,1,1,1,1
68,000269_cam1_0_08.jpg,269,0,-1,True,16,827,1.0,1.0,1,16,1,1,1,1
69,000269_cam2_0_00.jpg,269,1,-1,True,9,820,0.40990774657441326,0.34615384615384615,4,26,0,1,1,1
70,000269_cam2_0_01.jpg,269,1,-1,True,9,820,0.23368938169986178,0.3103448275862069,10,29,0,0,1,1
71,000269_cam2_0_02.jpg,269,1,-1,True,9,820,0.9535634118967453,0.8181818181818182,1,11,1,1,1,1
72,000269_cam2_0_03.jpg,269,1,-1,True,9,820,1.0,1.0,1,9,1,1,1,1
73,000269_cam2_0_04.jpg,269,1,-1,True,9,820,1.0,1.0,1,9,1,1,1,1
74,000269_cam2_0_05.jpg,269,1,-1,True,9,820,0.7510327635327635,0.5625,1,16,1,1,1,1
75,000269_cam2_0_06.jpg,269,1,-1,True,9,820,0.9888888888888889,0.9,1,10,1,1,1,1
76,000269_cam2_0_07.jpg,269,1,-1,True,9,820,1.0,1.0,1,9,1,1,1,1
77,000269_cam2_0_08.jpg,269,1,-1,True,9,820,1.0,1.0,1,9,1,1,1,1
78,000269_cam2_0_09.jpg,269,1,-1,True,9,820,1.0,1.0,1,9,1,1,1,1
79,000269_cam2_0_10.jpg,269,1,-1,True,9,820,0.9535634118967453,0.8181818181818182,1,11,1,1,1,1
80,000269_cam2_0_11.jpg,269,1,-1,True,9,820,1.0,1.0,1,9,1,1,1,1
81,000269_cam2_0_12.jpg,269,1,-1,True,9,820,0.9328843995510662,0.8181818181818182,1,11,1,1,1,1
82,000269_cam2_0_13.jpg,269,1,-1,True,9,820,1.0,1.0,1,9,1,1,1,1
83,000269_cam2_0_14.jpg,269,1,-1,True,9,820,1.0,1.0,1,9,1,1,1,1
84,000269_cam2_0_15.jpg,269,1,-1,True,9,820,1.0,1.0,1,9,1,1,1,1
85,000270_cam1_0_00.jpg,270,0,-1,True,10,829,1.0,1.0,1,10,1,1,1,1
86,000270_cam1_0_01.jpg,270,0,-1,True,10,829,1.0,1.0,1,10,1,1,1,1
87,000270_cam1_0_02.jpg,270,0,-1,True,10,829,1.0,1.0,1,10,1,1,1,1
88,000270_cam1_0_03.jpg,270,0,-1,True,10,829,1.0,1.0,1,10,1,1,1,1
89,000270_cam1_0_04.jpg,270,0,-1,True,10,829,1.0,1.0,1,10,1,1,1,1
90,000270_cam1_0_05.jpg,270,0,-1,True,10,829,1.0,1.0,1,10,1,1,1,1
91,000270_cam1_0_06.jpg,270,0,-1,True,10,829,1.0,1.0,1,10,1,1,1,1
92,000270_cam2_0_00.jpg,270,1,-1,True,7,826,1.0,1.0,1,7,1,1,1,1
93,000270_cam2_0_01.jpg,270,1,-1,True,7,826,1.0,1.0,1,7,1,1,1,1
94,000270_cam2_0_02.jpg,270,1,-1,True,7,826,1.0,1.0,1,7,1,1,1,1
95,000270_cam2_0_03.jpg,270,1,-1,True,7,826,1.0,1.0,1,7,1,1,1,1
96,000270_cam2_0_04.jpg,270,1,-1,True,7,826,1.0,1.0,1,7,1,1,1,1
97,000270_cam2_0_05.jpg,270,1,-1,True,7,826,1.0,1.0,1,7,1,1,1,1
98,000270_cam2_0_06.jpg,270,1,-1,True,7,826,1.0,1.0,1,7,1,1,1,1
99,000270_cam2_0_07.jpg,270,1,-1,True,7,826,1.0,1.0,1,7,1,1,1,1
100,000270_cam2_0_08.jpg,270,1,-1,True,7,826,0.9682539682539683,0.7777777777777778,1,9,1,1,1,1
101,000270_cam2_0_09.jpg,270,1,-1,True,7,826,1.0,1.0,1,7,1,1,1,1
102,000271_cam1_0_00.jpg,271,0,-1,True,16,826,1.0,1.0,1,16,1,1,1,1
103,000271_cam1_0_01.jpg,271,0,-1,True,16,826,0.9381529673349526,0.9411764705882353,1,17,1,1,1,1
104,000271_cam1_0_02.jpg,271,0,-1,True,16,826,1.0,1.0,1,16,1,1,1,1
105,000271_cam1_0_03.jpg,271,0,-1,True,16,826,0.9648205093517593,0.8888888888888888,1,18,1,1,1,1
106,000271_cam1_0_04.jpg,271,0,-1,True,16,826,0.9963235294117647,0.9411764705882353,1,17,1,1,1,1
107,000271_cam1_0_05.jpg,271,0,-1,True,16,826,0.9680884832079686,0.9411764705882353,1,17,1,1,1,1
108,000271_cam1_0_06.jpg,271,0,-1,True,16,826,0.733866870976246,0.35555555555555557,2,45,0,1,1,1
109,000271_cam1_0_07.jpg,271,0,-1,True,16,826,0.88294131140832,0.64,1,25,1,1,1,1
110,000271_cam1_0_08.jpg,271,0,-1,True,16,826,0.6702200635013135,0.2909090909090909,1,55,1,1,1,1
111,000271_cam1_0_09.jpg,271,0,-1,True,16,826,0.6076925957644287,0.2807017543859649,3,57,0,1,1,1
112,000271_cam2_0_00.jpg,271,1,-1,True,10,820,0.5512780124594641,0.2777777777777778,1,36,1,1,1,1
113,000271_cam2_0_01.jpg,271,1,-1,True,10,820,0.6934624359306756,0.2631578947368421,1,38,1,1,1,1
114,000271_cam2_0_02.jpg,271,1,-1,True,10,820,0.8416302016302015,0.2702702702702703,1,37,1,1,1,1
115,000271_cam2_0_03.jpg,271,1,-1,True,10,820,0.6896862622472378,0.2222222222222222,1,45,1,1,1,1
116,000271_cam2_0_04.jpg,271,1,-1,True,10,820,0.6270238095238095,0.22727272727272727,1,44,1,1,1,1
117,000271_cam2_0_05.jpg,271,1,-1,True,10,820,0.6977413127413128,0.2702702702702703,1,37,1,1,1,1
118,000271_cam2_0_06.jpg,271,1,-1,True,10,820,0.8240510697032436,0.2777777777777778,1,36,1,1,1,1
119,000271_cam2_0_07.jpg,271,1,-1,True,10,820,0.8017748917748918,0.22727272727272727,1,44,1,1,1,1
120,000271_cam2_0_08.jpg,271,1,-1,True,10,820,0.8308333333333333,0.20833333333333334,1,48,1,1,1,1
121,000271_cam2_0_09.jpg,271,1,-1,True,10,820,0.7835597352838732,0.30303030303030304,1,33,1,1,1,1
122,000271_cam2_0_10.jpg,271,1,-1,True,10,820,0.7778820057922442,0.3225806451612903,1,31,1,1,1,1
123,000271_cam2_0_11.jpg,271,1,-1,True,10,820,0.877258064516129,0.3225806451612903,1,31,1,1,1,1
124,000271_cam2_0_12.jpg,271,1,-1,True,10,820,0.8110859728506787,0.29411764705882354,1,34,1,1,1,1
125,000271_cam2_0_13.jpg,271,1,-1,True,10,820,0.8603030303030303,0.30303030303030304,1,33,1,1,1,1
126,000271_cam2_0_14.jpg,271,1,-1,True,10,820,0.9488235294117647,0.5882352941176471,1,17,1,1,1,1
127,000271_cam2_0_15.jpg,271,1,-1,True,10,820,0.7880492859282932,0.29411764705882354,1,34,1,1,1,1
128,000272_cam1_0_00.jpg,272,0,-1,True,15,826,0.9551098901098901,0.625,1,24,1,1,1,1
129,000272_cam1_0_01.jpg,272,0,-1,True,15,826,0.9465649165649166,0.7142857142857143,1,21,1,1,1,1
130,000272_cam1_0_02.jpg,272,0,-1,True,15,826,0.824148733713951,0.5,1,30,1,1,1,1
131,000272_cam1_0_03.jpg,272,0,-1,True,15,826,0.8358403494283373,0.4838709677419355,1,31,1,1,1,1
132,000272_cam1_0_04.jpg,272,0,-1,True,15,826,0.8875033300033303,0.5357142857142857,1,28,1,1,1,1
133,000272_cam1_0_05.jpg,272,0,-1,True,15,826,0.9436626445449975,0.625,1,24,1,1,1,1
134,000272_cam1_0_06.jpg,272,0,-1,True,15,826,0.8419064149159047,0.5357142857142857,1,28,1,1,1,1
135,000272_cam1_0_07.jpg,272,0,-1,True,15,826,0.9888888888888889,0.8333333333333334,1,18,1,1,1,1
136,000272_cam1_0_08.jpg,272,0,-1,True,15,826,0.9349247049247048,0.5555555555555556,1,27,1,1,1,1
137,000272_cam1_0_09.jpg,272,0,-1,True,15,826,1.0,1.0,1,15,1,1,1,1
138,000272_cam2_0_00.jpg,272,1,-1,True,10,821,0.710021645021645,0.3333333333333333,1,30,1,1,1,1
139,000272_cam2_0_01.jpg,272,1,-1,True,10,821,0.25650191981255344,0.2,8,50,0,0,1,1
140,000272_cam2_0_02.jpg,272,1,-1,True,10,821,0.3226660376660377,0.2564102564102564,2,39,0,1,1,1
141,000272_cam2_0_03.jpg,272,1,-1,True,10,821,0.3556544389073458,0.20833333333333334,2,48,0,1,1,1
142,000272_cam2_0_04.jpg,272,1,-1,True,10,821,0.3547387784629164,0.16666666666666666,1,60,1,1,1,1
143,000272_cam2_0_05.jpg,272,1,-1,True,10,821,0.17204249704537328,0.10416666666666667,9,96,0,0,1,1
144,000272_cam2_0_06.jpg,272,1,-1,True,10,821,0.29657607549798787,0.10752688172043011,1,93,1,1,1,1
145,000272_cam2_0_07.jpg,272,1,-1,True,10,821,0.31925301979425685,0.10309278350515463,1,97,1,1,1,1
146,000272_cam2_0_08.jpg,272,1,-1,True,10,821,0.32175558850540503,0.11904761904761904,2,84,0,1,1,1
147,000272_cam2_0_09.jpg,272,1,-1,True,10,821,0.11403789116335121,0.06369426751592357,6,157,0,0,1,1
148,000272_cam2_0_10.jpg,272,1,-1,True,10,821,0.3624749130145213,0.08620689655172414,1,116,1,1,1,1
149,000272_cam2_0_11.jpg,272,1,-1,True,10,821,0.44413514797015513,0.11363636363636363,1,88,1,1,1,1
150,000272_cam2_0_12.jpg,272,1,-1,True,10,821,0.2362130234192993,0.09803921568627451,2,102,0,1,1,1
151,000272_cam2_0_13.jpg,272,1,-1,True,10,821,1.0,1.0,1,10,1,1,1,1
152,000272_cam2_0_14.jpg,272,1,-1,True,10,821,0.6520119047619047,0.20833333333333334,1,48,1,1,1,1
153,000273_cam1_0_00.jpg,273,0,-1,True,16,826,1.0,1.0,1,16,1,1,1,1
154,000273_cam1_0_01.jpg,273,0,-1,True,16,826,1.0,1.0,1,16,1,1,1,1
155,000273_cam1_0_02.jpg,273,0,-1,True,16,826,1.0,1.0,1,16,1,1,1,1
156,000273_cam1_0_03.jpg,273,0,-1,True,16,826,1.0,1.0,1,16,1,1,1,1
157,000273_cam1_0_04.jpg,273,0,-1,True,16,826,1.0,1.0,1,16,1,1,1,1
158,000273_cam1_0_05.jpg,273,0,-1,True,16,826,1.0,1.0,1,16,1,1,1,1
159,000273_cam1_0_06.jpg,273,0,-1,True,16,826,1.0,1.0,1,16,1,1,1,1
160,000273_cam1_0_07.jpg,273,0,-1,True,16,826,1.0,1.0,1,16,1,1,1,1
161,000273_cam1_0_08.jpg,273,0,-1,True,16,826,1.0,1.0,1,16,1,1,1,1
162,000273_cam1_0_09.jpg,273,0,-1,True,16,826,1.0,1.0,1,16,1,1,1,1
163,000273_cam2_0_00.jpg,273,1,-1,True,10,820,1.0,1.0,1,10,1,1,1,1
164,000273_cam2_0_01.jpg,273,1,-1,True,10,820,1.0,1.0,1,10,1,1,1,1
165,000273_cam2_0_02.jpg,273,1,-1,True,10,820,1.0,1.0,1,10,1,1,1,1
166,000273_cam2_0_03.jpg,273,1,-1,True,10,820,1.0,1.0,1,10,1,1,1,1
167,000273_cam2_0_04.jpg,273,1,-1,True,10,820,1.0,1.0,1,10,1,1,1,1
168,000273_cam2_0_05.jpg,273,1,-1,True,10,820,1.0,1.0,1,10,1,1,1,1
169,000273_cam2_0_06.jpg,273,1,-1,True,10,820,1.0,1.0,1,10,1,1,1,1
170,000273_cam2_0_07.jpg,273,1,-1,True,10,820,1.0,1.0,1,10,1,1,1,1
171,000273_cam2_0_08.jpg,273,1,-1,True,10,820,1.0,1.0,1,10,1,1,1,1
172,000273_cam2_0_09.jpg,273,1,-1,True,10,820,1.0,1.0,1,10,1,1,1,1
173,000273_cam2_0_10.jpg,273,1,-1,True,10,820,1.0,1.0,1,10,1,1,1,1
174,000273_cam2_0_11.jpg,273,1,-1,True,10,820,0.9566666666666667,0.6666666666666666,1,15,1,1,1,1
175,000273_cam2_0_12.jpg,273,1,-1,True,10,820,1.0,1.0,1,10,1,1,1,1
176,000273_cam2_0_13.jpg,273,1,-1,True,10,820,1.0,1.0,1,10,1,1,1,1
177,000273_cam2_0_14.jpg,273,1,-1,True,10,820,0.9909090909090909,0.9090909090909091,1,11,1,1,1,1
178,000273_cam2_0_15.jpg,273,1,-1,True,10,820,1.0,1.0,1,10,1,1,1,1
179,000274_cam1_0_00.jpg,274,0,-1,True,19,825,0.9637618636755825,0.3114754098360656,1,61,1,1,1,1
180,000274_cam1_0_01.jpg,274,0,-1,True,19,825,0.47211741114621014,0.12025316455696203,2,158,0,1,1,1
181,000274_cam1_0_02.jpg,274,0,-1,True,19,825,0.7893973346540987,0.11176470588235295,1,170,1,1,1,1
182,000274_cam1_0_03.jpg,274,0,-1,True,19,825,0.9084546747423864,0.19387755102040816,1,98,1,1,1,1
183,000274_cam1_0_04.jpg,274,0,-1,True,19,825,0.6011633144234877,0.20652173913043478,1,92,1,1,1,1
184,000274_cam1_0_05.jpg,274,0,-1,True,19,825,0.9042210790133229,0.24358974358974358,1,78,1,1,1,1
185,000274_cam1_0_06.jpg,274,0,-1,True,19,825,0.2422736418604607,0.16521739130434782,2,115,0,1,1,1
186,000274_cam1_0_07.jpg,274,0,-1,True,19,825,0.8011594630110842,0.18811881188118812,1,101,1,1,1,1
187,000274_cam1_0_08.jpg,274,0,-1,True,19,825,0.8570018489031285,0.24358974358974358,1,78,1,1,1,1
188,000274_cam1_0_09.jpg,274,0,-1,True,19,825,0.8539453252022764,0.2753623188405797,1,69,1,1,1,1
189,000274_cam1_0_10.jpg,274,0,-1,True,19,825,0.18809015204636376,0.08189655172413793,2,232,0,1,1,1
190,000274_cam2_0_00.jpg,274,1,-1,True,11,817,1.0,1.0,1,11,1,1,1,1
191,000274_cam2_0_01.jpg,274,1,-1,True,11,817,0.7578706317836754,0.06832298136645963,1,161,1,1,1,1
192,000274_cam2_0_02.jpg,274,1,-1,True,11,817,0.8409660665235279,0.10377358490566038,1,106,1,1,1,1
193,000274_cam2_0_03.jpg,274,1,-1,True,11,817,0.8557590804917006,0.08088235294117647,1,136,1,1,1,1
194,000274_cam2_0_04.jpg,274,1,-1,True,11,817,0.7505617020243484,0.054455445544554455,1,202,1,1,1,1
195,000274_cam2_0_05.jpg,274,1,-1,True,11,817,0.895,0.22,1,50,1,1,1,1
196,000274_cam2_0_06.jpg,274,1,-1,True,11,817,0.827318460192476,0.08661417322834646,1,127,1,1,1,1
197,000274_cam2_0_07.jpg,274,1,-1,True,11,817,0.8573435972629522,0.11827956989247312,1,93,1,1,1,1
198,000274_cam2_0_08.jpg,274,1,-1,True,11,817,0.8898236092265943,0.05472636815920398,1,201,1,1,1,1
199,000274_cam2_0_09.jpg,274,1,-1,True,11,817,0.8762626262626263,0.08333333333333333,1,132,1,1,1,1
200,000274_cam2_0_10.jpg,274,1,-1,True,11,817,0.8444499103590011,0.08148148148148149,1,135,1,1,1,1
201,000274_cam2_0_11.jpg,274,1,-1,True,11,817,0.7776421712379967,0.11827956989247312,1,93,1,1,1,1
202,000274_cam2_0_12.jpg,274,1,-1,True,11,817,0.6875466413927952,0.0650887573964497,1,169,1,1,1,1
203,000274_cam2_0_13.jpg,274,1,-1,True,11,817,0.6717915983692683,0.05339805825242718,1,206,1,1,1,1
204,000274_cam2_0_14.jpg,274,1,-1,True,11,817,0.8423520923520923,0.07142857142857142,1,154,1,1,1,1
205,000274_cam2_0_15.jpg,274,1,-1,True,11,817,0.3997910284567176,0.05789473684210526,1,190,1,1,1,1
206,000274_cam2_0_16.jpg,274,1,-1,True,11,817,0.3209221406247311,0.054455445544554455,5,202,0,1,1,1
207,000274_cam2_0_17.jpg,274,1,-1,True,11,817,0.3387204337186598,0.054455445544554455,1,202,1,1,1,1
208,000274_cam2_0_18.jpg,274,1,-1,True,11,817,0.1274981748478405,0.05116279069767442,16,215,0,0,0,1
209,000275_cam1_0_00.jpg,275,0,-1,True,15,821,1.0,1.0,1,15,1,1,1,1
210,000275_cam1_0_01.jpg,275,0,-1,True,15,821,1.0,1.0,1,15,1,1,1,1
211,000275_cam1_0_02.jpg,275,0,-1,True,15,821,1.0,1.0,1,15,1,1,1,1
212,000275_cam1_0_03.jpg,275,0,-1,True,15,821,0.8630949554775104,0.6,1,25,1,1,1,1
213,000275_cam1_0_04.jpg,275,0,-1,True,15,821,0.9376165355112723,0.75,1,20,1,1,1,1
214,000275_cam1_0_05.jpg,275,0,-1,True,15,821,0.9757936507936509,0.8333333333333334,1,18,1,1,1,1
215,000275_cam1_0_06.jpg,275,0,-1,True,15,821,0.9613756613756614,0.7142857142857143,1,21,1,1,1,1
216,000275_cam1_0_07.jpg,275,0,-1,True,15,821,1.0,1.0,1,15,1,1,1,1
217,000275_cam1_0_08.jpg,275,0,-1,True,15,821,1.0,1.0,1,15,1,1,1,1
218,000275_cam1_0_09.jpg,275,0,-1,True,15,821,1.0,1.0,1,15,1,1,1,1
219,000275_cam1_0_10.jpg,275,0,-1,True,15,821,1.0,1.0,1,15,1,1,1,1
220,000275_cam1_0_11.jpg,275,0,-1,True,15,821,1.0,1.0,1,15,1,1,1,1
221,000275_cam1_0_12.jpg,275,0,-1,True,15,821,0.9844444444444445,0.8333333333333334,1,18,1,1,1,1
222,000275_cam1_0_13.jpg,275,0,-1,True,15,821,0.9958333333333333,0.9375,1,16,1,1,1,1
223,000275_cam1_0_14.jpg,275,0,-1,True,15,821,1.0,1.0,1,15,1,1,1,1
224,000275_cam2_0_00.jpg,275,1,-1,True,15,821,0.9958333333333333,0.9375,1,16,1,1,1,1
225,000275_cam2_0_01.jpg,275,1,-1,True,15,821,0.8756869818634524,0.5,1,30,1,1,1,1
226,000275_cam2_0_02.jpg,275,1,-1,True,15,821,0.9844444444444445,0.8333333333333334,1,18,1,1,1,1
227,000275_cam2_0_03.jpg,275,1,-1,True,15,821,0.9716666666666668,0.8333333333333334,1,18,1,1,1,1
228,000275_cam2_0_04.jpg,275,1,-1,True,15,821,0.9958333333333333,0.9375,1,16,1,1,1,1
229,000275_cam2_0_05.jpg,275,1,-1,True,15,821,1.0,1.0,1,15,1,1,1,1
230,000275_cam2_0_06.jpg,275,1,-1,True,15,821,0.815169146992429,0.4838709677419355,1,31,1,1,1,1
231,000275_cam2_0_07.jpg,275,1,-1,True,15,821,0.9260598660598661,0.5357142857142857,1,28,1,1,1,1
232,000275_cam2_0_08.jpg,275,1,-1,True,15,821,0.8101123712888418,0.6,1,25,1,1,1,1
233,000275_cam2_0_09.jpg,275,1,-1,True,15,821,1.0,1.0,1,15,1,1,1,1
234,000275_cam2_0_10.jpg,275,1,-1,True,15,821,1.0,1.0,1,15,1,1,1,1
235,000275_cam2_0_11.jpg,275,1,-1,True,15,821,1.0,1.0,1,15,1,1,1,1
236,000275_cam2_0_12.jpg,275,1,-1,True,15,821,1.0,1.0,1,15,1,1,1,1
237,000275_cam2_0_13.jpg,275,1,-1,True,15,821,1.0,1.0,1,15,1,1,1,1
238,000275_cam2_0_14.jpg,275,1,-1,True,15,821,1.0,1.0,1,15,1,1,1,1
239,000276_cam1_0_00.jpg,276,0,-1,True,15,821,0.9888888888888889,0.8333333333333334,1,18,1,1,1,1
240,000276_cam1_0_01.jpg,276,0,-1,True,15,821,0.2102739132882026,0.18072289156626506,8,83,0,0,1,1
241,000276_cam1_0_02.jpg,276,0,-1,True,15,821,0.14609671289530246,0.14285714285714285,21,105,0,0,0,0
242,000276_cam1_0_03.jpg,276,0,-1,True,15,821,0.9158333333333334,0.3,1,50,1,1,1,1
243,000276_cam1_0_04.jpg,276,0,-1,True,15,821,0.9005070876835582,0.5,1,30,1,1,1,1
244,000276_cam1_0_05.jpg,276,0,-1,True,15,821,0.8840347490347491,0.375,1,40,1,1,1,1
245,000276_cam1_0_06.jpg,276,0,-1,True,15,821,0.800499689832709,0.4411764705882353,1,34,1,1,1,1
246,000276_cam1_0_07.jpg,276,0,-1,True,15,821,0.8495767195767197,0.2777777777777778,1,54,1,1,1,1
247,000276_cam1_0_08.jpg,276,0,-1,True,15,821,0.32921581347221635,0.09740259740259741,1,154,1,1,1,1
248,000276_cam1_0_09.jpg,276,0,-1,True,15,821,0.5415357361861601,0.3333333333333333,2,45,0,1,1,1
249,000276_cam1_0_10.jpg,276,0,-1,True,15,821,0.2651544450139334,0.11538461538461539,4,130,0,1,1,1
250,000276_cam1_0_11.jpg,276,0,-1,True,15,821,0.3267250936029657,0.14705882352941177,4,102,0,1,1,1
251,000276_cam1_0_12.jpg,276,0,-1,True,15,821,0.2807543116832982,0.11811023622047244,5,127,0,1,1,1
252,000276_cam1_0_13.jpg,276,0,-1,True,15,821,0.5235195214594195,0.14150943396226415,1,106,1,1,1,1
253,000276_cam1_0_14.jpg,276,0,-1,True,15,821,0.8893311318311319,0.6,1,25,1,1,1,1
254,000276_cam2_0_00.jpg,276,1,-1,True,15,821,0.31044598873686646,0.40540540540540543,11,37,0,0,0,1
255,000276_cam2_0_01.jpg,276,1,-1,True,15,821,0.30176414150281816,0.25,5,60,0,1,1,1
256,000276_cam2_0_02.jpg,276,1,-1,True,15,821,0.5608345461963172,0.36585365853658536,1,41,1,1,1,1
257,000276_cam2_0_03.jpg,276,1,-1,True,15,821,0.40986000330644573,0.32608695652173914,1,46,1,1,1,1
258,000276_cam2_0_04.jpg,276,1,-1,True,15,821,0.5089380154712002,0.36585365853658536,1,41,1,1,1,1
259,000276_cam2_0_05.jpg,276,1,-1,True,15,821,0.5617636692312419,0.36585365853658536,1,41,1,1,1,1
260,000276_cam2_0_06.jpg,276,1,-1,True,15,821,0.7386631083279355,0.4411764705882353,1,34,1,1,1,1
261,000276_cam2_0_07.jpg,276,1,-1,True,15,821,0.2534360685753875,0.2777777777777778,8,54,0,0,1,1
262,000276_cam2_0_08.jpg,276,1,-1,True,15,821,0.525486496509236,0.3409090909090909,2,44,0,1,1,1
263,000276_cam2_0_09.jpg,276,1,-1,True,15,821,0.38071009644539056,0.375,4,40,0,1,1,1
264,000276_cam2_0_10.jpg,276,1,-1,True,15,821,0.6493242565673997,0.4411764705882353,1,34,1,1,1,1
265,000276_cam2_0_11.jpg,276,1,-1,True,15,821,0.6616033250163685,0.5357142857142857,1,28,1,1,1,1
266,000276_cam2_0_12.jpg,276,1,-1,True,15,821,0.48587960275450737,0.5,2,30,0,1,1,1
267,000276_cam2_0_13.jpg,276,1,-1,True,15,821,0.3083395309787088,0.26785714285714285,10,56,0,0,1,1
268,000276_cam2_0_14.jpg,276,1,-1,True,15,821,0.6183508268759393,0.46875,1,32,1,1,1,1
269,000277_cam1_0_00.jpg,277,0,-1,True,15,821,0.7900002122157734,0.36585365853658536,1,41,1,1,1,1
270,000277_cam1_0_01.jpg,277,0,-1,True,15,821,0.8641943041943043,0.40540540540540543,1,37,1,1,1,1
271,000277_cam1_0_02.jpg,277,0,-1,True,15,821,0.8097286921112468,0.5769230769230769,1,26,1,1,1,1
272,000277_cam1_0_03.jpg,277,0,-1,True,15,821,0.9432658191481722,0.5357142857142857,1,28,1,1,1,1
273,000277_cam1_0_04.jpg,277,0,-1,True,15,821,0.38000443069923034,0.4166666666666667,10,36,0,0,1,1
274,000277_cam1_0_05.jpg,277,0,-1,True,15,821,0.4028782276088777,0.5357142857142857,10,28,0,0,1,1
275,000277_cam1_0_06.jpg,277,0,-1,True,15,821,0.4100738355436161,0.5555555555555556,10,27,0,0,1,1
276,000277_cam1_0_07.jpg,277,0,-1,True,15,821,0.38058056190281253,0.4411764705882353,10,34,0,0,1,1
277,000277_cam1_0_08.jpg,277,0,-1,True,15,821,0.3987402791375959,0.5,7,30,0,0,1,1
278,000277_cam1_0_09.jpg,277,0,-1,True,15,821,0.34773167470154503,0.38461538461538464,10,39,0,0,1,1
279,000277_cam1_0_10.jpg,277,0,-1,True,15,821,0.41502232605093015,0.5357142857142857,7,28,0,0,1,1
280,000277_cam1_0_11.jpg,277,0,-1,True,15,821,0.43056871103849165,0.42857142857142855,3,35,0,1,1,1
281,000277_cam1_0_12.jpg,277,0,-1,True,15,821,0.4190723501009542,0.5555555555555556,7,27,0,0,1,1
282,000277_cam1_0_13.jpg,277,0,-1,True,15,821,0.5737248948535797,0.625,1,24,1,1,1,1
283,000277_cam1_0_14.jpg,277,0,-1,True,15,821,0.9958333333333333,0.9375,1,16,1,1,1,1
284,000277_cam2_0_00.jpg,277,1,-1,True,15,821,0.269824011697471,0.3,1,50,1,1,1,1
285,000277_cam2_0_01.jpg,277,1,-1,True,15,821,0.5456381873487136,0.38461538461538464,1,39,1,1,1,1
286,000277_cam2_0_02.jpg,277,1,-1,True,15,821,0.8474700136464843,0.5357142857142857,1,28,1,1,1,1
287,000277_cam2_0_03.jpg,277,1,-1,True,15,821,0.34030889465203185,0.3,1,50,1,1,1,1
288,000277_cam2_0_04.jpg,277,1,-1,True,15,821,0.17042925644506204,0.234375,4,64,0,1,1,1
289,000277_cam2_0_05.jpg,277,1,-1,True,15,821,0.2304098247740913,0.2727272727272727,2,55,0,1,1,1
290,000277_cam2_0_06.jpg,277,1,-1,True,15,821,0.248250678989133,0.2542372881355932,1,59,1,1,1,1
291,000277_cam2_0_07.jpg,277,1,-1,True,15,821,0.2906376170583606,0.2830188679245283,1,53,1,1,1,1
292,000277_cam2_0_08.jpg,277,1,-1,True,15,821,0.4050925232864682,0.29411764705882354,1,51,1,1,1,1
293,000277_cam2_0_09.jpg,277,1,-1,True,15,821,0.669047064047064,0.6,1,25,1,1,1,1
294,000277_cam2_0_10.jpg,277,1,-1,True,15,821,0.9958333333333333,0.9375,1,16,1,1,1,1
295,000277_cam2_0_11.jpg,277,1,-1,True,15,821,0.9859649122807017,0.7894736842105263,1,19,1,1,1,1
296,000277_cam2_0_12.jpg,277,1,-1,True,15,821,1.0,1.0,1,15,1,1,1,1
297,000277_cam2_0_13.jpg,277,1,-1,True,15,821,1.0,1.0,1,15,1,1,1,1
298,000277_cam2_0_14.jpg,277,1,-1,True,15,821,0.8848626373626375,0.625,1,24,1,1,1,1
299,000278_cam1_0_00.jpg,278,0,-1,True,15,821,0.09516612222570323,0.10135135135135136,27,148,0,0,0,0
300,000278_cam1_0_01.jpg,278,0,-1,True,15,821,0.09732507055649506,0.10638297872340426,26,141,0,0,0,0
301,000278_cam1_0_02.jpg,278,0,-1,True,15,821,0.1223985667245304,0.13513513513513514,22,111,0,0,0,0
302,000278_cam1_0_03.jpg,278,0,-1,True,15,821,0.1302615027765379,0.1282051282051282,22,117,0,0,0,0
303,000278_cam1_0_04.jpg,278,0,-1,True,15,821,0.12205778695704467,0.16853932584269662,25,89,0,0,0,0
304,000278_cam1_0_05.jpg,278,0,-1,True,15,821,0.1487257956604531,0.16483516483516483,22,91,0,0,0,0
305,000278_cam1_0_06.jpg,278,0,-1,True,15,821,0.1580050249348979,0.2,19,75,0,0,0,1
306,000278_cam1_0_07.jpg,278,0,-1,True,15,821,0.16619777048605824,0.19736842105263158,18,76,0,0,0,1
307,000278_cam1_0_08.jpg,278,0,-1,True,15,821,0.1444326705263493,0.19480519480519481,23,77,0,0,0,0
308,000278_cam1_0_09.jpg,278,0,-1,True,15,821,0.12243428112653883,0.15,35,100,0,0,0,0
309,000278_cam1_0_10.jpg,278,0,-1,True,15,821,0.19342462691081433,0.25862068965517243,19,58,0,0,0,1
310,000278_cam1_0_11.jpg,278,0,-1,True,15,821,0.16455502036548222,0.2631578947368421,25,57,0,0,0,0
311,000278_cam1_0_12.jpg,278,0,-1,True,15,821,0.32349005471222303,0.30612244897959184,2,49,0,1,1,1
312,000278_cam1_0_13.jpg,278,0,-1,True,15,821,0.22230361743419558,0.2830188679245283,4,53,0,1,1,1
313,000278_cam1_0_14.jpg,278,0,-1,True,15,821,0.2700649539831126,0.29411764705882354,7,51,0,0,1,1
314,000278_cam2_0_00.jpg,278,1,-1,True,15,821,0.07328561016224715,0.036585365853658534,19,410,0,0,0,1
315,000278_cam2_0_01.jpg,278,1,-1,True,15,821,0.0475690323339064,0.03759398496240601,38,399,0,0,0,0
316,000278_cam2_0_02.jpg,278,1,-1,True,15,821,0.05106324189474594,0.04451038575667656,48,337,0,0,0,0
317,000278_cam2_0_03.jpg,278,1,-1,True,15,821,0.06456528925503649,0.04261363636363636,31,352,0,0,0,0
318,000278_cam2_0_04.jpg,278,1,-1,True,15,821,0.048097102339399636,0.033112582781456956,32,453,0,0,0,0
319,000278_cam2_0_05.jpg,278,1,-1,True,15,821,0.09844517687501236,0.06912442396313365,22,217,0,0,0,0
320,000278_cam2_0_06.jpg,278,1,-1,True,15,821,0.057031860688574715,0.046875,29,320,0,0,0,0
321,000278_cam2_0_07.jpg,278,1,-1,True,15,821,0.19088040226145242,0.15151515151515152,14,99,0,0,0,1
322,000278_cam2_0_08.jpg,278,1,-1,True,15,821,0.10375092575992227,0.1056338028169014,22,142,0,0,0,0
323,000278_cam2_0_09.jpg,278,1,-1,True,15,821,0.06095042036299066,0.05244755244755245,40,286,0,0,0,0
324,000278_cam2_0_10.jpg,278,1,-1,True,15,821,0.07833328323001407,0.07772020725388601,45,193,0,0,0,0
325,000278_cam2_0_11.jpg,278,1,-1,True,15,821,0.05448888379834492,0.04950495049504951,49,303,0,0,0,0
326,000278_cam2_0_12.jpg,278,1,-1,True,15,821,0.05633315217931424,0.0635593220338983,46,236,0,0,0,0
327,000278_cam2_0_13.jpg,278,1,-1,True,15,821,0.08677137560104455,0.11363636363636363,41,132,0,0,0,0
328,000278_cam2_0_14.jpg,278,1,-1,True,15,821,0.05110111342753237,0.04823151125401929,36,311,0,0,0,0
329,000279_cam1_0_00.jpg,279,0,-1,True,21,828,1.0,1.0,1,21,1,1,1,1
330,000279_cam1_0_01.jpg,279,0,-1,True,21,828,1.0,1.0,1,21,1,1,1,1
331,000279_cam1_0_02.jpg,279,0,-1,True,21,828,0.9978354978354977,0.9545454545454546,1,22,1,1,1,1
332,000279_cam1_0_03.jpg,279,0,-1,True,21,828,0.9978354978354977,0.9545454545454546,1,22,1,1,1,1
333,000279_cam1_0_04.jpg,279,0,-1,True,21,828,1.0,1.0,1,21,1,1,1,1
334,000279_cam1_0_05.jpg,279,0,-1,True,21,828,0.9978354978354977,0.9545454545454546,1,22,1,1,1,1
335,000279_cam1_0_06.jpg,279,0,-1,True,21,828,0.9978354978354977,0.9545454545454546,1,22,1,1,1,1
336,000279_cam1_0_07.jpg,279,0,-1,True,21,828,1.0,1.0,1,21,1,1,1,1
337,000279_cam2_0_00.jpg,279,1,-1,True,8,815,1.0,1.0,1,8,1,1,1,1
338,000279_cam2_0_01.jpg,279,1,-1,True,8,815,1.0,1.0,1,8,1,1,1,1
339,000279_cam2_0_02.jpg,279,1,-1,True,8,815,0.9861111111111112,0.8888888888888888,1,9,1,1,1,1
340,000279_cam2_0_03.jpg,279,1,-1,True,8,815,1.0,1.0,1,8,1,1,1,1
341,000279_cam2_0_04.jpg,279,1,-1,True,8,815,1.0,1.0,1,8,1,1,1,1
342,000279_cam2_0_05.jpg,279,1,-1,True,8,815,1.0,1.0,1,8,1,1,1,1
343,000279_cam2_0_06.jpg,279,1,-1,True,8,815,1.0,1.0,1,8,1,1,1,1
344,000279_cam2_0_07.jpg,279,1,-1,True,8,815,1.0,1.0,1,8,1,1,1,1
345,000279_cam2_0_08.jpg,279,1,-1,True,8,815,1.0,1.0,1,8,1,1,1,1
346,000279_cam2_0_09.jpg,279,1,-1,True,8,815,1.0,1.0,1,8,1,1,1,1
347,000279_cam2_0_10.jpg,279,1,-1,True,8,815,1.0,1.0,1,8,1,1,1,1
348,000279_cam2_0_11.jpg,279,1,-1,True,8,815,1.0,1.0,1,8,1,1,1,1
349,000279_cam2_0_12.jpg,279,1,-1,True,8,815,1.0,1.0,1,8,1,1,1,1
350,000279_cam2_0_13.jpg,279,1,-1,True,8,815,1.0,1.0,1,8,1,1,1,1
351,000279_cam2_0_14.jpg,279,1,-1,True,8,815,1.0,1.0,1,8,1,1,1,1
352,000279_cam2_0_15.jpg,279,1,-1,True,8,815,1.0,1.0,1,8,1,1,1,1
353,000279_cam2_0_16.jpg,279,1,-1,True,8,815,1.0,1.0,1,8,1,1,1,1
354,000279_cam2_0_17.jpg,279,1,-1,True,8,815,1.0,1.0,1,8,1,1,1,1
355,000279_cam2_0_18.jpg,279,1,-1,True,8,815,1.0,1.0,1,8,1,1,1,1
356,000279_cam2_0_19.jpg,279,1,-1,True,8,815,1.0,1.0,1,8,1,1,1,1
357,000279_cam2_0_20.jpg,279,1,-1,True,8,815,1.0,1.0,1,8,1,1,1,1
358,000280_cam1_0_00.jpg,280,0,-1,True,21,828,0.8532128352029537,0.4883720930232558,1,43,1,1,1,1
359,000280_cam1_0_01.jpg,280,0,-1,True,21,828,0.5092397554049342,0.3,1,70,1,1,1,1
360,000280_cam1_0_02.jpg,280,0,-1,True,21,828,0.14060308988310558,0.09859154929577464,4,213,0,1,1,1
361,000280_cam1_0_03.jpg,280,0,-1,True,21,828,0.5613652379884188,0.17355371900826447,1,121,1,1,1,1
362,000280_cam1_0_04.jpg,280,0,-1,True,21,828,0.7745425396011951,0.39622641509433965,1,53,1,1,1,1
363,000280_cam1_0_05.jpg,280,0,-1,True,21,828,0.8151924211620469,0.21649484536082475,1,97,1,1,1,1
364,000280_cam1_0_06.jpg,280,0,-1,True,21,828,0.7737621891644256,0.38181818181818183,1,55,1,1,1,1
365,000280_cam1_0_07.jpg,280,0,-1,True,21,828,0.697154361128986,0.3,1,70,1,1,1,1
366,000280_cam2_0_00.jpg,280,1,-1,True,8,815,0.44434212351463404,0.12903225806451613,1,62,1,1,1,1
367,000280_cam2_0_01.jpg,280,1,-1,True,8,815,0.38272013546798034,0.13333333333333333,1,60,1,1,1,1
368,000280_cam2_0_02.jpg,280,1,-1,True,8,815,0.45170558608058603,0.11428571428571428,1,70,1,1,1,1
369,000280_cam2_0_03.jpg,280,1,-1,True,8,815,0.9338235294117647,0.47058823529411764,1,17,1,1,1,1
370,000280_cam2_0_04.jpg,280,1,-1,True,8,815,0.9861111111111112,0.8888888888888888,1,9,1,1,1,1
371,000280_cam2_0_05.jpg,280,1,-1,True,8,815,1.0,1.0,1,8,1,1,1,1
372,000280_cam2_0_06.jpg,280,1,-1,True,8,815,0.8256944444444445,0.4444444444444444,1,18,1,1,1,1
373,000280_cam2_0_07.jpg,280,1,-1,True,8,815,0.9861111111111112,0.8888888888888888,1,9,1,1,1,1
374,000280_cam2_0_08.jpg,280,1,-1,True,8,815,0.9861111111111112,0.8888888888888888,1,9,1,1,1,1
375,000280_cam2_0_09.jpg,280,1,-1,True,8,815,1.0,1.0,1,8,1,1,1,1
376,000280_cam2_0_10.jpg,280,1,-1,True,8,815,0.9861111111111112,0.8888888888888888,1,9,1,1,1,1
377,000280_cam2_0_11.jpg,280,1,-1,True,8,815,0.9861111111111112,0.8888888888888888,1,9,1,1,1,1
378,000280_cam2_0_12.jpg,280,1,-1,True,8,815,0.9362980769230769,0.6153846153846154,1,13,1,1,1,1
379,000280_cam2_0_13.jpg,280,1,-1,True,8,815,0.8308531746031746,0.2857142857142857,1,28,1,1,1,1
380,000280_cam2_0_14.jpg,280,1,-1,True,8,815,0.8700892857142857,0.22857142857142856,1,35,1,1,1,1
381,000280_cam2_0_15.jpg,280,1,-1,True,8,815,0.7011642156862745,0.11764705882352941,1,68,1,1,1,1
382,000280_cam2_0_16.jpg,280,1,-1,True,8,815,0.8660901467505241,0.1509433962264151,1,53,1,1,1,1
383,000280_cam2_0_17.jpg,280,1,-1,True,8,815,0.9226190476190477,0.38095238095238093,1,21,1,1,1,1
384,000280_cam2_0_18.jpg,280,1,-1,True,8,815,0.8948412698412698,0.38095238095238093,1,21,1,1,1,1
385,000280_cam2_0_19.jpg,280,1,-1,True,8,815,0.8628787878787879,0.26666666666666666,1,30,1,1,1,1
386,000280_cam2_0_20.jpg,280,1,-1,True,8,815,0.925,0.4,1,20,1,1,1,1
387,000282_cam1_0_00.jpg,282,0,-1,True,17,823,1.0,1.0,1,17,1,1,1,1
388,000282_cam1_0_01.jpg,282,0,-1,True,17,823,1.0,1.0,1,17,1,1,1,1
389,000282_cam1_0_02.jpg,282,0,-1,True,17,823,0.9866713713349117,0.8947368421052632,1,19,1,1,1,1
390,000282_cam1_0_03.jpg,282,0,-1,True,17,823,1.0,1.0,1,17,1,1,1,1
391,000282_cam1_0_04.jpg,282,0,-1,True,17,823,1.0,1.0,1,17,1,1,1,1
392,000282_cam1_0_05.jpg,282,0,-1,True,17,823,1.0,1.0,1,17,1,1,1,1
393,000282_cam1_0_06.jpg,282,0,-1,True,17,823,1.0,1.0,1,17,1,1,1,1
394,000282_cam1_0_07.jpg,282,0,-1,True,17,823,1.0,1.0,1,17,1,1,1,1
395,000282_cam1_0_08.jpg,282,0,-1,True,17,823,0.9932718185313341,0.9444444444444444,1,18,1,1,1,1
396,000282_cam1_0_09.jpg,282,0,-1,True,17,823,1.0,1.0,1,17,1,1,1,1
397,000282_cam1_0_10.jpg,282,0,-1,True,17,823,1.0,1.0,1,17,1,1,1,1
398,000282_cam1_0_11.jpg,282,0,-1,True,17,823,1.0,1.0,1,17,1,1,1,1
399,000282_cam1_0_12.jpg,282,0,-1,True,17,823,1.0,1.0,1,17,1,1,1,1
400,000282_cam2_0_00.jpg,282,1,-1,True,13,819,1.0,1.0,1,13,1,1,1,1
401,000282_cam2_0_01.jpg,282,1,-1,True,13,819,1.0,1.0,1,13,1,1,1,1
402,000282_cam2_0_02.jpg,282,1,-1,True,13,819,1.0,1.0,1,13,1,1,1,1
403,000282_cam2_0_03.jpg,282,1,-1,True,13,819,0.9945054945054945,0.9285714285714286,1,14,1,1,1,1
404,000282_cam2_0_04.jpg,282,1,-1,True,13,819,1.0,1.0,1,13,1,1,1,1
405,000282_cam2_0_05.jpg,282,1,-1,True,13,819,1.0,1.0,1,13,1,1,1,1
406,000282_cam2_0_06.jpg,282,1,-1,True,13,819,1.0,1.0,1,13,1,1,1,1
407,000282_cam2_0_07.jpg,282,1,-1,True,13,819,1.0,1.0,1,13,1,1,1,1
408,000282_cam2_0_08.jpg,282,1,-1,True,13,819,1.0,1.0,1,13,1,1,1,1
409,000282_cam2_0_09.jpg,282,1,-1,True,13,819,1.0,1.0,1,13,1,1,1,1
410,000282_cam2_0_10.jpg,282,1,-1,True,13,819,1.0,1.0,1,13,1,1,1,1
411,000282_cam2_0_11.jpg,282,1,-1,True,13,819,1.0,1.0,1,13,1,1,1,1
412,000282_cam2_0_12.jpg,282,1,-1,True,13,819,1.0,1.0,1,13,1,1,1,1
413,000282_cam2_0_13.jpg,282,1,-1,True,13,819,1.0,1.0,1,13,1,1,1,1
414,000282_cam2_0_14.jpg,282,1,-1,True,13,819,1.0,1.0,1,13,1,1,1,1
415,000282_cam2_0_15.jpg,282,1,-1,True,13,819,1.0,1.0,1,13,1,1,1,1
416,000282_cam2_0_16.jpg,282,1,-1,True,13,819,1.0,1.0,1,13,1,1,1,1
417,000283_cam1_0_00.jpg,283,0,-1,True,15,822,0.7677027094769032,0.3409090909090909,1,44,1,1,1,1
418,000283_cam1_0_01.jpg,283,0,-1,True,15,822,0.5963173258501252,0.2631578947368421,1,57,1,1,1,1
419,000283_cam1_0_02.jpg,283,0,-1,True,15,822,0.566084287516176,0.19736842105263158,1,76,1,1,1,1
420,000283_cam1_0_03.jpg,283,0,-1,True,15,822,0.8706626706626708,0.28846153846153844,1,52,1,1,1,1
421,000283_cam1_0_04.jpg,283,0,-1,True,15,822,0.9346601546601547,0.5357142857142857,1,28,1,1,1,1
422,000283_cam1_0_05.jpg,283,0,-1,True,15,822,0.8853542753542754,0.5769230769230769,1,26,1,1,1,1
423,000283_cam1_0_06.jpg,283,0,-1,True,15,822,0.8062298422824739,0.35714285714285715,1,42,1,1,1,1
424,000283_cam1_0_07.jpg,283,0,-1,True,15,822,0.7105850513122463,0.3125,1,48,1,1,1,1
425,000283_cam1_0_08.jpg,283,0,-1,True,15,822,0.6160205704715921,0.21428571428571427,1,70,1,1,1,1
426,000283_cam1_0_09.jpg,283,0,-1,True,15,822,0.5973272444532611,0.18292682926829268,1,82,1,1,1,1
427,000283_cam1_0_10.jpg,283,0,-1,True,15,822,0.5666598216598216,0.26785714285714285,1,56,1,1,1,1
428,000283_cam1_0_11.jpg,283,0,-1,True,15,822,0.8244955803487212,0.2631578947368421,1,57,1,1,1,1
429,000283_cam1_0_12.jpg,283,0,-1,True,15,822,0.8422054905878437,0.16483516483516483,1,91,1,1,1,1
430,000283_cam1_0_13.jpg,283,0,-1,True,15,822,0.3990799141357716,0.2542372881355932,6,59,0,0,1,1
431,000283_cam2_0_00.jpg,283,1,-1,True,14,821,0.12495947502823558,0.09395973154362416,3,149,0,1,1,1
432,000283_cam2_0_01.jpg,283,1,-1,True,14,821,0.30498936674940674,0.2028985507246377,1,69,1,1,1,1
433,000283_cam2_0_02.jpg,283,1,-1,True,14,821,0.1302691530422482,0.13592233009708737,4,103,0,1,1,1
434,000283_cam2_0_03.jpg,283,1,-1,True,14,821,0.2234327512283974,0.16470588235294117,1,85,1,1,1,1
435,000283_cam2_0_04.jpg,283,1,-1,True,14,821,0.4839257117531378,0.2857142857142857,1,49,1,1,1,1
436,000283_cam2_0_05.jpg,283,1,-1,True,14,821,0.4382766173884595,0.24561403508771928,1,57,1,1,1,1
437,000283_cam2_0_06.jpg,283,1,-1,True,14,821,0.4411713855956255,0.42424242424242425,2,33,0,1,1,1
438,000283_cam2_0_07.jpg,283,1,-1,True,14,821,0.33616120486337797,0.2641509433962264,4,53,0,1,1,1
439,000283_cam2_0_08.jpg,283,1,-1,True,14,821,0.37999565847194133,0.2978723404255319,1,47,1,1,1,1
440,000283_cam2_0_09.jpg,283,1,-1,True,14,821,0.6051832998645682,0.5,1,28,1,1,1,1
441,000283_cam2_0_10.jpg,283,1,-1,True,14,821,0.5617275394459523,0.2153846153846154,1,65,1,1,1,1
442,000283_cam2_0_11.jpg,283,1,-1,True,14,821,0.13530168021422204,0.15555555555555556,12,90,0,0,0,1
443,000283_cam2_0_12.jpg,283,1,-1,True,14,821,0.39140712679721457,0.3888888888888889,5,36,0,1,1,1
444,000283_cam2_0_13.jpg,283,1,-1,True,14,821,0.6631576181197116,0.5833333333333334,1,24,1,1,1,1
445,000283_cam2_0_14.jpg,283,1,-1,True,14,821,0.8541496202210489,0.5,1,28,1,1,1,1
446,000284_cam1_0_00.jpg,284,0,-1,True,15,825,0.4637650839529844,0.189873417721519,1,79,1,1,1,1
447,000284_cam1_0_01.jpg,284,0,-1,True,15,825,0.5186211281692953,0.22727272727272727,1,66,1,1,1,1
448,000284_cam1_0_02.jpg,284,0,-1,True,15,825,0.6887839284898107,0.42857142857142855,1,35,1,1,1,1
449,000284_cam1_0_03.jpg,284,0,-1,True,15,825,0.6412105081382575,0.4166666666666667,1,36,1,1,1,1
450,000284_cam1_0_04.jpg,284,0,-1,True,15,825,0.7685919832235623,0.3409090909090909,1,44,1,1,1,1
451,000284_cam1_0_05.jpg,284,0,-1,True,15,825,0.8577641284584008,0.46875,1,32,1,1,1,1
452,000284_cam1_0_06.jpg,284,0,-1,True,15,825,0.8566136858783917,0.4411764705882353,1,34,1,1,1,1
453,000284_cam1_0_07.jpg,284,0,-1,True,15,825,0.9765079365079364,0.7142857142857143,1,21,1,1,1,1
454,000284_cam1_0_08.jpg,284,0,-1,True,15,825,0.8941932443460459,0.4838709677419355,1,31,1,1,1,1
455,000284_cam1_0_09.jpg,284,0,-1,True,15,825,0.9500655624568669,0.6521739130434783,1,23,1,1,1,1
456,000284_cam1_0_10.jpg,284,0,-1,True,15,825,0.8438349613349614,0.42857142857142855,1,35,1,1,1,1
457,000284_cam2_0_00.jpg,284,1,-1,True,11,821,0.36253431145891835,0.23404255319148937,6,47,0,0,1,1
458,000284_cam2_0_01.jpg,284,1,-1,True,11,821,0.340229083425489,0.2682926829268293,6,41,0,0,1,1
459,000284_cam2_0_02.jpg,284,1,-1,True,11,821,0.5778816301543573,0.36666666666666664,1,30,1,1,1,1
460,000284_cam2_0_03.jpg,284,1,-1,True,11,821,0.7030315055315056,0.2037037037037037,1,54,1,1,1,1
461,000284_cam2_0_04.jpg,284,1,-1,True,11,821,0.396817513294786,0.34375,6,32,0,0,1,1
462,000284_cam2_0_05.jpg,284,1,-1,True,11,821,0.27465575156101196,0.19642857142857142,8,56,0,0,1,1
463,000284_cam2_0_06.jpg,284,1,-1,True,11,821,0.8194444444444445,0.6111111111111112,1,18,1,1,1,1
464,000284_cam2_0_07.jpg,284,1,-1,True,11,821,0.65546978274251,0.4230769230769231,1,26,1,1,1,1
465,000284_cam2_0_08.jpg,284,1,-1,True,11,821,0.2672561143796265,0.16176470588235295,8,68,0,0,1,1
466,000284_cam2_0_09.jpg,284,1,-1,True,11,821,0.30690130077786776,0.18032786885245902,7,61,0,0,1,1
467,000284_cam2_0_10.jpg,284,1,-1,True,11,821,0.5342856786707053,0.3235294117647059,1,34,1,1,1,1
468,000284_cam2_0_11.jpg,284,1,-1,True,11,821,0.4044175521448248,0.36666666666666664,4,30,0,1,1,1
469,000284_cam2_0_12.jpg,284,1,-1,True,11,821,0.5633854781582054,0.4583333333333333,1,24,1,1,1,1
470,000284_cam2_0_13.jpg,284,1,-1,True,11,821,0.7784597977779797,0.6875,1,16,1,1,1,1
471,000284_cam2_0_14.jpg,284,1,-1,True,11,821,0.9109061393152301,0.6875,1,16,1,1,1,1
472,000285_cam1_0_00.jpg,285,0,-1,True,11,823,0.8549861973775017,0.4782608695652174,1,23,1,1,1,1
473,000285_cam1_0_01.jpg,285,0,-1,True,11,823,0.934848484848485,0.55,1,20,1,1,1,1
474,000285_cam1_0_02.jpg,285,0,-1,True,11,823,0.7902477152477151,0.4074074074074074,1,27,1,1,1,1
475,000285_cam1_0_03.jpg,285,0,-1,True,11,823,0.953063098517644,0.7857142857142857,1,14,1,1,1,1
476,000285_cam1_0_04.jpg,285,0,-1,True,11,823,1.0,1.0,1,11,1,1,1,1
477,000285_cam1_0_05.jpg,285,0,-1,True,11,823,1.0,1.0,1,11,1,1,1,1
478,000285_cam1_0_06.jpg,285,0,-1,True,11,823,1.0,1.0,1,11,1,1,1,1
479,000285_cam1_0_07.jpg,285,0,-1,True,11,823,1.0,1.0,1,11,1,1,1,1
480,000285_cam1_0_08.jpg,285,0,-1,True,11,823,0.9924242424242423,0.9166666666666666,1,12,1,1,1,1
481,000285_cam1_0_09.jpg,285,0,-1,True,11,823,1.0,1.0,1,11,1,1,1,1
482,000285_cam1_0_10.jpg,285,0,-1,True,11,823,0.9757575757575757,0.7333333333333333,1,15,1,1,1,1
483,000285_cam1_0_11.jpg,285,0,-1,True,11,823,0.9404580565008372,0.6470588235294118,1,17,1,1,1,1
484,000285_cam1_0_12.jpg,285,0,-1,True,11,823,0.9777495232040686,0.8461538461538461,1,13,1,1,1,1
485,000285_cam2_0_00.jpg,285,1,-1,True,13,825,0.14892977020735182,0.14285714285714285,18,91,0,0,0,1
486,000285_cam2_0_01.jpg,285,1,-1,True,13,825,0.5298435770843798,0.4642857142857143,1,28,1,1,1,1
487,000285_cam2_0_02.jpg,285,1,-1,True,13,825,0.37223501755274335,0.43333333333333335,4,30,0,1,1,1
488,000285_cam2_0_03.jpg,285,1,-1,True,13,825,0.225723663943297,0.20634920634920634,11,63,0,0,0,1
489,000285_cam2_0_04.jpg,285,1,-1,True,13,825,0.37812076439253683,0.4482758620689655,4,29,0,1,1,1
490,000285_cam2_0_05.jpg,285,1,-1,True,13,825,0.7368090206286494,0.3939393939393939,1,33,1,1,1,1
491,000285_cam2_0_06.jpg,285,1,-1,True,13,825,0.7373372781065088,0.52,1,25,1,1,1,1
492,000285_cam2_0_07.jpg,285,1,-1,True,13,825,0.6713196334100532,0.4482758620689655,1,29,1,1,1,1
493,000285_cam2_0_08.jpg,285,1,-1,True,13,825,0.7411455440672987,0.3023255813953488,1,43,1,1,1,1
494,000285_cam2_0_09.jpg,285,1,-1,True,13,825,0.34655997333891075,0.325,4,40,0,1,1,1
495,000285_cam2_0_10.jpg,285,1,-1,True,13,825,0.43121245097638283,0.28888888888888886,1,45,1,1,1,1
496,000286_cam1_0_00.jpg,286,0,-1,True,10,823,0.08525923983365069,0.08130081300813008,5,123,0,1,1,1
497,000286_cam1_0_01.jpg,286,0,-1,True,10,823,0.23489288389487,0.13157894736842105,1,76,1,1,1,1
498,000286_cam1_0_02.jpg,286,0,-1,True,10,823,0.14118488010390035,0.10752688172043011,2,93,0,1,1,1
499,000286_cam1_0_03.jpg,286,0,-1,True,10,823,0.25854326009653356,0.2,1,50,1,1,1,1
500,000286_cam1_0_04.jpg,286,0,-1,True,10,823,0.09216514543886802,0.09523809523809523,9,105,0,0,1,1
501,000286_cam1_0_05.jpg,286,0,-1,True,10,823,0.1173815808835621,0.11235955056179775,5,89,0,1,1,1
502,000286_cam1_0_06.jpg,286,0,-1,True,10,823,0.1253625164685672,0.1282051282051282,3,78,0,1,1,1
503,000286_cam1_0_07.jpg,286,0,-1,True,10,823,0.24871476737548162,0.15151515151515152,1,66,1,1,1,1
504,000286_cam1_0_08.jpg,286,0,-1,True,10,823,0.08408219676589937,0.09345794392523364,6,107,0,0,1,1
505,000286_cam1_0_09.jpg,286,0,-1,True,10,823,0.09203822609968236,0.08547008547008547,4,117,0,1,1,1
506,000286_cam1_0_10.jpg,286,0,-1,True,10,823,0.20786368155338933,0.10526315789473684,1,95,1,1,1,1
507,000286_cam1_0_11.jpg,286,0,-1,True,10,823,0.23494349546303245,0.16393442622950818,1,61,1,1,1,1
508,000286_cam1_0_12.jpg,286,0,-1,True,10,823,0.1424398402614067,0.14925373134328357,3,67,0,1,1,1
509,000286_cam2_0_00.jpg,286,1,-1,True,13,826,0.03642093795813643,0.05,98,260,0,0,0,0
510,000286_cam2_0_01.jpg,286,1,-1,True,13,826,0.04226316639575334,0.05627705627705628,86,231,0,0,0,0
511,000286_cam2_0_02.jpg,286,1,-1,True,13,826,0.035230516733586334,0.048507462686567165,104,268,0,0,0,0
512,000286_cam2_0_03.jpg,286,1,-1,True,13,826,0.04864607840935216,0.06565656565656566,75,198,0,0,0,0
513,000286_cam2_0_04.jpg,286,1,-1,True,13,826,0.05168497663129394,0.06190476190476191,55,210,0,0,0,0
514,000286_cam2_0_05.jpg,286,1,-1,True,13,826,0.04793689526130966,0.065,88,200,0,0,0,0
515,000286_cam2_0_06.jpg,286,1,-1,True,13,826,0.04107860341028952,0.05078125,72,256,0,0,0,0
516,000286_cam2_0_07.jpg,286,1,-1,True,13,826,0.075818356162308,0.10077519379844961,49,129,0,0,0,0
517,000286_cam2_0_08.jpg,286,1,-1,True,13,826,0.09087966449934902,0.0962962962962963,32,135,0,0,0,0
518,000286_cam2_0_09.jpg,286,1,-1,True,13,826,0.1994495239983785,0.19696969696969696,9,66,0,0,1,1
519,000287_cam1_0_00.jpg,287,0,-1,True,14,822,1.0,1.0,1,14,1,1,1,1
520,000287_cam1_0_01.jpg,287,0,-1,True,14,822,1.0,1.0,1,14,1,1,1,1
521,000287_cam1_0_02.jpg,287,0,-1,True,14,822,1.0,1.0,1,14,1,1,1,1
522,000287_cam1_0_03.jpg,287,0,-1,True,14,822,1.0,1.0,1,14,1,1,1,1
523,000287_cam1_0_04.jpg,287,0,-1,True,14,822,1.0,1.0,1,14,1,1,1,1
524,000287_cam1_0_05.jpg,287,0,-1,True,14,822,1.0,1.0,1,14,1,1,1,1
525,000287_cam1_0_06.jpg,287,0,-1,True,14,822,1.0,1.0,1,14,1,1,1,1
526,000287_cam1_0_07.jpg,287,0,-1,True,14,822,1.0,1.0,1,14,1,1,1,1
527,000287_cam1_0_08.jpg,287,0,-1,True,14,822,1.0,1.0,1,14,1,1,1,1
528,000287_cam1_0_09.jpg,287,0,-1,True,14,822,1.0,1.0,1,14,1,1,1,1
529,000287_cam1_0_10.jpg,287,0,-1,True,14,822,1.0,1.0,1,14,1,1,1,1
530,000287_cam1_0_11.jpg,287,0,-1,True,14,822,1.0,1.0,1,14,1,1,1,1
531,000287_cam1_0_12.jpg,287,0,-1,True,14,822,1.0,1.0,1,14,1,1,1,1
532,000287_cam1_0_13.jpg,287,0,-1,True,14,822,1.0,1.0,1,14,1,1,1,1
533,000287_cam2_0_00.jpg,287,1,-1,True,14,822,0.9952380952380953,0.9333333333333333,1,15,1,1,1,1
534,000287_cam2_0_01.jpg,287,1,-1,True,14,822,1.0,1.0,1,14,1,1,1,1
535,000287_cam2_0_02.jpg,287,1,-1,True,14,822,1.0,1.0,1,14,1,1,1,1
536,000287_cam2_0_03.jpg,287,1,-1,True,14,822,1.0,1.0,1,14,1,1,1,1
537,000287_cam2_0_04.jpg,287,1,-1,True,14,822,1.0,1.0,1,14,1,1,1,1
538,000287_cam2_0_05.jpg,287,1,-1,True,14,822,1.0,1.0,1,14,1,1,1,1
539,000287_cam2_0_06.jpg,287,1,-1,True,14,822,1.0,1.0,1,14,1,1,1,1
540,000287_cam2_0_07.jpg,287,1,-1,True,14,822,1.0,1.0,1,14,1,1,1,1
541,000287_cam2_0_08.jpg,287,1,-1,True,14,822,0.9952380952380953,0.9333333333333333,1,15,1,1,1,1
542,000287_cam2_0_09.jpg,287,1,-1,True,14,822,1.0,1.0,1,14,1,1,1,1
543,000287_cam2_0_10.jpg,287,1,-1,True,14,822,1.0,1.0,1,14,1,1,1,1
544,000287_cam2_0_11.jpg,287,1,-1,True,14,822,1.0,1.0,1,14,1,1,1,1
545,000287_cam2_0_12.jpg,287,1,-1,True,14,822,1.0,1.0,1,14,1,1,1,1
546,000287_cam2_0_13.jpg,287,1,-1,True,14,822,1.0,1.0,1,14,1,1,1,1
547,000288_cam1_0_00.jpg,288,0,-1,True,17,823,0.7087179571133359,0.40476190476190477,1,42,1,1,1,1
548,000288_cam1_0_01.jpg,288,0,-1,True,17,823,0.8321130292519661,0.5483870967741935,1,31,1,1,1,1
549,000288_cam1_0_02.jpg,288,0,-1,True,17,823,0.802450986958876,0.3695652173913043,1,46,1,1,1,1
550,000288_cam1_0_03.jpg,288,0,-1,True,17,823,0.49478560815465544,0.25757575757575757,1,66,1,1,1,1
551,000288_cam1_0_04.jpg,288,0,-1,True,17,823,0.5792976658908292,0.30357142857142855,1,56,1,1,1,1
552,000288_cam1_0_05.jpg,288,0,-1,True,17,823,0.39180852956014867,0.27419354838709675,2,62,0,1,1,1
553,000288_cam1_0_06.jpg,288,0,-1,True,17,823,0.4447925967282724,0.22666666666666666,1,75,1,1,1,1
554,000288_cam1_0_07.jpg,288,0,-1,True,17,823,0.7644545090763577,0.3469387755102041,1,49,1,1,1,1
555,000288_cam1_0_08.jpg,288,0,-1,True,17,823,0.5895651024785783,0.288135593220339,1,59,1,1,1,1
556,000288_cam1_0_09.jpg,288,0,-1,True,17,823,0.7762581699346405,0.37777777777777777,1,45,1,1,1,1
557,000288_cam1_0_10.jpg,288,0,-1,True,17,823,0.5239039650126047,0.2537313432835821,1,67,1,1,1,1
558,000288_cam1_0_11.jpg,288,0,-1,True,17,823,0.5312663803493445,0.29310344827586204,1,58,1,1,1,1
559,000288_cam1_0_12.jpg,288,0,-1,True,17,823,0.4514374037097818,0.22077922077922077,1,77,1,1,1,1
560,000288_cam2_0_00.jpg,288,1,-1,True,13,819,0.16543562051354244,0.1,5,130,0,1,1,1
561,000288_cam2_0_01.jpg,288,1,-1,True,13,819,0.5324756055254777,0.23214285714285715,1,56,1,1,1,1
562,000288_cam2_0_02.jpg,288,1,-1,True,13,819,0.14084696467361704,0.12380952380952381,7,105,0,0,1,1
563,000288_cam2_0_03.jpg,288,1,-1,True,13,819,0.1327463401075866,0.10655737704918032,7,122,0,0,1,1
564,000288_cam2_0_04.jpg,288,1,-1,True,13,819,0.1862637624118741,0.11016949152542373,4,118,0,1,1,1
565,000288_cam2_0_05.jpg,288,1,-1,True,13,819,0.09293164495273074,0.08609271523178808,22,151,0,0,0,0
566,000288_cam2_0_06.jpg,288,1,-1,True,13,819,0.6538193581180007,0.28888888888888886,1,45,1,1,1,1
567,000288_cam2_0_07.jpg,288,1,-1,True,13,819,0.4226291193485764,0.15476190476190477,1,84,1,1,1,1
568,000288_cam2_0_08.jpg,288,1,-1,True,13,819,0.6770381916933641,0.14285714285714285,1,91,1,1,1,1
569,000288_cam2_0_09.jpg,288,1,-1,True,13,819,0.7842125822895052,0.4642857142857143,1,28,1,1,1,1
570,000288_cam2_0_10.jpg,288,1,-1,True,13,819,0.9653513153513154,0.8666666666666667,1,15,1,1,1,1
571,000288_cam2_0_11.jpg,288,1,-1,True,13,819,0.9723443223443223,0.8666666666666667,1,15,1,1,1,1
572,000288_cam2_0_12.jpg,288,1,-1,True,13,819,0.9513649811726735,0.8125,1,16,1,1,1,1
573,000288_cam2_0_13.jpg,288,1,-1,True,13,819,1.0,1.0,1,13,1,1,1,1
574,000288_cam2_0_14.jpg,288,1,-1,True,13,819,0.9206644662527015,0.7647058823529411,1,17,1,1,1,1
575,000288_cam2_0_15.jpg,288,1,-1,True,13,819,0.7439775012569131,0.40625,1,32,1,1,1,1
576,000288_cam2_0_16.jpg,288,1,-1,True,13,819,0.7165035156414467,0.4482758620689655,1,29,1,1,1,1
577,000289_cam1_0_00.jpg,289,0,-1,True,15,821,0.24964477004530466,0.2,3,75,0,1,1,1
578,000289_cam1_0_01.jpg,289,0,-1,True,15,821,0.17719234253052107,0.17857142857142858,2,84,0,1,1,1
579,000289_cam1_0_02.jpg,289,0,-1,True,15,821,0.4093523584969479,0.2459016393442623,1,61,1,1,1,1
580,000289_cam1_0_03.jpg,289,0,-1,True,15,821,0.6592906014810039,0.3125,1,48,1,1,1,1
581,000289_cam1_0_04.jpg,289,0,-1,True,15,821,0.18495010631817926,0.15306122448979592,6,98,0,0,1,1
582,000289_cam1_0_05.jpg,289,0,-1,True,15,821,0.16119061913624586,0.16304347826086957,7,92,0,0,1,1
583,000289_cam1_0_06.jpg,289,0,-1,True,15,821,0.06868521836599191,0.10344827586206896,46,145,0,0,0,0
584,000289_cam1_0_07.jpg,289,0,-1,True,15,821,0.07101794621099324,0.10416666666666667,29,144,0,0,0,0
585,000289_cam1_0_08.jpg,289,0,-1,True,15,821,0.09911645843384508,0.12295081967213115,22,122,0,0,0,0
586,000289_cam1_0_09.jpg,289,0,-1,True,15,821,0.13312313459290975,0.16304347826086957,23,92,0,0,0,0
587,000289_cam1_0_10.jpg,289,0,-1,True,15,821,0.07411210216443506,0.09146341463414634,35,164,0,0,0,0
588,000289_cam1_0_11.jpg,289,0,-1,True,15,821,0.0681124881739755,0.09316770186335403,45,161,0,0,0,0
589,000289_cam1_0_12.jpg,289,0,-1,True,15,821,0.09404610956632563,0.1271186440677966,24,118,0,0,0,0
590,000289_cam1_0_13.jpg,289,0,-1,True,15,821,0.09228578356135367,0.11538461538461539,34,130,0,0,0,0
591,000289_cam1_0_14.jpg,289,0,-1,True,15,821,0.12570599374325386,0.15789473684210525,30,95,0,0,0,0
592,000289_cam2_0_00.jpg,289,1,-1,True,15,821,0.2518632071217055,0.19480519480519481,4,77,0,1,1,1
593,000289_cam2_0_01.jpg,289,1,-1,True,15,821,0.6408638033841031,0.32608695652173914,1,46,1,1,1,1
594,000289_cam2_0_02.jpg,289,1,-1,True,15,821,0.1378477299188769,0.14423076923076922,14,104,0,0,0,1
595,000289_cam2_0_03.jpg,289,1,-1,True,15,821,0.4013612355423502,0.14285714285714285,2,105,0,1,1,1
596,000289_cam2_0_04.jpg,289,1,-1,True,15,821,0.3524711466349136,0.14423076923076922,2,104,0,1,1,1
597,000289_cam2_0_05.jpg,289,1,-1,True,15,821,0.28390577303620784,0.21739130434782608,3,69,0,1,1,1
598,000289_cam2_0_06.jpg,289,1,-1,True,15,821,0.4505972808476216,0.2631578947368421,2,57,0,1,1,1
599,000289_cam2_0_07.jpg,289,1,-1,True,15,821,0.1551510706301821,0.12,8,125,0,0,1,1
600,000289_cam2_0_08.jpg,289,1,-1,True,15,821,0.19909344450748884,0.13513513513513514,5,111,0,1,1,1
601,000289_cam2_0_09.jpg,289,1,-1,True,15,821,0.13045596497262896,0.08982035928143713,10,167,0,0,1,1
602,000289_cam2_0_10.jpg,289,1,-1,True,15,821,0.29324365082885673,0.14018691588785046,2,107,0,1,1,1
603,000289_cam2_0_11.jpg,289,1,-1,True,15,821,0.8459769129505971,0.3125,1,48,1,1,1,1
604,000289_cam2_0_12.jpg,289,1,-1,True,15,821,0.5229423812055392,0.15789473684210525,1,95,1,1,1,1
605,000289_cam2_0_13.jpg,289,1,-1,True,15,821,0.3556667969431085,0.14018691588785046,2,107,0,1,1,1
606,000289_cam2_0_14.jpg,289,1,-1,True,15,821,0.3118691534387994,0.14563106796116504,4,103,0,1,1,1
607,000290_cam1_0_00.jpg,290,0,-1,True,13,824,1.0,1.0,1,13,1,1,1,1
608,000290_cam1_0_01.jpg,290,0,-1,True,13,824,1.0,1.0,1,13,1,1,1,1
609,000290_cam1_0_02.jpg,290,0,-1,True,13,824,1.0,1.0,1,13,1,1,1,1
610,000290_cam1_0_03.jpg,290,0,-1,True,13,824,1.0,1.0,1,13,1,1,1,1
611,000290_cam1_0_04.jpg,290,0,-1,True,13,824,1.0,1.0,1,13,1,1,1,1
612,000290_cam1_0_05.jpg,290,0,-1,True,13,824,1.0,1.0,1,13,1,1,1,1
613,000290_cam1_0_06.jpg,290,0,-1,True,13,824,1.0,1.0,1,13,1,1,1,1
614,000290_cam1_0_07.jpg,290,0,-1,True,13,824,0.9945054945054945,0.9285714285714286,1,14,1,1,1,1
615,000290_cam1_0_08.jpg,290,0,-1,True,13,824,0.9821780783319245,0.9285714285714286,1,14,1,1,1,1
616,000290_cam1_0_09.jpg,290,0,-1,True,13,824,0.9945054945054945,0.9285714285714286,1,14,1,1,1,1
617,000290_cam1_0_10.jpg,290,0,-1,True,13,824,1.0,1.0,1,13,1,1,1,1
618,000290_cam1_0_11.jpg,290,0,-1,True,13,824,1.0,1.0,1,13,1,1,1,1
619,000290_cam2_0_00.jpg,290,1,-1,True,12,823,0.9593656343656344,0.8571428571428571,1,14,1,1,1,1
620,000290_cam2_0_01.jpg,290,1,-1,True,12,823,0.8793921356421358,0.75,1,16,1,1,1,1
621,000290_cam2_0_02.jpg,290,1,-1,True,12,823,1.0,1.0,1,12,1,1,1,1
622,000290_cam2_0_03.jpg,290,1,-1,True,12,823,1.0,1.0,1,12,1,1,1,1
623,000290_cam2_0_04.jpg,290,1,-1,True,12,823,0.8505007179639533,0.7058823529411765,1,17,1,1,1,1
624,000290_cam2_0_05.jpg,290,1,-1,True,12,823,0.5488623175929677,0.6,1,20,1,1,1,1
625,000290_cam2_0_06.jpg,290,1,-1,True,12,823,0.7934625072782967,0.631578947368421,1,19,1,1,1,1
626,000290_cam2_0_07.jpg,290,1,-1,True,12,823,0.8865258097165993,0.631578947368421,1,19,1,1,1,1
627,000290_cam2_0_08.jpg,290,1,-1,True,12,823,0.9530525030525032,0.8571428571428571,1,14,1,1,1,1
628,000290_cam2_0_09.jpg,290,1,-1,True,12,823,0.9935897435897436,0.9230769230769231,1,13,1,1,1,1
629,000290_cam2_0_10.jpg,290,1,-1,True,12,823,1.0,1.0,1,12,1,1,1,1
630,000290_cam2_0_11.jpg,290,1,-1,True,12,823,0.973575036075036,0.8571428571428571,1,14,1,1,1,1
631,000290_cam2_0_12.jpg,290,1,-1,True,12,823,0.973575036075036,0.8571428571428571,1,14,1,1,1,1
632,000291_cam1_0_00.jpg,291,0,-1,True,13,824,1.0,1.0,1,13,1,1,1,1
633,000291_cam1_0_01.jpg,291,0,-1,True,13,824,0.9897435897435898,0.8666666666666667,1,15,1,1,1,1
634,000291_cam1_0_02.jpg,291,0,-1,True,13,824,0.9897435897435898,0.8666666666666667,1,15,1,1,1,1
635,000291_cam1_0_03.jpg,291,0,-1,True,13,824,1.0,1.0,1,13,1,1,1,1
636,000291_cam1_0_04.jpg,291,0,-1,True,13,824,1.0,1.0,1,13,1,1,1,1
637,000291_cam1_0_05.jpg,291,0,-1,True,13,824,1.0,1.0,1,13,1,1,1,1
638,000291_cam1_0_06.jpg,291,0,-1,True,13,824,1.0,1.0,1,13,1,1,1,1
639,000291_cam1_0_07.jpg,291,0,-1,True,13,824,1.0,1.0,1,13,1,1,1,1
640,000291_cam1_0_08.jpg,291,0,-1,True,13,824,1.0,1.0,1,13,1,1,1,1
641,000291_cam1_0_09.jpg,291,0,-1,True,13,824,1.0,1.0,1,13,1,1,1,1
642,000291_cam1_0_10.jpg,291,0,-1,True,13,824,1.0,1.0,1,13,1,1,1,1
643,000291_cam1_0_11.jpg,291,0,-1,True,13,824,1.0,1.0,1,13,1,1,1,1
644,000291_cam2_0_00.jpg,291,1,-1,True,12,823,1.0,1.0,1,12,1,1,1,1
645,000291_cam2_0_01.jpg,291,1,-1,True,12,823,1.0,1.0,1,12,1,1,1,1
646,000291_cam2_0_02.jpg,291,1,-1,True,12,823,1.0,1.0,1,12,1,1,1,1
647,000291_cam2_0_03.jpg,291,1,-1,True,12,823,1.0,1.0,1,12,1,1,1,1
648,000291_cam2_0_04.jpg,291,1,-1,True,12,823,1.0,1.0,1,12,1,1,1,1
649,000291_cam2_0_05.jpg,291,1,-1,True,12,823,1.0,1.0,1,12,1,1,1,1
650,000291_cam2_0_06.jpg,291,1,-1,True,12,823,1.0,1.0,1,12,1,1,1,1
651,000291_cam2_0_07.jpg,291,1,-1,True,12,823,1.0,1.0,1,12,1,1,1,1
652,000291_cam2_0_08.jpg,291,1,-1,True,12,823,1.0,1.0,1,12,1,1,1,1
653,000291_cam2_0_09.jpg,291,1,-1,True,12,823,1.0,1.0,1,12,1,1,1,1
654,000291_cam2_0_10.jpg,291,1,-1,True,12,823,1.0,1.0,1,12,1,1,1,1
655,000291_cam2_0_11.jpg,291,1,-1,True,12,823,1.0,1.0,1,12,1,1,1,1
656,000291_cam2_0_12.jpg,291,1,-1,True,12,823,1.0,1.0,1,12,1,1,1,1
657,000292_cam1_0_00.jpg,292,0,-1,True,20,826,0.9976190476190476,0.9523809523809523,1,21,1,1,1,1
658,000292_cam1_0_01.jpg,292,0,-1,True,20,826,1.0,1.0,1,20,1,1,1,1
659,000292_cam1_0_02.jpg,292,0,-1,True,20,826,1.0,1.0,1,20,1,1,1,1
660,000292_cam1_0_03.jpg,292,0,-1,True,20,826,1.0,1.0,1,20,1,1,1,1
661,000292_cam1_0_04.jpg,292,0,-1,True,20,826,1.0,1.0,1,20,1,1,1,1
662,000292_cam1_0_05.jpg,292,0,-1,True,20,826,1.0,1.0,1,20,1,1,1,1
663,000292_cam1_0_06.jpg,292,0,-1,True,20,826,1.0,1.0,1,20,1,1,1,1
664,000292_cam1_0_07.jpg,292,0,-1,True,20,826,1.0,1.0,1,20,1,1,1,1
665,000292_cam1_0_08.jpg,292,0,-1,True,20,826,1.0,1.0,1,20,1,1,1,1
666,000292_cam1_0_09.jpg,292,0,-1,True,20,826,0.9859615384615384,0.7692307692307693,1,26,1,1,1,1
667,000292_cam2_0_00.jpg,292,1,-1,True,10,816,0.9809090909090908,0.9090909090909091,1,11,1,1,1,1
668,000292_cam2_0_01.jpg,292,1,-1,True,10,816,1.0,1.0,1,10,1,1,1,1
669,000292_cam2_0_02.jpg,292,1,-1,True,10,816,0.6986752136752138,0.4166666666666667,2,24,0,1,1,1
670,000292_cam2_0_03.jpg,292,1,-1,True,10,816,1.0,1.0,1,10,1,1,1,1
671,000292_cam2_0_04.jpg,292,1,-1,True,10,816,1.0,1.0,1,10,1,1,1,1
672,000292_cam2_0_05.jpg,292,1,-1,True,10,816,1.0,1.0,1,10,1,1,1,1
673,000292_cam2_0_06.jpg,292,1,-1,True,10,816,1.0,1.0,1,10,1,1,1,1
674,000292_cam2_0_07.jpg,292,1,-1,True,10,816,1.0,1.0,1,10,1,1,1,1
675,000292_cam2_0_08.jpg,292,1,-1,True,10,816,0.31721672576935733,0.37037037037037035,9,27,0,0,1,1
676,000292_cam2_0_09.jpg,292,1,-1,True,10,816,0.43250772103713275,0.5555555555555556,5,18,0,1,1,1
677,000292_cam2_0_10.jpg,292,1,-1,True,10,816,0.35567224442224443,0.35714285714285715,8,28,0,0,1,1
678,000292_cam2_0_11.jpg,292,1,-1,True,10,816,0.36558123163386325,0.47619047619047616,7,21,0,0,1,1
679,000292_cam2_0_12.jpg,292,1,-1,True,10,816,1.0,1.0,1,10,1,1,1,1
680,000292_cam2_0_13.jpg,292,1,-1,True,10,816,0.7663127069009421,0.5882352941176471,1,17,1,1,1,1
681,000292_cam2_0_14.jpg,292,1,-1,True,10,816,0.363058240778829,0.45454545454545453,7,22,0,0,1,1
682,000292_cam2_0_15.jpg,292,1,-1,True,10,816,0.48145488498429667,0.5555555555555556,4,18,0,1,1,1
683,000292_cam2_0_16.jpg,292,1,-1,True,10,816,0.309656064180058,0.3125,5,32,0,1,1,1
684,000292_cam2_0_17.jpg,292,1,-1,True,10,816,0.5816766566766567,0.625,2,16,0,1,1,1
685,000292_cam2_0_18.jpg,292,1,-1,True,10,816,0.8897943722943722,0.7142857142857143,1,14,1,1,1,1
686,000292_cam2_0_19.jpg,292,1,-1,True,10,816,0.4844395881895881,0.5555555555555556,3,18,0,1,1,1
687,000293_cam1_0_00.jpg,293,0,-1,True,17,824,0.9938080495356038,0.8947368421052632,1,19,1,1,1,1
688,000293_cam1_0_01.jpg,293,0,-1,True,17,824,0.9620338331410996,0.7083333333333334,1,24,1,1,1,1
689,000293_cam1_0_02.jpg,293,0,-1,True,17,824,0.9911764705882353,0.85,1,20,1,1,1,1
690,000293_cam1_0_03.jpg,293,0,-1,True,17,824,0.9816588400065909,0.8095238095238095,1,21,1,1,1,1
691,000293_cam1_0_04.jpg,293,0,-1,True,17,824,0.9938080495356038,0.8947368421052632,1,19,1,1,1,1
692,000293_cam1_0_05.jpg,293,0,-1,True,17,824,1.0,1.0,1,17,1,1,1,1
693,000293_cam1_0_06.jpg,293,0,-1,True,17,824,1.0,1.0,1,17,1,1,1,1
694,000293_cam1_0_07.jpg,293,0,-1,True,17,824,1.0,1.0,1,17,1,1,1,1
695,000293_cam1_0_08.jpg,293,0,-1,True,17,824,1.0,1.0,1,17,1,1,1,1
696,000293_cam1_0_09.jpg,293,0,-1,True,17,824,1.0,1.0,1,17,1,1,1,1
697,000293_cam1_0_10.jpg,293,0,-1,True,17,824,1.0,1.0,1,17,1,1,1,1
698,000293_cam1_0_11.jpg,293,0,-1,True,17,824,0.9846547314578006,0.7391304347826086,1,23,1,1,1,1
699,000293_cam2_0_00.jpg,293,1,-1,True,12,819,0.6951340455210425,0.4,1,30,1,1,1,1
700,000293_cam2_0_01.jpg,293,1,-1,True,12,819,1.0,1.0,1,12,1,1,1,1
701,000293_cam2_0_02.jpg,293,1,-1,True,12,819,1.0,1.0,1,12,1,1,1,1
702,000293_cam2_0_03.jpg,293,1,-1,True,12,819,0.8584709272209272,0.5454545454545454,1,22,1,1,1,1
703,000293_cam2_0_04.jpg,293,1,-1,True,12,819,1.0,1.0,1,12,1,1,1,1
704,000293_cam2_0_05.jpg,293,1,-1,True,12,819,1.0,1.0,1,12,1,1,1,1
705,000293_cam2_0_06.jpg,293,1,-1,True,12,819,1.0,1.0,1,12,1,1,1,1
706,000293_cam2_0_07.jpg,293,1,-1,True,12,819,1.0,1.0,1,12,1,1,1,1
707,000293_cam2_0_08.jpg,293,1,-1,True,12,819,1.0,1.0,1,12,1,1,1,1
708,000293_cam2_0_09.jpg,293,1,-1,True,12,819,1.0,1.0,1,12,1,1,1,1
709,000293_cam2_0_10.jpg,293,1,-1,True,12,819,1.0,1.0,1,12,1,1,1,1
710,000293_cam2_0_11.jpg,293,1,-1,True,12,819,1.0,1.0,1,12,1,1,1,1
711,000293_cam2_0_12.jpg,293,1,-1,True,12,819,1.0,1.0,1,12,1,1,1,1
712,000293_cam2_0_13.jpg,293,1,-1,True,12,819,1.0,1.0,1,12,1,1,1,1
713,000293_cam2_0_14.jpg,293,1,-1,True,12,819,1.0,1.0,1,12,1,1,1,1
714,000293_cam2_0_15.jpg,293,1,-1,True,12,819,0.9866452991452991,0.9230769230769231,1,13,1,1,1,1
715,000293_cam2_0_16.jpg,293,1,-1,True,12,819,1.0,1.0,1,12,1,1,1,1
716,000294_cam1_0_00.jpg,294,0,-1,True,18,824,0.9939896036387262,0.9473684210526315,1,19,1,1,1,1
717,000294_cam1_0_01.jpg,294,0,-1,True,18,824,0.9550069529236196,0.6923076923076923,1,26,1,1,1,1
718,000294_cam1_0_02.jpg,294,0,-1,True,18,824,0.9655872449990098,0.6666666666666666,1,27,1,1,1,1
719,000294_cam1_0_03.jpg,294,0,-1,True,18,824,0.9323739145670094,0.6923076923076923,1,26,1,1,1,1
720,000294_cam1_0_04.jpg,294,0,-1,True,18,824,0.593093344909234,0.2903225806451613,1,62,1,1,1,1
721,000294_cam1_0_05.jpg,294,0,-1,True,18,824,0.3913755917913535,0.4186046511627907,6,43,0,0,1,1
722,000294_cam1_0_06.jpg,294,0,-1,True,18,824,1.0,1.0,1,18,1,1,1,1
723,000294_cam1_0_07.jpg,294,0,-1,True,18,824,0.9780900508351488,0.72,1,25,1,1,1,1
724,000294_cam1_0_08.jpg,294,0,-1,True,18,824,1.0,1.0,1,18,1,1,1,1
725,000294_cam1_0_09.jpg,294,0,-1,True,18,824,0.9885964912280701,0.9,1,20,1,1,1,1
726,000294_cam1_0_10.jpg,294,0,-1,True,18,824,0.9530319535221499,0.6,1,30,1,1,1,1
727,000294_cam1_0_11.jpg,294,0,-1,True,18,824,0.9529491341991343,0.6428571428571429,1,28,1,1,1,1
728,000294_cam2_0_00.jpg,294,1,-1,True,12,818,0.4316754760833709,0.3157894736842105,3,38,0,1,1,1
729,000294_cam2_0_01.jpg,294,1,-1,True,12,818,0.8008070905129728,0.6,1,20,1,1,1,1
730,000294_cam2_0_02.jpg,294,1,-1,True,12,818,0.771386483886484,0.3076923076923077,1,39,1,1,1,1
731,000294_cam2_0_03.jpg,294,1,-1,True,12,818,0.3547579735079735,0.2727272727272727,3,44,0,1,1,1
732,000294_cam2_0_04.jpg,294,1,-1,True,12,818,0.674908756702235,0.2857142857142857,1,42,1,1,1,1
733,000294_cam2_0_05.jpg,294,1,-1,True,12,818,0.6609070596280032,0.1875,1,64,1,1,1,1
734,000294_cam2_0_06.jpg,294,1,-1,True,12,818,0.6037173458236992,0.16901408450704225,1,71,1,1,1,1
735,000294_cam2_0_07.jpg,294,1,-1,True,12,818,0.4963624338624339,0.125,1,96,1,1,1,1
736,000294_cam2_0_08.jpg,294,1,-1,True,12,818,0.7562714500214498,0.16216216216216217,1,74,1,1,1,1
737,000294_cam2_0_09.jpg,294,1,-1,True,12,818,0.7018895091263512,0.2222222222222222,1,54,1,1,1,1
738,000294_cam2_0_10.jpg,294,1,-1,True,12,818,0.9064105972000709,0.6,1,20,1,1,1,1
739,000294_cam2_0_11.jpg,294,1,-1,True,12,818,0.5402048597484702,0.16,1,75,1,1,1,1
740,000294_cam2_0_12.jpg,294,1,-1,True,12,818,0.703128803672282,0.32432432432432434,1,37,1,1,1,1
741,000294_cam2_0_13.jpg,294,1,-1,True,12,818,0.9791666666666666,0.75,1,16,1,1,1,1
742,000294_cam2_0_14.jpg,294,1,-1,True,12,818,0.5348188848188848,0.26666666666666666,1,45,1,1,1,1
743,000294_cam2_0_15.jpg,294,1,-1,True,12,818,0.6008482051480774,0.25,1,48,1,1,1,1
744,000294_cam2_0_16.jpg,294,1,-1,True,12,818,0.7474356253768019,0.18181818181818182,1,66,1,1,1,1
745,000294_cam2_0_17.jpg,294,1,-1,True,12,818,0.8465608465608464,0.5714285714285714,1,21,1,1,1,1
746,000295_cam1_0_00.jpg,295,0,-1,True,13,819,0.8724969474969476,0.6190476190476191,1,21,1,1,1,1
747,000295_cam1_0_01.jpg,295,0,-1,True,13,819,0.9597069597069597,0.6190476190476191,1,21,1,1,1,1
748,000295_cam1_0_02.jpg,295,0,-1,True,13,819,0.9730769230769231,0.65,1,20,1,1,1,1
749,000295_cam1_0_03.jpg,295,0,-1,True,13,819,0.9514652014652014,0.6190476190476191,1,21,1,1,1,1
750,000295_cam1_0_04.jpg,295,0,-1,True,13,819,0.9568376068376068,0.7222222222222222,1,18,1,1,1,1
751,000295_cam1_0_05.jpg,295,0,-1,True,13,819,0.7011611195821723,0.5909090909090909,1,22,1,1,1,1
752,000295_cam1_0_06.jpg,295,0,-1,True,13,819,0.8164686746134708,0.4642857142857143,1,28,1,1,1,1
753,000295_cam1_0_07.jpg,295,0,-1,True,13,819,0.8535061429798272,0.5,1,26,1,1,1,1
754,000295_cam1_0_08.jpg,295,0,-1,True,13,819,0.9627535925612849,0.8125,1,16,1,1,1,1
755,000295_cam1_0_09.jpg,295,0,-1,True,13,819,0.9897435897435898,0.8666666666666667,1,15,1,1,1,1
756,000295_cam1_0_10.jpg,295,0,-1,True,13,819,0.9897435897435898,0.8666666666666667,1,15,1,1,1,1
757,000295_cam1_0_11.jpg,295,0,-1,True,13,819,0.962730858884705,0.8666666666666667,1,15,1,1,1,1
758,000295_cam1_0_12.jpg,295,0,-1,True,13,819,0.7791029560917836,0.5652173913043478,1,23,1,1,1,1
759,000295_cam1_0_13.jpg,295,0,-1,True,13,819,0.5274030434640514,0.4482758620689655,2,29,0,1,1,1
760,000295_cam1_0_14.jpg,295,0,-1,True,13,819,0.8707990224958551,0.5909090909090909,1,22,1,1,1,1
761,000295_cam1_0_15.jpg,295,0,-1,True,13,819,0.8960661133738057,0.6190476190476191,1,21,1,1,1,1
762,000295_cam1_0_16.jpg,295,0,-1,True,13,819,0.9500674763832658,0.6842105263157895,1,19,1,1,1,1
763,000295_cam2_0_00.jpg,295,1,-1,True,17,823,1.0,1.0,1,17,1,1,1,1
764,000295_cam2_0_01.jpg,295,1,-1,True,17,823,0.9814720986433789,0.9444444444444444,1,18,1,1,1,1
765,000295_cam2_0_02.jpg,295,1,-1,True,17,823,1.0,1.0,1,17,1,1,1,1
766,000295_cam2_0_03.jpg,295,1,-1,True,17,823,1.0,1.0,1,17,1,1,1,1
767,000295_cam2_0_04.jpg,295,1,-1,True,17,823,0.9967320261437908,0.9444444444444444,1,18,1,1,1,1
768,000295_cam2_0_05.jpg,295,1,-1,True,17,823,0.9967320261437908,0.9444444444444444,1,18,1,1,1,1
769,000295_cam2_0_06.jpg,295,1,-1,True,17,823,1.0,1.0,1,17,1,1,1,1
770,000295_cam2_0_07.jpg,295,1,-1,True,17,823,0.9967320261437908,0.9444444444444444,1,18,1,1,1,1
771,000295_cam2_0_08.jpg,295,1,-1,True,17,823,1.0,1.0,1,17,1,1,1,1
772,000295_cam2_0_09.jpg,295,1,-1,True,17,823,1.0,1.0,1,17,1,1,1,1
773,000295_cam2_0_10.jpg,295,1,-1,True,17,823,0.9623199934891794,0.85,1,20,1,1,1,1
774,000295_cam2_0_11.jpg,295,1,-1,True,17,823,0.9294624675088161,0.7727272727272727,1,22,1,1,1,1
775,000295_cam2_0_12.jpg,295,1,-1,True,17,823,1.0,1.0,1,17,1,1,1,1
776,000298_cam1_0_00.jpg,298,0,-1,True,15,821,1.0,1.0,1,15,1,1,1,1
777,000298_cam1_0_01.jpg,298,0,-1,True,15,821,1.0,1.0,1,15,1,1,1,1
778,000298_cam1_0_02.jpg,298,0,-1,True,15,821,0.9077926702926702,0.6,1,25,1,1,1,1
779,000298_cam1_0_03.jpg,298,0,-1,True,15,821,1.0,1.0,1,15,1,1,1,1
780,000298_cam1_0_04.jpg,298,0,-1,True,15,821,0.9716303579461474,0.7894736842105263,1,19,1,1,1,1
781,000298_cam1_0_05.jpg,298,0,-1,True,15,821,0.9698064353946708,0.8823529411764706,1,17,1,1,1,1
782,000298_cam1_0_06.jpg,298,0,-1,True,15,821,1.0,1.0,1,15,1,1,1,1
783,000298_cam1_0_07.jpg,298,0,-1,True,15,821,0.9913888888888889,0.9375,1,16,1,1,1,1
784,000298_cam1_0_08.jpg,298,0,-1,True,15,821,1.0,1.0,1,15,1,1,1,1
785,000298_cam1_0_09.jpg,298,0,-1,True,15,821,1.0,1.0,1,15,1,1,1,1
786,000298_cam1_0_10.jpg,298,0,-1,True,15,821,1.0,1.0,1,15,1,1,1,1
787,000298_cam1_0_11.jpg,298,0,-1,True,15,821,1.0,1.0,1,15,1,1,1,1
788,000298_cam1_0_12.jpg,298,0,-1,True,15,821,1.0,1.0,1,15,1,1,1,1
789,000298_cam1_0_13.jpg,298,0,-1,True,15,821,0.9035859347624056,0.6818181818181818,1,22,1,1,1,1
790,000298_cam1_0_14.jpg,298,0,-1,True,15,821,1.0,1.0,1,15,1,1,1,1
791,000298_cam2_0_00.jpg,298,1,-1,True,15,821,0.871925893164283,0.7142857142857143,1,21,1,1,1,1
792,000298_cam2_0_01.jpg,298,1,-1,True,15,821,0.9921568627450981,0.8823529411764706,1,17,1,1,1,1
793,000298_cam2_0_02.jpg,298,1,-1,True,15,821,0.9027113627113628,0.6818181818181818,1,22,1,1,1,1
794,000298_cam2_0_03.jpg,298,1,-1,True,15,821,0.9888888888888889,0.8333333333333334,1,18,1,1,1,1
795,000298_cam2_0_04.jpg,298,1,-1,True,15,821,0.9662061467943821,0.8823529411764706,1,17,1,1,1,1
796,000298_cam2_0_05.jpg,298,1,-1,True,15,821,1.0,1.0,1,15,1,1,1,1
797,000298_cam2_0_06.jpg,298,1,-1,True,15,821,1.0,1.0,1,15,1,1,1,1
798,000298_cam2_0_07.jpg,298,1,-1,True,15,821,0.9958333333333333,0.9375,1,16,1,1,1,1
799,000298_cam2_0_08.jpg,298,1,-1,True,15,821,0.9958333333333333,0.9375,1,16,1,1,1,1
800,000298_cam2_0_09.jpg,298,1,-1,True,15,821,0.981498778998779,0.9375,1,16,1,1,1,1
801,000298_cam2_0_10.jpg,298,1,-1,True,15,821,1.0,1.0,1,15,1,1,1,1
802,000298_cam2_0_11.jpg,298,1,-1,True,15,821,0.9958333333333333,0.9375,1,16,1,1,1,1
803,000298_cam2_0_12.jpg,298,1,-1,True,15,821,1.0,1.0,1,15,1,1,1,1
804,000298_cam2_0_13.jpg,298,1,-1,True,15,821,1.0,1.0,1,15,1,1,1,1
805,000298_cam2_0_14.jpg,298,1,-1,True,15,821,1.0,1.0,1,15,1,1,1,1
806,000299_cam1_0_00.jpg,299,0,-1,True,13,819,0.833058608058608,0.5,1,26,1,1,1,1
807,000299_cam1_0_01.jpg,299,0,-1,True,13,819,0.5940933923048918,0.22413793103448276,1,58,1,1,1,1
808,000299_cam1_0_02.jpg,299,0,-1,True,13,819,0.6522375191412669,0.22807017543859648,1,57,1,1,1,1
809,000299_cam1_0_03.jpg,299,0,-1,True,13,819,0.9774161735700198,0.8666666666666667,1,15,1,1,1,1
810,000299_cam1_0_04.jpg,299,0,-1,True,13,819,0.9945054945054945,0.9285714285714286,1,14,1,1,1,1
811,000299_cam1_0_05.jpg,299,0,-1,True,13,819,0.9945054945054945,0.9285714285714286,1,14,1,1,1,1
812,000299_cam1_0_06.jpg,299,0,-1,True,13,819,1.0,1.0,1,13,1,1,1,1
813,000299_cam1_0_07.jpg,299,0,-1,True,13,819,0.9897435897435898,0.8666666666666667,1,15,1,1,1,1
814,000299_cam1_0_08.jpg,299,0,-1,True,13,819,0.9706959706959707,0.6190476190476191,1,21,1,1,1,1
815,000299_cam1_0_09.jpg,299,0,-1,True,13,819,1.0,1.0,1,13,1,1,1,1
816,000299_cam1_0_10.jpg,299,0,-1,True,13,819,1.0,1.0,1,13,1,1,1,1
817,000299_cam1_0_11.jpg,299,0,-1,True,13,819,0.8812212870741299,0.5652173913043478,1,23,1,1,1,1
818,000299_cam1_0_12.jpg,299,0,-1,True,13,819,0.9148523889903201,0.4482758620689655,1,29,1,1,1,1
819,000299_cam1_0_13.jpg,299,0,-1,True,13,819,0.5988249229931774,0.26,1,50,1,1,1,1
820,000299_cam1_0_14.jpg,299,0,-1,True,13,819,0.9359470657547582,0.8125,1,16,1,1,1,1
821,000299_cam1_0_15.jpg,299,0,-1,True,13,819,0.958309234625024,0.6842105263157895,1,19,1,1,1,1
822,000299_cam1_0_16.jpg,299,0,-1,True,13,819,0.8348834740139088,0.18571428571428572,1,70,1,1,1,1
823,000299_cam2_0_00.jpg,299,1,-1,True,17,823,0.969010703829043,0.8095238095238095,1,21,1,1,1,1
824,000299_cam2_0_01.jpg,299,1,-1,True,17,823,0.8669218724172285,0.6538461538461539,1,26,1,1,1,1
825,000299_cam2_0_02.jpg,299,1,-1,True,17,823,0.9569236390208258,0.7391304347826086,1,23,1,1,1,1
826,000299_cam2_0_03.jpg,299,1,-1,True,17,823,0.8429879789150888,0.68,1,25,1,1,1,1
827,000299_cam2_0_04.jpg,299,1,-1,True,17,823,0.7278629066691351,0.38636363636363635,1,44,1,1,1,1
828,000299_cam2_0_05.jpg,299,1,-1,True,17,823,0.9066148780699864,0.68,1,25,1,1,1,1
829,000299_cam2_0_06.jpg,299,1,-1,True,17,823,0.961640598924336,0.85,1,20,1,1,1,1
830,000299_cam2_0_07.jpg,299,1,-1,True,17,823,0.9716775599128541,0.6296296296296297,1,27,1,1,1,1
831,000299_cam2_0_08.jpg,299,1,-1,True,17,823,0.9895953479430988,0.9444444444444444,1,18,1,1,1,1
832,000299_cam2_0_09.jpg,299,1,-1,True,17,823,1.0,1.0,1,17,1,1,1,1
833,000299_cam2_0_10.jpg,299,1,-1,True,17,823,0.972228437298552,0.8947368421052632,1,19,1,1,1,1
834,000299_cam2_0_11.jpg,299,1,-1,True,17,823,1.0,1.0,1,17,1,1,1,1
835,000299_cam2_0_12.jpg,299,1,-1,True,17,823,0.8526855525587776,0.5862068965517241,1,29,1,1,1,1
