role,row,name,identity,camera,scene,prediction_M,prediction_F,prediction_I,gate_M,gate_F,gate_I,control_M,control_F,control_I
query,0,0002_s002_v0_000.jpg,2,0,2,0.0004524641844909638,0.00028971166466362774,0.00020727311493828893,0.50226229429245,0.5014485716819763,0.5010363459587097,0.0,0.0,0.0
query,1,0002_s002_v3_001.jpg,2,3,2,0.0004524641844909638,0.0002897116355597973,0.00020727307128254324,0.50226229429245,0.5014485716819763,0.5010363459587097,0.0,0.0,0.0
query,2,0002_s013_v1_002.jpg,2,1,13,0.0004524641844909638,0.0002897116937674582,0.00020727288210764527,0.50226229429245,0.5014485716819763,0.5010363459587097,0.0,0.0,0.0
query,3,0002_s013_v4_003.jpg,2,4,13,0.0004524641844909638,0.00028971166466362774,0.0002072732604574412,0.50226229429245,0.5014485716819763,0.5010363459587097,0.0,0.0,0.0
query,4,0004_s002_v3_000.jpg,4,3,2,0.0004524641844909638,0.0002897116937674582,0.00020727308583445847,0.50226229429245,0.5014485716819763,0.5010363459587097,0.0,0.0,0.0
query,5,0004_s007_v1_010.jpg,4,1,7,0.0004524641844909638,0.00028971172287128866,0.00020727295486722142,0.50226229429245,0.5014485716819763,0.5010363459587097,0.0,0.0,0.0
query,6,0004_s007_v6_011.jpg,4,6,7,0.0004524641844909638,0.00028971172287128866,0.0002072731003863737,0.50226229429245,0.5014485716819763,0.5010363459587097,0.0,0.0,0.0
query,7,0004_s021_v1_001.jpg,4,1,21,0.0004524641844909638,0.00028971172287128866,0.00020727323135361075,0.50226229429245,0.5014485716819763,0.5010363459587097,0.0,0.0,0.0
query,8,0004_s021_v7_002.jpg,4,7,21,0.00045246415538713336,0.00028971178107894957,0.00020727314404211938,0.50226229429245,0.5014485716819763,0.5010363459587097,0.0,0.0,0.0
query,9,0004_s022_v3_003.jpg,4,3,22,0.0004524641844909638,0.0002897116937674582,0.0002072732604574412,0.50226229429245,0.5014485716819763,0.5010363459587097,0.0,0.0,0.0
query,10,0004_s022_v4_004.jpg,4,4,22,0.0004524641844909638,0.00028971172287128866,0.00020727296941913664,0.50226229429245,0.5014485716819763,0.5010363459587097,0.0,0.0,0.0
query,11,0004_s026_v0_005.jpg,4,0,26,0.00045246415538713336,0.00028971178107894957,0.00020727266382891685,0.50226229429245,0.5014485716819763,0.5010363459587097,0.0,0.0,0.0
query,12,0004_s026_v1_006.jpg,4,1,26,0.0004524641844909638,0.00028971172287128866,0.00020727302762679756,0.50226229429245,0.5014485716819763,0.5010363459587097,0.0,0.0,0.0
query,13,0004_s026_v2_007.jpg,4,2,26,0.0004524641844909638,0.00028971172287128866,0.00020727291121147573,0.50226229429245,0.5014485716819763,0.5010363459587097,0.0,0.0,0.0
query,14,0004_s026_v6_008.jpg,4,6,26,0.00045246415538713336,0.00028971172287128866,0.00020727222727146,0.50226229429245,0.5014485716819763,0.5010363459587097,0.0,0.0,0.0
query,15,0004_s026_v7_009.jpg,4,7,26,0.00045246415538713336,0.0002897117519751191,0.00020727280934806913,0.50226229429245,0.5014485716819763,0.5010363459587097,0.0,0.0,0.0
query,16,0006_s002_v1_000.jpg,6,1,2,0.0004524641844909638,0.00028971172287128866,0.00020727240189444274,0.50226229429245,0.5014485716819763,0.5010363459587097,0.0,0.0,0.0
query,17,0006_s002_v7_001.jpg,6,7,2,0.0004524641844909638,0.00028971172287128866,0.00020727237279061228,0.50226229429245,0.5014485716819763,0.5010363459587097,0.0,0.0,0.0
query,18,0006_s007_v0_012.jpg,6,0,7,0.0004524641844909638,0.0002897116937674582,0.00020727307128254324,0.50226229429245,0.5014485716819763,0.5010363459587097,0.0,0.0,0.0
query,19,0006_s007_v4_013.jpg,6,4,7,0.0004524641844909638,0.0002897116355597973,0.0002072733623208478,0.50226229429245,0.5014485716819763,0.5010363459587097,0.0,0.0,0.0
query,20,0006_s007_v5_014.jpg,6,5,7,0.0004524641844909638,0.00028971166466362774,0.0002072734641842544,0.50226229429245,0.5014485716819763,0.5010363459587097,0.0,0.0,0.0
query,21,0006_s007_v6_015.jpg,6,6,7,0.0004524641844909638,0.00028971166466362774,0.00020727318769786507,0.50226229429245,0.5014485716819763,0.5010363459587097,0.0,0.0,0.0
query,22,0006_s027_v1_002.jpg,6,1,27,0.0004524641844909638,0.0002897116937674582,0.00020727286755573004,0.50226229429245,0.5014485716819763,0.5010363459587097,0.0,0.0,0.0
query,23,0006_s027_v2_003.jpg,6,2,27,0.0004524641844909638,0.00028971166466362774,0.00020727291121147573,0.50226229429245,0.5014485716819763,0.5010363459587097,0.0,0.0,0.0
query,24,0006_s027_v3_004.jpg,6,3,27,0.0004524641844909638,0.0002897116937674582,0.00020727260562125593,0.50226229429245,0.5014485716819763,0.5010363459587097,0.0,0.0,0.0
query,25,0006_s027_v4_005.jpg,6,4,27,0.0004524641844909638,0.00028971166466362774,0.00020727288210764527,0.50226229429245,0.5014485716819763,0.5010363459587097,0.0,0.0,0.0
query,26,0006_s027_v5_006.jpg,6,5,27,0.0004524641844909638,0.00028971166466362774,0.00020727324590552598,0.50226229429245,0.5014485716819763,0.5010363459587097,0.0,0.0,0.0
query,27,0006_s027_v7_007.jpg,6,7,27,0.0004524641844909638,0.0002897116937674582,0.00020727298397105187,0.50226229429245,0.5014485716819763,0.5010363459587097,0.0,0.0,0.0
query,28,0006_s028_v2_008.jpg,6,2,28,0.0004524641844909638,0.00028971166466362774,0.00020727288210764527,0.50226229429245,0.5014485716819763,0.5010363459587097,0.0,0.0,0.0
query,29,0006_s028_v3_009.jpg,6,3,28,0.0004524641844909638,0.00028971172287128866,0.00020727254741359502,0.50226229429245,0.5014485716819763,0.5010363459587097,0.0,0.0,0.0
query,30,0006_s028_v4_010.jpg,6,4,28,0.0004524641844909638,0.0002897116937674582,0.00020727288210764527,0.50226229429245,0.5014485716819763,0.5010363459587097,0.0,0.0,0.0
query,31,0006_s028_v5_011.jpg,6,5,28,0.0004524641844909638,0.00028971166466362774,0.00020727295486722142,0.50226229429245,0.5014485716819763,0.5010363459587097,0.0,0.0,0.0
query,32,0008_s002_v0_000.jpg,8,0,2,0.0004524641844909638,0.0002897116937674582,0.0002072729985229671,0.50226229429245,0.5014485716819763,0.5010363459587097,0.0,0.0,0.0
query,33,0008_s002_v3_001.jpg,8,3,2,0.0004524641844909638,0.0002897116937674582,0.0002072726929327473,0.50226229429245,0.5014485716819763,0.5010363459587097,0.0,0.0,0.0
query,34,0008_s002_v5_002.jpg,8,5,2,0.0004524641844909638,0.0002897116937674582,0.0002072726347250864,0.50226229429245,0.5014485716819763,0.5010363459587097,0.0,0.0,0.0
query,35,0008_s005_v3_013.jpg,8,3,5,0.0004524641844909638,0.0002897116937674582,0.0002072727947961539,0.50226229429245,0.5014485716819763,0.5010363459587097,0.0,0.0,0.0
query,36,0008_s005_v5_014.jpg,8,5,5,0.0004524641844909638,0.0002897116937674582,0.00020727295486722142,0.50226229429245,0.5014485716819763,0.5010363459587097,0.0,0.0,0.0
query,37,0008_s018_v4_003.jpg,8,4,18,0.0004524641844909638,0.0002897116937674582,0.00020727285300381482,0.50226229429245,0.5014485716819763,0.5010363459587097,0.0,0.0,0.0
query,38,0008_s018_v5_004.jpg,8,5,18,0.0004524641844909638,0.0002897116937674582,0.00020727270748466253,0.50226229429245,0.5014485716819763,0.5010363459587097,0.0,0.0,0.0
query,39,0008_s025_v0_005.jpg,8,0,25,0.0004524641844909638,0.00028971172287128866,0.00020727328956127167,0.50226229429245,0.5014485716819763,0.5010363459587097,0.0,0.0,0.0
query,40,0008_s025_v1_006.jpg,8,1,25,0.0004524641844909638,0.0002897117519751191,0.0002072729985229671,0.50226229429245,0.5014485716819763,0.5010363459587097,0.0,0.0,0.0
query,41,0008_s025_v2_007.jpg,8,2,25,0.0004524641844909638,0.00028971166466362774,0.00020727305673062801,0.50226229429245,0.5014485716819763,0.5010363459587097,0.0,0.0,0.0
query,42,0008_s025_v3_008.jpg,8,3,25,0.0004524641844909638,0.00028971172287128866,0.00020727298397105187,0.50226229429245,0.5014485716819763,0.5010363459587097,0.0,0.0,0.0
query,43,0008_s025_v4_009.jpg,8,4,25,0.0004524641844909638,0.0002897117519751191,0.00020727305673062801,0.50226229429245,0.5014485716819763,0.5010363459587097,0.0,0.0,0.0
query,44,0008_s025_v5_010.jpg,8,5,25,0.00045246415538713336,0.0002897117519751191,0.00020727260562125593,0.50226229429245,0.5014485716819763,0.5010363459587097,0.0,0.0,0.0
query,45,0008_s025_v6_011.jpg,8,6,25,0.00045246415538713336,0.0002897117519751191,0.0002072726347250864,0.50226229429245,0.5014485716819763,0.5010363459587097,0.0,0.0,0.0
query,46,0008_s025_v7_012.jpg,8,7,25,0.0004524641844909638,0.00028971172287128866,0.00020727311493828893,0.50226229429245,0.5014485716819763,0.5010363459587097,0.0,0.0,0.0
query,47,0010_s002_v1_000.jpg,10,1,2,0.0004524641844909638,0.00028971166466362774,0.0002072731585940346,0.50226229429245,0.5014485716819763,0.5010363459587097,0.0,0.0,0.0
query,48,0010_s002_v4_001.jpg,10,4,2,0.0004524641844909638,0.0002897116937674582,0.00020727278024423867,0.50226229429245,0.5014485716819763,0.5010363459587097,0.0,0.0,0.0
query,49,0010_s002_v7_002.jpg,10,7,2,0.0004524641844909638,0.0002897116937674582,0.00020727296941913664,0.50226229429245,0.5014485716819763,0.5010363459587097,0.0,0.0,0.0
query,50,0010_s011_v4_003.jpg,10,4,11,0.0004524641844909638,0.0002897116937674582,0.00020727298397105187,0.50226229429245,0.5014485716819763,0.5010363459587097,0.0,0.0,0.0
query,51,0010_s011_v6_004.jpg,10,6,11,0.0004524641844909638,0.00028971172287128866,0.00020727292576339096,0.50226229429245,0.5014485716819763,0.5010363459587097,0.0,0.0,0.0
query,52,0010_s011_v7_005.jpg,10,7,11,0.0004524641844909638,0.00028971172287128866,0.0002072732022497803,0.50226229429245,0.5014485716819763,0.5010363459587097,0.0,0.0,0.0
query,53,0012_s002_v4_000.jpg,12,4,2,0.0004524641844909638,0.00028971166466362774,0.00020727321680169553,0.50226229429245,0.5014485716819763,0.5010363459587097,0.0,0.0,0.0
query,54,0012_s002_v7_001.jpg,12,7,2,0.0004524641844909638,0.00028971172287128866,0.0002072727947961539,0.50226229429245,0.5014485716819763,0.5010363459587097,0.0,0.0,0.0
query,55,0012_s003_v0_002.jpg,12,0,3,0.0004524641844909638,0.00028971172287128866,0.000207272736588493,0.50226229429245,0.5014485716819763,0.5010363459587097,0.0,0.0,0.0
query,56,0012_s003_v1_003.jpg,12,1,3,0.0004524641844909638,0.00028971172287128866,0.0002072728966595605,0.50226229429245,0.5014485716819763,0.5010363459587097,0.0,0.0,0.0
query,57,0014_s002_v1_000.jpg,14,1,2,0.0004524641844909638,0.0002897116355597973,0.0002072733623208478,0.50226229429245,0.5014485716819763,0.5010363459587097,0.0,0.0,0.0
query,58,0014_s002_v3_001.jpg,14,3,2,0.0004524641844909638,0.00028971166466362774,0.0002072731003863737,0.50226229429245,0.5014485716819763,0.5010363459587097,0.0,0.0,0.0
query,59,0014_s005_v3_007.jpg,14,3,5,0.0004524641844909638,0.00028971172287128866,0.00020727291121147573,0.50226229429245,0.5014485716819763,0.5010363459587097,0.0,0.0,0.0
query,60,0014_s020_v0_002.jpg,14,0,20,0.0004524641844909638,0.00028971166466362774,0.00020727318769786507,0.50226229429245,0.5014485716819763,0.5010363459587097,0.0,0.0,0.0
query,61,0014_s020_v1_003.jpg,14,1,20,0.0004524641844909638,0.0002897116355597973,0.00020727331866510212,0.50226229429245,0.5014485716819763,0.5010363459587097,0.0,0.0,0.0
query,62,0014_s020_v2_004.jpg,14,2,20,0.0004524641844909638,0.00028971166466362774,0.00020727312949020416,0.50226229429245,0.5014485716819763,0.5010363459587097,0.0,0.0,0.0
query,63,0014_s020_v3_005.jpg,14,3,20,0.0004524641844909638,0.00028971166466362774,0.00020727323135361075,0.50226229429245,0.5014485716819763,0.5010363459587097,0.0,0.0,0.0
query,64,0014_s020_v4_006.jpg,14,4,20,0.0004524641844909638,0.00028971166466362774,0.0002072728384518996,0.50226229429245,0.5014485716819763,0.5010363459587097,0.0,0.0,0.0
query,65,0016_s002_v0_000.jpg,16,0,2,0.0004524641844909638,0.00028971172287128866,0.00020727267838083208,0.50226229429245,0.5014485716819763,0.5010363459587097,0.0,0.0,0.0
query,66,0016_s002_v3_001.jpg,16,3,2,0.0004524641844909638,0.00028971172287128866,0.00020727262017317116,0.50226229429245,0.5014485716819763,0.5010363459587097,0.0,0.0,0.0
query,67,0016_s002_v5_002.jpg,16,5,2,0.0004524641844909638,0.00028971172287128866,0.0002072725910693407,0.50226229429245,0.5014485716819763,0.5010363459587097,0.0,0.0,0.0
query,68,0016_s003_v0_003.jpg,16,0,3,0.0004524641844909638,0.0002897116937674582,0.00020727311493828893,0.50226229429245,0.5014485716819763,0.5010363459587097,0.0,0.0,0.0
query,69,0016_s003_v3_004.jpg,16,3,3,0.0004524641844909638,0.00028971172287128866,0.0002072731585940346,0.50226229429245,0.5014485716819763,0.5010363459587097,0.0,0.0,0.0
query,70,0016_s004_v1_005.jpg,16,1,4,0.0004524641844909638,0.00028971172287128866,0.00020727331866510212,0.50226229429245,0.5014485716819763,0.5010363459587097,0.0,0.0,0.0
query,71,0016_s004_v3_006.jpg,16,3,4,0.00045246415538713336,0.0002897117519751191,0.0002072729403153062,0.50226229429245,0.5014485716819763,0.5010363459587097,0.0,0.0,0.0
query,72,0016_s004_v5_007.jpg,16,5,4,0.0004524641844909638,0.00028971172287128866,0.00020727302762679756,0.50226229429245,0.5014485716819763,0.5010363459587097,0.0,0.0,0.0
query,73,0020_s003_v4_000.jpg,20,4,3,0.0004524641844909638,0.0002897116355597973,0.00020727318769786507,0.50226229429245,0.5014485716819763,0.5010363459587097,0.0,0.0,0.0
query,74,0020_s003_v5_001.jpg,20,5,3,0.0004524642135947943,0.00028971160645596683,0.00020727343508042395,0.50226229429245,0.5014485716819763,0.5010363459587097,0.0,0.0,0.0
query,75,0020_s003_v7_002.jpg,20,7,3,0.0004524642135947943,0.00028971160645596683,0.00020727333321701735,0.50226229429245,0.5014485716819763,0.5010363459587097,0.0,0.0,0.0
query,76,0020_s025_v0_003.jpg,20,0,25,0.0004524641844909638,0.0002897116355597973,0.00020727323135361075,0.50226229429245,0.5014485716819763,0.5010363459587097,0.0,0.0,0.0
query,77,0020_s025_v3_004.jpg,20,3,25,0.0004524641844909638,0.0002897116355597973,0.00020727318769786507,0.50226229429245,0.5014485716819763,0.5010363459587097,0.0,0.0,0.0
query,78,0020_s025_v4_005.jpg,20,4,25,0.0004524641844909638,0.0002897116355597973,0.00020727317314594984,0.50226229429245,0.5014485716819763,0.5010363459587097,0.0,0.0,0.0
query,79,0020_s025_v5_006.jpg,20,5,25,0.0004524641844909638,0.0002897116355597973,0.00020727318769786507,0.50226229429245,0.5014485716819763,0.5010363459587097,0.0,0.0,0.0
query,80,0020_s025_v6_007.jpg,20,6,25,0.0004524641844909638,0.00028971166466362774,0.00020727280934806913,0.50226229429245,0.5014485716819763,0.5010363459587097,0.0,0.0,0.0
query,81,0020_s026_v0_008.jpg,20,0,26,0.0004524642135947943,0.00028971160645596683,0.00020727342052850872,0.50226229429245,0.5014485716819763,0.5010363459587097,0.0,0.0,0.0
query,82,0020_s026_v1_009.jpg,20,1,26,0.0004524642135947943,0.00028971160645596683,0.00020727334776893258,0.50226229429245,0.5014485716819763,0.5010363459587097,0.0,0.0,0.0
query,83,0020_s026_v2_010.jpg,20,2,26,0.0004524642135947943,0.00028971160645596683,0.00020727333321701735,0.50226229429245,0.5014485716819763,0.5010363459587097,0.0,0.0,0.0
query,84,0020_s026_v3_011.jpg,20,3,26,0.0004524641844909638,0.0002897116355597973,0.00020727318769786507,0.50226229429245,0.5014485716819763,0.5010363459587097,0.0,0.0,0.0
query,85,0020_s026_v4_012.jpg,20,4,26,0.0004524641844909638,0.0002897116355597973,0.0002072731003863737,0.50226229429245,0.5014485716819763,0.5010363459587097,0.0,0.0,0.0
query,86,0020_s026_v5_013.jpg,20,5,26,0.0004524641844909638,0.0002897116355597973,0.0002072732604574412,0.50226229429245,0.5014485716819763,0.5010363459587097,0.0,0.0,0.0
query,87,0020_s026_v7_014.jpg,20,7,26,0.0004524641844909638,0.0002897116355597973,0.00020727302762679756,0.50226229429245,0.5014485716819763,0.5010363459587097,0.0,0.0,0.0
query,88,0020_s027_v0_015.jpg,20,0,27,0.0004524641844909638,0.00028971166466362774,0.00020727288210764527,0.50226229429245,0.5014485716819763,0.5010363459587097,0.0,0.0,0.0
query,89,0020_s027_v1_016.jpg,20,1,27,0.0004524641844909638,0.0002897116937674582,0.00020727266382891685,0.50226229429245,0.5014485716819763,0.5010363459587097,0.0,0.0,0.0
query,90,0020_s027_v3_017.jpg,20,3,27,0.0004524641844909638,0.0002897116355597973,0.00020727317314594984,0.50226229429245,0.5014485716819763,0.5010363459587097,0.0,0.0,0.0
query,91,0020_s027_v4_018.jpg,20,4,27,0.0004524641844909638,0.0002897116355597973,0.00020727298397105187,0.50226229429245,0.5014485716819763,0.5010363459587097,0.0,0.0,0.0
query,92,0020_s027_v5_019.jpg,20,5,27,0.0004524641844909638,0.0002897116355597973,0.00020727331866510212,0.50226229429245,0.5014485716819763,0.5010363459587097,0.0,0.0,0.0
query,93,0020_s027_v6_020.jpg,20,6,27,0.0004524641844909638,0.00028971160645596683,0.0002072731003863737,0.50226229429245,0.5014485716819763,0.5010363459587097,0.0,0.0,0.0
query,94,0020_s027_v7_021.jpg,20,7,27,0.0004524641844909638,0.00028971166466362774,0.00020727288210764527,0.50226229429245,0.5014485716819763,0.5010363459587097,0.0,0.0,0.0
query,95,0020_s028_v0_022.jpg,20,0,28,0.0004524641844909638,0.0002897116355597973,0.00020727328956127167,0.50226229429245,0.5014485716819763,0.5010363459587097,0.0,0.0,0.0
query,96,0020_s028_v1_023.jpg,20,1,28,0.0004524642135947943,0.00028971160645596683,0.0002072732604574412,0.50226229429245,0.5014485716819763,0.5010363459587097,0.0,0.0,0.0
query,97,0020_s028_v3_024.jpg,20,3,28,0.0004524641844909638,0.0002897116355597973,0.0002072732604574412,0.50226229429245,0.5014485716819763,0.5010363459587097,0.0,0.0,0.0
query,98,0020_s028_v5_025.jpg,20,5,28,0.0004524641844909638,0.00028971166466362774,0.00020727308583445847,0.50226229429245,0.5014485716819763,0.5010363459587097,0.0,0.0,0.0
query,99,0020_s030_v1_026.jpg,20,1,30,0.0004524641844909638,0.0002897116355597973,0.00020727333321701735,0.50226229429245,0.5014485716819763,0.5010363459587097,0.0,0.0,0.0
query,100,0020_s030_v4_027.jpg,20,4,30,0.0004524641844909638,0.00028971166466362774,0.00020727308583445847,0.50226229429245,0.5014485716819763,0.5010363459587097,0.0,0.0,0.0
query,101,0020_s030_v5_028.jpg,20,5,30,0.0004524641844909638,0.00028971166466362774,0.00020727305673062801,0.50226229429245,0.5014485716819763,0.5010363459587097,0.0,0.0,0.0
query,102,0020_s030_v6_029.jpg,20,6,30,0.0004524641844909638,0.00028971166466362774,0.0002072729985229671,0.50226229429245,0.5014485716819763,0.5010363459587097,0.0,0.0,0.0
query,103,0020_s030_v7_030.jpg,20,7,30,0.0004524641844909638,0.0002897116355597973,0.00020727327500935644,0.50226229429245,0.5014485716819763,0.5010363459587097,0.0,0.0,0.0
query,104,0022_s003_v3_007.jpg,22,3,3,0.0004524642135947943,0.00028971160645596683,0.00020727368246298283,0.50226229429245,0.5014485716819763,0.5010363459587097,0.0,0.0,0.0
query,105,0022_s003_v5_008.jpg,22,5,3,0.0004524642135947943,0.00028971160645596683,0.00020727390074171126,0.50226229429245,0.5014485716819763,0.5010363459587097,0.0,0.0,0.0
query,106,0022_s012_v4_000.jpg,22,4,12,0.0004524641844909638,0.0002897116355597973,0.00020727342052850872,0.50226229429245,0.5014485716819763,0.5010363459587097,0.0,0.0,0.0
query,107,0022_s012_v7_001.jpg,22,7,12,0.0004524642135947943,0.00028971160645596683,0.0002072734641842544,0.50226229429245,0.5014485716819763,0.5010363459587097,0.0,0.0,0.0
query,108,0022_s019_v0_002.jpg,22,0,19,0.0004524641844909638,0.00028971160645596683,0.0002072733041131869,0.50226229429245,0.5014485716819763,0.5010363459587097,0.0,0.0,0.0
query,109,0022_s019_v3_003.jpg,22,3,19,0.0004524642135947943,0.00028971160645596683,0.00020727385708596557,0.50226229429245,0.5014485716819763,0.5010363459587097,0.0,0.0,0.0
query,110,0022_s019_v4_004.jpg,22,4,19,0.0004524642135947943,0.00028971160645596683,0.00020727358059957623,0.50226229429245,0.5014485716819763,0.5010363459587097,0.0,0.0,0.0
query,111,0022_s019_v5_005.jpg,22,5,19,0.0004524641844909638,0.0002897116355597973,0.000207273566047661,0.50226229429245,0.5014485716819763,0.5010363459587097,0.0,0.0,0.0
query,112,0022_s019_v7_006.jpg,22,7,19,0.0004524641844909638,0.0002897116355597973,0.00020727343508042395,0.50226229429245,0.5014485716819763,0.5010363459587097,0.0,0.0,0.0
query,113,0024_s000_v0_026.jpg,24,0,0,0.0004524641844909638,0.0002897116355597973,0.00020727333321701735,0.50226229429245,0.5014485716819763,0.5010363459587097,0.0,0.0,0.0
query,114,0024_s000_v1_030.jpg,24,1,0,0.0004524641844909638,0.00028971166466362774,0.0002072733623208478,0.50226229429245,0.5014485716819763,0.5010363459587097,0.0,0.0,0.0
query,115,0024_s000_v2_028.jpg,24,2,0,0.0004524641844909638,0.0002897116937674582,0.00020727276569232345,0.50226229429245,0.5014485716819763,0.5010363459587097,0.0,0.0,0.0
query,116,0024_s000_v3_031.jpg,24,3,0,0.0004524642135947943,0.0002897116355597973,0.000207273566047661,0.50226229429245,0.5014485716819763,0.5010363459587097,0.0,0.0,0.0
query,117,0024_s000_v4_027.jpg,24,4,0,0.0004524641844909638,0.00028971166466362774,0.00020727301307488233,0.50226229429245,0.5014485716819763,0.5010363459587097,0.0,0.0,0.0
query,118,0024_s000_v5_032.jpg,24,5,0,0.0004524642135947943,0.00028971160645596683,0.0002072735078400001,0.50226229429245,0.5014485716819763,0.5010363459587097,0.0,0.0,0.0
query,119,0024_s000_v6_029.jpg,24,6,0,0.0004524641844909638,0.00028971166466362774,0.00020727304217871279,0.50226229429245,0.5014485716819763,0.5010363459587097,0.0,0.0,0.0
query,120,0024_s000_v7_033.jpg,24,7,0,0.0004524641844909638,0.00028971166466362774,0.0002072732604574412,0.50226229429245,0.5014485716819763,0.5010363459587097,0.0,0.0,0.0
query,121,0024_s003_v0_004.jpg,24,0,3,0.0004524641844909638,0.00028971166466362774,0.00020727311493828893,0.50226229429245,0.5014485716819763,0.5010363459587097,0.0,0.0,0.0
query,122,0024_s003_v5_005.jpg,24,5,3,0.0004524642135947943,0.0002897116355597973,0.00020727369701489806,0.50226229429245,0.5014485716819763,0.5010363459587097,0.0,0.0,0.0
query,123,0024_s003_v6_006.jpg,24,6,3,0.0004524641844909638,0.0002897116937674582,0.00020727333321701735,0.50226229429245,0.5014485716819763,0.5010363459587097,0.0,0.0,0.0
query,124,0024_s012_v0_000.jpg,24,0,12,0.0004524641844909638,0.0002897116937674582,0.0002072729985229671,0.50226229429245,0.5014485716819763,0.5010363459587097,0.0,0.0,0.0
query,125,0024_s012_v3_001.jpg,24,3,12,0.0004524642135947943,0.0002897116355597973,0.00020727363880723715,0.50226229429245,0.5014485716819763,0.5010363459587097,0.0,0.0,0.0
query,126,0024_s012_v5_002.jpg,24,5,12,0.0004524642135947943,0.00028971160645596683,0.0002072739735012874,0.50226229429245,0.5014485716819763,0.5010363459587097,0.0,0.0,0.0
query,127,0024_s012_v7_003.jpg,24,7,12,0.0004524641844909638,0.00028971166466362774,0.00020727353694383055,0.50226229429245,0.5014485716819763,0.5010363459587097,0.0,0.0,0.0
query,128,0024_s025_v0_007.jpg,24,0,25,0.0004524641844909638,0.00028971166466362774,0.00020727328956127167,0.50226229429245,0.5014485716819763,0.5010363459587097,0.0,0.0,0.0
query,129,0024_s025_v1_008.jpg,24,1,25,0.0004524641844909638,0.0002897116937674582,0.00020727337687276304,0.50226229429245,0.5014485716819763,0.5010363459587097,0.0,0.0,0.0
query,130,0024_s025_v2_009.jpg,24,2,25,0.0004524641844909638,0.0002897116937674582,0.00020727311493828893,0.50226229429245,0.5014485716819763,0.5010363459587097,0.0,0.0,0.0
query,131,0024_s025_v3_010.jpg,24,3,25,0.0004524641844909638,0.00028971166466362774,0.00020727363880723715,0.50226229429245,0.5014485716819763,0.5010363459587097,0.0,0.0,0.0
query,132,0024_s025_v4_011.jpg,24,4,25,0.0004524641844909638,0.00028971166466362774,0.00020727328956127167,0.50226229429245,0.5014485716819763,0.5010363459587097,0.0,0.0,0.0
query,133,0024_s025_v5_012.jpg,24,5,25,0.0004524641844909638,0.00028971166466362774,0.00020727311493828893,0.50226229429245,0.5014485716819763,0.5010363459587097,0.0,0.0,0.0
query,134,0024_s025_v7_013.jpg,24,7,25,0.0004524641844909638,0.00028971166466362774,0.0002072729403153062,0.50226229429245,0.5014485716819763,0.5010363459587097,0.0,0.0,0.0
query,135,0024_s028_v0_014.jpg,24,0,28,0.0004524641844909638,0.00028971172287128866,0.00020727295486722142,0.50226229429245,0.5014485716819763,0.5010363459587097,0.0,0.0,0.0
query,136,0024_s028_v1_015.jpg,24,1,28,0.0004524641844909638,0.0002897116355597973,0.00020727343508042395,0.50226229429245,0.5014485716819763,0.5010363459587097,0.0,0.0,0.0
query,137,0024_s028_v2_016.jpg,24,2,28,0.0004524641844909638,0.0002897116937674582,0.00020727302762679756,0.50226229429245,0.5014485716819763,0.5010363459587097,0.0,0.0,0.0
query,138,0024_s028_v3_017.jpg,24,3,28,0.0004524641844909638,0.00028971166466362774,0.00020727328956127167,0.50226229429245,0.5014485716819763,0.5010363459587097,0.0,0.0,0.0
query,139,0024_s028_v4_018.jpg,24,4,28,0.0004524641844909638,0.00028971166466362774,0.00020727331866510212,0.50226229429245,0.5014485716819763,0.5010363459587097,0.0,0.0,0.0
query,140,0024_s028_v5_019.jpg,24,5,28,0.0004524641844909638,0.0002897116937674582,0.00020727318769786507,0.50226229429245,0.5014485716819763,0.5010363459587097,0.0,0.0,0.0
query,141,0024_s028_v6_020.jpg,24,6,28,0.0004524641844909638,0.0002897116937674582,0.00020727349328808486,0.50226229429245,0.5014485716819763,0.5010363459587097,0.0,0.0,0.0
query,142,0024_s028_v7_021.jpg,24,7,28,0.0004524641844909638,0.00028971166466362774,0.0002072735078400001,0.50226229429245,0.5014485716819763,0.5010363459587097,0.0,0.0,0.0
query,143,0024_s029_v1_022.jpg,24,1,29,0.0004524641844909638,0.00028971166466362774,0.00020727359515149146,0.50226229429245,0.5014485716819763,0.5010363459587097,0.0,0.0,0.0
query,144,0024_s029_v2_023.jpg,24,2,29,0.0004524641844909638,0.00028971166466362774,0.0002072731585940346,0.50226229429245,0.5014485716819763,0.5010363459587097,0.0,0.0,0.0
query,145,0024_s029_v3_024.jpg,24,3,29,0.0004524641844909638,0.0002897116355597973,0.00020727339142467827,0.50226229429245,0.5014485716819763,0.5010363459587097,0.0,0.0,0.0
query,146,0024_s029_v7_025.jpg,24,7,29,0.0004524641844909638,0.00028971172287128866,0.0002072728384518996,0.50226229429245,0.5014485716819763,0.5010363459587097,0.0,0.0,0.0
query,147,0026_s002_v2_000.jpg,26,2,2,0.0004524641844909638,0.00028971172287128866,0.00020727260562125593,0.50226229429245,0.5014485716819763,0.5010363459587097,0.0,0.0,0.0
query,148,0026_s002_v4_001.jpg,26,4,2,0.0004524641844909638,0.00028971172287128866,0.00020727234368678182,0.50226229429245,0.5014485716819763,0.5010363459587097,0.0,0.0,0.0
query,149,0026_s003_v1_007.jpg,26,1,3,0.0004524641844909638,0.00028971166466362774,0.00020727296941913664,0.50226229429245,0.5014485716819763,0.5010363459587097,0.0,0.0,0.0
query,150,0026_s003_v3_008.jpg,26,3,3,0.0004524641844909638,0.0002897116937674582,0.00020727292576339096,0.50226229429245,0.5014485716819763,0.5010363459587097,0.0,0.0,0.0
query,151,0026_s003_v5_009.jpg,26,5,3,0.0004524641844909638,0.0002897116937674582,0.00020727270748466253,0.50226229429245,0.5014485716819763,0.5010363459587097,0.0,0.0,0.0
query,152,0026_s005_v1_022.jpg,26,1,5,0.0004524641844909638,0.00028971172287128866,0.00020727296941913664,0.50226229429245,0.5014485716819763,0.5010363459587097,0.0,0.0,0.0
query,153,0026_s005_v3_023.jpg,26,3,5,0.0004524641844909638,0.0002897116937674582,0.00020727286755573004,0.50226229429245,0.5014485716819763,0.5010363459587097,0.0,0.0,0.0
query,154,0026_s014_v1_002.jpg,26,1,14,0.0004524641844909638,0.0002897116937674582,0.00020727331866510212,0.50226229429245,0.5014485716819763,0.5010363459587097,0.0,0.0,0.0
query,155,0026_s014_v4_003.jpg,26,4,14,0.0004524641844909638,0.0002897116937674582,0.00020727308583445847,0.50226229429245,0.5014485716819763,0.5010363459587097,0.0,0.0,0.0
query,156,0026_s020_v4_004.jpg,26,4,20,0.0004524641844909638,0.0002897116937674582,0.00020727324590552598,0.50226229429245,0.5014485716819763,0.5010363459587097,0.0,0.0,0.0
query,157,0026_s020_v5_005.jpg,26,5,20,0.0004524641844909638,0.0002897116937674582,0.00020727304217871279,0.50226229429245,0.5014485716819763,0.5010363459587097,0.0,0.0,0.0
query,158,0026_s020_v7_006.jpg,26,7,20,0.0004524641844909638,0.0002897116937674582,0.00020727317314594984,0.50226229429245,0.5014485716819763,0.5010363459587097,0.0,0.0,0.0
query,159,0026_s025_v0_010.jpg,26,0,25,0.00045246415538713336,0.0002897117519751191,0.0002072726929327473,0.50226229429245,0.5014485716819763,0.5010363459587097,0.0,0.0,0.0
query,160,0026_s025_v1_011.jpg,26,1,25,0.0004524641844909638,0.00028971172287128866,0.00020727262017317116,0.50226229429245,0.5014485716819763,0.5010363459587097,0.0,0.0,0.0
query,161,0026_s025_v4_012.jpg,26,4,25,0.0004524641844909638,0.00028971172287128866,0.0002072726929327473,0.50226229429245,0.5014485716819763,0.5010363459587097,0.0,0.0,0.0
query,162,0026_s025_v5_013.jpg,26,5,25,0.00045246415538713336,0.0002897117519751191,0.00020727254741359502,0.50226229429245,0.5014485716819763,0.5010363459587097,0.0,0.0,0.0
query,163,0026_s025_v6_014.jpg,26,6,25,0.00045246415538713336,0.00028971178107894957,0.00020727266382891685,0.50226229429245,0.5014485716819763,0.5010363459587097,0.0,0.0,0.0
query,164,0026_s025_v7_015.jpg,26,7,25,0.00045246415538713336,0.0002897117519751191,0.0002072726929327473,0.50226229429245,0.5014485716819763,0.5010363459587097,0.0,0.0,0.0
query,165,0026_s027_v1_016.jpg,26,1,27,0.00045246415538713336,0.00028971178107894957,0.00020727205264847726,0.50226229429245,0.5014485716819763,0.5010363459587097,0.0,0.0,0.0
query,166,0026_s027_v3_017.jpg,26,3,27,0.0004524641844909638,0.00028971172287128866,0.00020727260562125593,0.50226229429245,0.5014485716819763,0.5010363459587097,0.0,0.0,0.0
query,167,0026_s027_v4_018.jpg,26,4,27,0.0004524641844909638,0.00028971172287128866,0.00020727247465401888,0.50226229429245,0.5014485716819763,0.5010363459587097,0.0,0.0,0.0
query,168,0026_s027_v5_019.jpg,26,5,27,0.00045246415538713336,0.00028971178107894957,0.00020727224182337523,0.50226229429245,0.5014485716819763,0.5010363459587097,0.0,0.0,0.0
query,169,0026_s027_v6_020.jpg,26,6,27,0.00045246415538713336,0.00028971181018278003,0.00020727222727146,0.50226229429245,0.5014485716819763,0.5010363459587097,0.0,0.0,0.0
query,170,0026_s027_v7_021.jpg,26,7,27,0.00045246415538713336,0.00028971178107894957,0.00020727221271954477,0.50226229429245,0.5014485716819763,0.5010363459587097,0.0,0.0,0.0
query,171,0030_s004_v5_002.jpg,30,5,4,0.0004524642135947943,0.0002897115773521364,0.00020727359515149146,0.50226229429245,0.5014485716819763,0.5010363459587097,0.0,0.0,0.0
query,172,0030_s004_v7_003.jpg,30,7,4,0.0004524642135947943,0.0002897115773521364,0.00020727349328808486,0.50226229429245,0.5014485716819763,0.5010363459587097,0.0,0.0,0.0
query,173,0030_s005_v5_004.jpg,30,5,5,0.0004524642135947943,0.0002897115773521364,0.0002072736097034067,0.50226229429245,0.5014485716819763,0.5010363459587097,0.0,0.0,0.0
query,174,0030_s005_v7_005.jpg,30,7,5,0.0004524642135947943,0.0002897115773521364,0.0002072737115668133,0.50226229429245,0.5014485716819763,0.5010363459587097,0.0,0.0,0.0
query,175,0030_s018_v0_000.jpg,30,0,18,0.0004524641844909638,0.00028971166466362774,0.00020727321680169553,0.50226229429245,0.5014485716819763,0.5010363459587097,0.0,0.0,0.0
query,176,0030_s018_v3_001.jpg,30,3,18,0.0004524642135947943,0.00028971160645596683,0.00020727349328808486,0.50226229429245,0.5014485716819763,0.5010363459587097,0.0,0.0,0.0
query,177,0034_s004_v1_006.jpg,34,1,4,0.0004524641844909638,0.00028971166466362774,0.00020727328956127167,0.50226229429245,0.5014485716819763,0.5010363459587097,0.0,0.0,0.0
query,178,0034_s004_v3_007.jpg,34,3,4,0.0004524641844909638,0.0002897116355597973,0.0002072734641842544,0.50226229429245,0.5014485716819763,0.5010363459587097,0.0,0.0,0.0
query,179,0034_s005_v1_008.jpg,34,1,5,0.0004524641844909638,0.0002897116355597973,0.00020727358059957623,0.50226229429245,0.5014485716819763,0.5010363459587097,0.0,0.0,0.0
query,180,0034_s005_v3_009.jpg,34,3,5,0.0004524642135947943,0.0002897116355597973,0.00020727352239191532,0.50226229429245,0.5014485716819763,0.5010363459587097,0.0,0.0,0.0
query,181,0034_s005_v7_010.jpg,34,7,5,0.0004524641844909638,0.0002897116937674582,0.00020727296941913664,0.50226229429245,0.5014485716819763,0.5010363459587097,0.0,0.0,0.0
query,182,0034_s009_v1_011.jpg,34,1,9,0.0004524642135947943,0.00028971160645596683,0.00020727420633193105,0.50226229429245,0.5014485716819763,0.5010363459587097,0.0,0.0,0.0
query,183,0034_s009_v3_012.jpg,34,3,9,0.0004524641844909638,0.0002897116355597973,0.0002072733041131869,0.50226229429245,0.5014485716819763,0.5010363459587097,0.0,0.0,0.0
query,184,0034_s014_v1_000.jpg,34,1,14,0.0004524641844909638,0.0002897116937674582,0.00020727291121147573,0.50226229429245,0.5014485716819763,0.5010363459587097,0.0,0.0,0.0
query,185,0034_s014_v3_001.jpg,34,3,14,0.0004524641844909638,0.0002897116937674582,0.00020727292576339096,0.50226229429245,0.5014485716819763,0.5010363459587097,0.0,0.0,0.0
query,186,0034_s014_v4_002.jpg,34,4,14,0.0004524641844909638,0.0002897116355597973,0.0002072736097034067,0.50226229429245,0.5014485716819763,0.5010363459587097,0.0,0.0,0.0
query,187,0034_s018_v1_003.jpg,34,1,18,0.0004524641844909638,0.00028971166466362774,0.0002072736679110676,0.50226229429245,0.5014485716819763,0.5010363459587097,0.0,0.0,0.0
query,188,0034_s018_v3_004.jpg,34,3,18,0.0004524641844909638,0.00028971166466362774,0.00020727301307488233,0.50226229429245,0.5014485716819763,0.5010363459587097,0.0,0.0,0.0
query,189,0034_s018_v5_005.jpg,34,5,18,0.0004524641844909638,0.0002897116937674582,0.00020727298397105187,0.50226229429245,0.5014485716819763,0.5010363459587097,0.0,0.0,0.0
query,190,0036_s000_v0_011.jpg,36,0,0,0.0004524642135947943,0.0002897116355597973,0.00020727375522255898,0.50226229429245,0.5014485716819763,0.5010363459587097,0.0,0.0,0.0
query,191,0036_s000_v1_015.jpg,36,1,0,0.0004524641844909638,0.00028971166466362774,0.00020727344963233918,0.50226229429245,0.5014485716819763,0.5010363459587097,0.0,0.0,0.0
query,192,0036_s000_v2_013.jpg,36,2,0,0.0004524641844909638,0.0002897116355597973,0.00020727282389998436,0.50226229429245,0.5014485716819763,0.5010363459587097,0.0,0.0,0.0
query,193,0036_s000_v3_016.jpg,36,3,0,0.0004524641844909638,0.0002897116355597973,0.00020727344963233918,0.50226229429245,0.5014485716819763,0.5010363459587097,0.0,0.0,0.0
query,194,0036_s000_v4_012.jpg,36,4,0,0.0004524641844909638,0.00028971166466362774,0.00020727368246298283,0.50226229429245,0.5014485716819763,0.5010363459587097,0.0,0.0,0.0
query,195,0036_s000_v5_017.jpg,36,5,0,0.0004524642135947943,0.0002897116355597973,0.00020727374067064375,0.50226229429245,0.5014485716819763,0.5010363459587097,0.0,0.0,0.0
query,196,0036_s000_v6_014.jpg,36,6,0,0.00045246415538713336,0.00028971178107894957,0.00020727244555018842,0.50226229429245,0.5014485716819763,0.5010363459587097,0.0,0.0,0.0
query,197,0036_s004_v1_003.jpg,36,1,4,0.00045246415538713336,0.0002897117519751191,0.00020727189257740974,0.50226229429245,0.5014485716819763,0.5010363459587097,0.0,0.0,0.0
query,198,0036_s004_v3_004.jpg,36,3,4,0.0004524641844909638,0.0002897116937674582,0.00020727257651742548,0.50226229429245,0.5014485716819763,0.5010363459587097,0.0,0.0,0.0
query,199,0036_s007_v6_005.jpg,36,6,7,0.00045246415538713336,0.00028971172287128866,0.00020727224182337523,0.50226229429245,0.5014485716819763,0.5010363459587097,0.0,0.0,0.0
query,200,0036_s008_v1_006.jpg,36,1,8,0.0004524641844909638,0.00028971172287128866,0.0002072724892059341,0.50226229429245,0.5014485716819763,0.5010363459587097,0.0,0.0,0.0
query,201,0036_s008_v7_007.jpg,36,7,8,0.00045246415538713336,0.0002897117519751191,0.0002072725910693407,0.50226229429245,0.5014485716819763,0.5010363459587097,0.0,0.0,0.0
query,202,0036_s009_v1_008.jpg,36,1,9,0.0004524641844909638,0.00028971172287128866,0.00020727231458295137,0.50226229429245,0.5014485716819763,0.5010363459587097,0.0,0.0,0.0
query,203,0036_s009_v4_009.jpg,36,4,9,0.0004524641844909638,0.00028971172287128866,0.00020727266382891685,0.50226229429245,0.5014485716819763,0.5010363459587097,0.0,0.0,0.0
query,204,0036_s009_v7_010.jpg,36,7,9,0.00045246415538713336,0.00028971178107894957,0.00020727215451188385,0.50226229429245,0.5014485716819763,0.5010363459587097,0.0,0.0,0.0
query,205,0036_s012_v1_000.jpg,36,1,12,0.0004524641844909638,0.00028971172287128866,0.00020727288210764527,0.50226229429245,0.5014485716819763,0.5010363459587097,0.0,0.0,0.0
query,206,0036_s012_v4_001.jpg,36,4,12,0.0004524641844909638,0.00028971172287128866,0.00020727262017317116,0.50226229429245,0.5014485716819763,0.5010363459587097,0.0,0.0,0.0
query,207,0036_s012_v7_002.jpg,36,7,12,0.00045246415538713336,0.0002897117519751191,0.00020727251830976456,0.50226229429245,0.5014485716819763,0.5010363459587097,0.0,0.0,0.0
query,208,0045_s005_v1_000.jpg,45,1,5,0.0004524641844909638,0.0002897116355597973,0.00020727312949020416,0.50226229429245,0.5014485716819763,0.5010363459587097,0.0,0.0,0.0
query,209,0045_s005_v3_001.jpg,45,3,5,0.0004524641844909638,0.0002897116355597973,0.00020727349328808486,0.50226229429245,0.5014485716819763,0.5010363459587097,0.0,0.0,0.0
query,210,0045_s005_v7_002.jpg,45,7,5,0.0004524641844909638,0.0002897116355597973,0.000207273566047661,0.50226229429245,0.5014485716819763,0.5010363459587097,0.0,0.0,0.0
query,211,0045_s009_v1_003.jpg,45,1,9,0.0004524642135947943,0.00028971160645596683,0.00020727365335915238,0.50226229429245,0.5014485716819763,0.5010363459587097,0.0,0.0,0.0
query,212,0045_s009_v3_004.jpg,45,3,9,0.0004524642135947943,0.00028971160645596683,0.00020727347873616964,0.50226229429245,0.5014485716819763,0.5010363459587097,0.0,0.0,0.0
query,213,0045_s009_v5_005.jpg,45,5,9,0.0004524641844909638,0.0002897116355597973,0.00020727328956127167,0.50226229429245,0.5014485716819763,0.5010363459587097,0.0,0.0,0.0
query,214,0047_s005_v1_003.jpg,47,1,5,0.0004524641844909638,0.00028971172287128866,0.00020727298397105187,0.50226229429245,0.5014485716819763,0.5010363459587097,0.0,0.0,0.0
query,215,0047_s005_v2_004.jpg,47,2,5,0.0004524641844909638,0.0002897116937674582,0.00020727323135361075,0.50226229429245,0.5014485716819763,0.5010363459587097,0.0,0.0,0.0
query,216,0047_s009_v1_005.jpg,47,1,9,0.0004524641844909638,0.00028971166466362774,0.0002072738134302199,0.50226229429245,0.5014485716819763,0.5010363459587097,0.0,0.0,0.0
query,217,0047_s009_v4_006.jpg,47,4,9,0.0004524641844909638,0.0002897116937674582,0.0002072732022497803,0.50226229429245,0.5014485716819763,0.5010363459587097,0.0,0.0,0.0
query,218,0047_s009_v7_007.jpg,47,7,9,0.0004524641844909638,0.00028971172287128866,0.00020727288210764527,0.50226229429245,0.5014485716819763,0.5010363459587097,0.0,0.0,0.0
query,219,0047_s018_v0_000.jpg,47,0,18,0.0004524641844909638,0.0002897116937674582,0.0002072732604574412,0.50226229429245,0.5014485716819763,0.5010363459587097,0.0,0.0,0.0
query,220,0047_s018_v1_001.jpg,47,1,18,0.0004524641844909638,0.00028971172287128866,0.0002072726347250864,0.50226229429245,0.5014485716819763,0.5010363459587097,0.0,0.0,0.0
query,221,0047_s018_v7_002.jpg,47,7,18,0.0004524641844909638,0.00028971166466362774,0.00020727342052850872,0.50226229429245,0.5014485716819763,0.5010363459587097,0.0,0.0,0.0
query,222,0059_s007_v2_015.jpg,59,2,7,0.0004524641844909638,0.0002897116937674582,0.00020727246010210365,0.50226229429245,0.5014485716819763,0.5010363459587097,0.0,0.0,0.0
query,223,0059_s007_v7_016.jpg,59,7,7,0.0004524641844909638,0.0002897116937674582,0.00020727262017317116,0.50226229429245,0.5014485716819763,0.5010363459587097,0.0,0.0,0.0
query,224,0059_s011_v1_017.jpg,59,1,11,0.0004524641844909638,0.0002897116937674582,0.00020727280934806913,0.50226229429245,0.5014485716819763,0.5010363459587097,0.0,0.0,0.0
query,225,0059_s011_v5_018.jpg,59,5,11,0.0004524641844909638,0.0002897116937674582,0.00020727298397105187,0.50226229429245,0.5014485716819763,0.5010363459587097,0.0,0.0,0.0
query,226,0059_s011_v7_019.jpg,59,7,11,0.0004524641844909638,0.0002897116937674582,0.0002072727947961539,0.50226229429245,0.5014485716819763,0.5010363459587097,0.0,0.0,0.0
query,227,0059_s015_v1_000.jpg,59,1,15,0.0004524641844909638,0.0002897116355597973,0.00020727337687276304,0.50226229429245,0.5014485716819763,0.5010363459587097,0.0,0.0,0.0
query,228,0059_s015_v2_001.jpg,59,2,15,0.0004524641844909638,0.00028971166466362774,0.00020727298397105187,0.50226229429245,0.5014485716819763,0.5010363459587097,0.0,0.0,0.0
query,229,0059_s015_v6_002.jpg,59,6,15,0.0004524641844909638,0.00028971166466362774,0.0002072729403153062,0.50226229429245,0.5014485716819763,0.5010363459587097,0.0,0.0,0.0
query,230,0059_s016_v0_003.jpg,59,0,16,0.0004524641844909638,0.00028971166466362774,0.0002072727947961539,0.50226229429245,0.5014485716819763,0.5010363459587097,0.0,0.0,0.0
query,231,0059_s016_v7_004.jpg,59,7,16,0.0004524641844909638,0.00028971166466362774,0.0002072728966595605,0.50226229429245,0.5014485716819763,0.5010363459587097,0.0,0.0,0.0
query,232,0059_s021_v1_005.jpg,59,1,21,0.0004524641844909638,0.00028971166466362774,0.00020727301307488233,0.50226229429245,0.5014485716819763,0.5010363459587097,0.0,0.0,0.0
query,233,0059_s021_v2_006.jpg,59,2,21,0.00045246415538713336,0.0002897117519751191,0.00020727276569232345,0.50226229429245,0.5014485716819763,0.5010363459587097,0.0,0.0,0.0
query,234,0059_s021_v3_007.jpg,59,3,21,0.0004524641844909638,0.00028971172287128866,0.0002072725910693407,0.50226229429245,0.5014485716819763,0.5010363459587097,0.0,0.0,0.0
query,235,0059_s021_v7_008.jpg,59,7,21,0.0004524641844909638,0.0002897116937674582,0.00020727278024423867,0.50226229429245,0.5014485716819763,0.5010363459587097,0.0,0.0,0.0
query,236,0059_s028_v0_009.jpg,59,0,28,0.0004524641844909638,0.0002897116937674582,0.0002072727947961539,0.50226229429245,0.5014485716819763,0.5010363459587097,0.0,0.0,0.0
query,237,0059_s028_v1_010.jpg,59,1,28,0.0004524641844909638,0.0002897116937674582,0.00020727270748466253,0.50226229429245,0.5014485716819763,0.5010363459587097,0.0,0.0,0.0
query,238,0059_s028_v2_011.jpg,59,2,28,0.0004524641844909638,0.00028971172287128866,0.00020727267838083208,0.50226229429245,0.5014485716819763,0.5010363459587097,0.0,0.0,0.0
query,239,0059_s028_v5_012.jpg,59,5,28,0.0004524641844909638,0.00028971172287128866,0.00020727256196551025,0.50226229429245,0.5014485716819763,0.5010363459587097,0.0,0.0,0.0
query,240,0059_s028_v6_013.jpg,59,6,28,0.0004524641844909638,0.00028971172287128866,0.00020727247465401888,0.50226229429245,0.5014485716819763,0.5010363459587097,0.0,0.0,0.0
query,241,0059_s028_v7_014.jpg,59,7,28,0.0004524641844909638,0.00028971172287128866,0.00020727275114040822,0.50226229429245,0.5014485716819763,0.5010363459587097,0.0,0.0,0.0
query,242,0063_s007_v0_007.jpg,63,0,7,0.0004524641844909638,0.0002897116937674582,0.00020727256196551025,0.50226229429245,0.5014485716819763,0.5010363459587097,0.0,0.0,0.0
query,243,0063_s007_v2_008.jpg,63,2,7,0.00045246415538713336,0.00028971172287128866,0.00020727246010210365,0.50226229429245,0.5014485716819763,0.5010363459587097,0.0,0.0,0.0
query,244,0063_s007_v3_009.jpg,63,3,7,0.00045246415538713336,0.00028971172287128866,0.0002072724892059341,0.50226229429245,0.5014485716819763,0.5010363459587097,0.0,0.0,0.0
query,245,0063_s025_v0_000.jpg,63,0,25,0.0004524641844909638,0.00028971172287128866,0.00020727254741359502,0.50226229429245,0.5014485716819763,0.5010363459587097,0.0,0.0,0.0
query,246,0063_s025_v1_001.jpg,63,1,25,0.00045246415538713336,0.0002897117519751191,0.0002072722854791209,0.50226229429245,0.5014485716819763,0.5010363459587097,0.0,0.0,0.0
query,247,0063_s025_v3_002.jpg,63,3,25,0.00045246415538713336,0.0002897117519751191,0.00020727254741359502,0.50226229429245,0.5014485716819763,0.5010363459587097,0.0,0.0,0.0
query,248,0063_s025_v4_003.jpg,63,4,25,0.0004524641844909638,0.0002897116937674582,0.00020727280934806913,0.50226229429245,0.5014485716819763,0.5010363459587097,0.0,0.0,0.0
query,249,0063_s025_v5_004.jpg,63,5,25,0.00045246415538713336,0.0002897117519751191,0.00020727227092720568,0.50226229429245,0.5014485716819763,0.5010363459587097,0.0,0.0,0.0
query,250,0063_s025_v6_005.jpg,63,6,25,0.0004524641844909638,0.00028971172287128866,0.00020727254741359502,0.50226229429245,0.5014485716819763,0.5010363459587097,0.0,0.0,0.0
query,251,0063_s025_v7_006.jpg,63,7,25,0.00045246415538713336,0.0002897117519751191,0.00020727237279061228,0.50226229429245,0.5014485716819763,0.5010363459587097,0.0,0.0,0.0
query,252,0069_s008_v2_003.jpg,69,2,8,0.0004524642135947943,0.00028971160645596683,0.00020727375522255898,0.50226229429245,0.5014485716819763,0.5010363459587097,0.0,0.0,0.0
query,253,0069_s008_v4_004.jpg,69,4,8,0.0004524641844909638,0.0002897116937674582,0.00020727308583445847,0.50226229429245,0.5014485716819763,0.5010363459587097,0.0,0.0,0.0
query,254,0069_s008_v7_005.jpg,69,7,8,0.0004524641844909638,0.0002897116355597973,0.00020727328956127167,0.50226229429245,0.5014485716819763,0.5010363459587097,0.0,0.0,0.0
query,255,0069_s012_v1_000.jpg,69,1,12,0.0004524642135947943,0.00028971160645596683,0.0002072738134302199,0.50226229429245,0.5014485716819763,0.5010363459587097,0.0,0.0,0.0
query,256,0069_s012_v5_001.jpg,69,5,12,0.0004524641844909638,0.00028971166466362774,0.00020727339142467827,0.50226229429245,0.5014485716819763,0.5010363459587097,0.0,0.0,0.0
query,257,0069_s012_v7_002.jpg,69,7,12,0.0004524641844909638,0.0002897116355597973,0.00020727342052850872,0.50226229429245,0.5014485716819763,0.5010363459587097,0.0,0.0,0.0
query,258,0075_s009_v3_016.jpg,75,3,9,0.0004524641844909638,0.00028971160645596683,0.00020727312949020416,0.50226229429245,0.5014485716819763,0.5010363459587097,0.0,0.0,0.0
query,259,0075_s009_v5_017.jpg,75,5,9,0.0004524642135947943,0.00028971160645596683,0.0002072732604574412,0.50226229429245,0.5014485716819763,0.5010363459587097,0.0,0.0,0.0
query,260,0075_s009_v7_018.jpg,75,7,9,0.0004524642135947943,0.0002897115482483059,0.00020727384253405035,0.50226229429245,0.5014485716819763,0.5010363459587097,0.0,0.0,0.0
query,261,0075_s012_v1_000.jpg,75,1,12,0.0004524642135947943,0.0002897115773521364,0.00020727324590552598,0.50226229429245,0.5014485716819763,0.5010363459587097,0.0,0.0,0.0
query,262,0075_s012_v3_001.jpg,75,3,12,0.0004524641844909638,0.00028971160645596683,0.00020727311493828893,0.50226229429245,0.5014485716819763,0.5010363459587097,0.0,0.0,0.0
query,263,0075_s012_v4_002.jpg,75,4,12,0.0004524642135947943,0.00028971160645596683,0.00020727324590552598,0.50226229429245,0.5014485716819763,0.5010363459587097,0.0,0.0,0.0
query,264,0075_s019_v0_003.jpg,75,0,19,0.0004524641844909638,0.00028971166466362774,0.00020727347873616964,0.50226229429245,0.5014485716819763,0.5010363459587097,0.0,0.0,0.0
query,265,0075_s019_v3_004.jpg,75,3,19,0.0004524641844909638,0.00028971166466362774,0.00020727298397105187,0.50226229429245,0.5014485716819763,0.5010363459587097,0.0,0.0,0.0
query,266,0075_s019_v5_005.jpg,75,5,19,0.0004524641844909638,0.00028971160645596683,0.00020727333321701735,0.50226229429245,0.5014485716819763,0.5010363459587097,0.0,0.0,0.0
query,267,0075_s021_v1_006.jpg,75,1,21,0.0004524642135947943,0.0002897115773521364,0.00020727372611872852,0.50226229429245,0.5014485716819763,0.5010363459587097,0.0,0.0,0.0
query,268,0075_s021_v5_007.jpg,75,5,21,0.0004524641844909638,0.0002897116355597973,0.00020727305673062801,0.50226229429245,0.5014485716819763,0.5010363459587097,0.0,0.0,0.0
query,269,0075_s021_v6_008.jpg,75,6,21,0.0004524641844909638,0.0002897116937674582,0.0002072726347250864,0.50226229429245,0.5014485716819763,0.5010363459587097,0.0,0.0,0.0
query,270,0075_s021_v7_009.jpg,75,7,21,0.0004524642135947943,0.00028971160645596683,0.00020727349328808486,0.50226229429245,0.5014485716819763,0.5010363459587097,0.0,0.0,0.0
query,271,0075_s029_v0_010.jpg,75,0,29,0.0004524641844909638,0.0002897116937674582,0.0002072728966595605,0.50226229429245,0.5014485716819763,0.5010363459587097,0.0,0.0,0.0
query,272,0075_s029_v1_011.jpg,75,1,29,0.0004524642135947943,0.0002897116355597973,0.0002072733623208478,0.50226229429245,0.5014485716819763,0.5010363459587097,0.0,0.0,0.0
query,273,0075_s029_v2_012.jpg,75,2,29,0.0004524641844909638,0.0002897116355597973,0.00020727349328808486,0.50226229429245,0.5014485716819763,0.5010363459587097,0.0,0.0,0.0
query,274,0075_s029_v3_013.jpg,75,3,29,0.0004524641844909638,0.00028971166466362774,0.00020727256196551025,0.50226229429245,0.5014485716819763,0.5010363459587097,0.0,0.0,0.0
query,275,0075_s029_v5_014.jpg,75,5,29,0.0004524641844909638,0.0002897116355597973,0.00020727317314594984,0.50226229429245,0.5014485716819763,0.5010363459587097,0.0,0.0,0.0
query,276,0075_s029_v6_015.jpg,75,6,29,0.0004524642135947943,0.00028971160645596683,0.00020727344963233918,0.50226229429245,0.5014485716819763,0.5010363459587097,0.0,0.0,0.0
query,277,0079_s010_v1_006.jpg,79,1,10,0.0004524641844909638,0.0002897116355597973,0.00020727334776893258,0.50226229429245,0.5014485716819763,0.5010363459587097,0.0,0.0,0.0
query,278,0079_s010_v3_007.jpg,79,3,10,0.0004524641844909638,0.0002897116355597973,0.00020727305673062801,0.50226229429245,0.5014485716819763,0.5010363459587097,0.0,0.0,0.0
query,279,0079_s013_v1_000.jpg,79,1,13,0.0004524641844909638,0.00028971166466362774,0.00020727298397105187,0.50226229429245,0.5014485716819763,0.5010363459587097,0.0,0.0,0.0
query,280,0079_s013_v3_001.jpg,79,3,13,0.0004524641844909638,0.00028971166466362774,0.00020727302762679756,0.50226229429245,0.5014485716819763,0.5010363459587097,0.0,0.0,0.0
query,281,0079_s022_v1_002.jpg,79,1,22,0.0004524641844909638,0.00028971166466362774,0.00020727304217871279,0.50226229429245,0.5014485716819763,0.5010363459587097,0.0,0.0,0.0
query,282,0079_s022_v3_003.jpg,79,3,22,0.0004524641844909638,0.0002897116355597973,0.00020727305673062801,0.50226229429245,0.5014485716819763,0.5010363459587097,0.0,0.0,0.0
query,283,0079_s022_v4_004.jpg,79,4,22,0.0004524641844909638,0.00028971166466362774,0.00020727334776893258,0.50226229429245,0.5014485716819763,0.5010363459587097,0.0,0.0,0.0
query,284,0079_s022_v5_005.jpg,79,5,22,0.0004524641844909638,0.0002897116355597973,0.00020727334776893258,0.50226229429245,0.5014485716819763,0.5010363459587097,0.0,0.0,0.0
query,285,0088_s010_v1_007.jpg,88,1,10,0.0004524641844909638,0.00028971166466362774,0.0002072727947961539,0.50226229429245,0.5014485716819763,0.5010363459587097,0.0,0.0,0.0
query,286,0088_s010_v3_008.jpg,88,3,10,0.0004524641844909638,0.00028971166466362774,0.00020727298397105187,0.50226229429245,0.5014485716819763,0.5010363459587097,0.0,0.0,0.0
query,287,0088_s010_v7_009.jpg,88,7,10,0.00045246415538713336,0.00028971172287128866,0.0002072723873425275,0.50226229429245,0.5014485716819763,0.5010363459587097,0.0,0.0,0.0
query,288,0088_s013_v2_000.jpg,88,2,13,0.0004524641844909638,0.00028971166466362774,0.00020727254741359502,0.50226229429245,0.5014485716819763,0.5010363459587097,0.0,0.0,0.0
query,289,0088_s013_v4_001.jpg,88,4,13,0.00045246415538713336,0.0002897117519751191,0.00020727237279061228,0.50226229429245,0.5014485716819763,0.5010363459587097,0.0,0.0,0.0
query,290,0088_s013_v7_002.jpg,88,7,13,0.00045246415538713336,0.0002897117519751191,0.00020727227092720568,0.50226229429245,0.5014485716819763,0.5010363459587097,0.0,0.0,0.0
query,291,0088_s015_v1_003.jpg,88,1,15,0.00045246415538713336,0.00028971178107894957,0.0002072721836157143,0.50226229429245,0.5014485716819763,0.5010363459587097,0.0,0.0,0.0
query,292,0088_s015_v7_004.jpg,88,7,15,0.00045246415538713336,0.0002897117519751191,0.00020727221271954477,0.50226229429245,0.5014485716819763,0.5010363459587097,0.0,0.0,0.0
query,293,0088_s022_v1_005.jpg,88,1,22,0.0004524641844909638,0.0002897116937674582,0.00020727251830976456,0.50226229429245,0.5014485716819763,0.5010363459587097,0.0,0.0,0.0
query,294,0088_s022_v7_006.jpg,88,7,22,0.0004524641844909638,0.00028971172287128866,0.00020727256196551025,0.50226229429245,0.5014485716819763,0.5010363459587097,0.0,0.0,0.0
query,295,0090_s000_v0_003.jpg,90,0,0,0.0004524641844909638,0.0002897117519751191,0.0002072728384518996,0.50226229429245,0.5014485716819763,0.5010363459587097,0.0,0.0,0.0
query,296,0090_s000_v1_007.jpg,90,1,0,0.0004524641844909638,0.00028971172287128866,0.00020727295486722142,0.50226229429245,0.5014485716819763,0.5010363459587097,0.0,0.0,0.0
query,297,0090_s000_v2_005.jpg,90,2,0,0.0004524641844909638,0.00028971172287128866,0.000207272736588493,0.50226229429245,0.5014485716819763,0.5010363459587097,0.0,0.0,0.0
query,298,0090_s000_v3_008.jpg,90,3,0,0.0004524641844909638,0.00028971166466362774,0.0002072732604574412,0.50226229429245,0.5014485716819763,0.5010363459587097,0.0,0.0,0.0
query,299,0090_s000_v4_004.jpg,90,4,0,0.0004524641844909638,0.00028971166466362774,0.00020727292576339096,0.50226229429245,0.5014485716819763,0.5010363459587097,0.0,0.0,0.0
query,300,0090_s000_v5_009.jpg,90,5,0,0.0004524641844909638,0.00028971166466362774,0.00020727333321701735,0.50226229429245,0.5014485716819763,0.5010363459587097,0.0,0.0,0.0
query,301,0090_s000_v6_006.jpg,90,6,0,0.0004524641844909638,0.0002897116937674582,0.00020727266382891685,0.50226229429245,0.5014485716819763,0.5010363459587097,0.0,0.0,0.0
query,302,0090_s000_v7_010.jpg,90,7,0,0.0004524641844909638,0.0002897117519751191,0.0002072728966595605,0.50226229429245,0.5014485716819763,0.5010363459587097,0.0,0.0,0.0
query,303,0090_s010_v1_000.jpg,90,1,10,0.00045246415538713336,0.0002897117519751191,0.0002072722854791209,0.50226229429245,0.5014485716819763,0.5010363459587097,0.0,0.0,0.0
query,304,0090_s010_v3_001.jpg,90,3,10,0.0004524641844909638,0.00028971172287128866,0.00020727288210764527,0.50226229429245,0.5014485716819763,0.5010363459587097,0.0,0.0,0.0
query,305,0090_s010_v5_002.jpg,90,5,10,0.0004524641844909638,0.0002897117519751191,0.0002072726347250864,0.50226229429245,0.5014485716819763,0.5010363459587097,0.0,0.0,0.0
query,306,0092_s010_v1_004.jpg,92,1,10,0.0004524642135947943,0.0002897115773521364,0.00020727334776893258,0.50226229429245,0.5014485716819763,0.5010363459587097,0.0,0.0,0.0
query,307,0092_s010_v4_005.jpg,92,4,10,0.0004524641844909638,0.0002897116355597973,0.00020727375522255898,0.50226229429245,0.5014485716819763,0.5010363459587097,0.0,0.0,0.0
query,308,0092_s010_v7_006.jpg,92,7,10,0.0004524642135947943,0.0002897115773521364,0.00020727374067064375,0.50226229429245,0.5014485716819763,0.5010363459587097,0.0,0.0,0.0
query,309,0092_s022_v0_000.jpg,92,0,22,0.0004524642135947943,0.0002897115773521364,0.00020727363880723715,0.50226229429245,0.5014485716819763,0.5010363459587097,0.0,0.0,0.0
query,310,0092_s022_v1_001.jpg,92,1,22,0.0004524642135947943,0.00028971160645596683,0.00020727349328808486,0.50226229429245,0.5014485716819763,0.5010363459587097,0.0,0.0,0.0
query,311,0092_s022_v3_002.jpg,92,3,22,0.0004524642135947943,0.00028971160645596683,0.0002072734059765935,0.50226229429245,0.5014485716819763,0.5010363459587097,0.0,0.0,0.0
query,312,0092_s022_v7_003.jpg,92,7,22,0.0004524641844909638,0.0002897116355597973,0.00020727327500935644,0.50226229429245,0.5014485716819763,0.5010363459587097,0.0,0.0,0.0
query,313,0094_s011_v0_020.jpg,94,0,11,0.0004524641844909638,0.0002897116355597973,0.0002072731585940346,0.50226229429245,0.5014485716819763,0.5010363459587097,0.0,0.0,0.0
query,314,0094_s011_v3_021.jpg,94,3,11,0.0004524642135947943,0.00028971160645596683,0.0002072732604574412,0.50226229429245,0.5014485716819763,0.5010363459587097,0.0,0.0,0.0
query,315,0094_s013_v4_000.jpg,94,4,13,0.0004524641844909638,0.00028971166466362774,0.00020727285300381482,0.50226229429245,0.5014485716819763,0.5010363459587097,0.0,0.0,0.0
query,316,0094_s013_v7_001.jpg,94,7,13,0.0004524641844909638,0.0002897116355597973,0.0002072729985229671,0.50226229429245,0.5014485716819763,0.5010363459587097,0.0,0.0,0.0
query,317,0094_s015_v4_002.jpg,94,4,15,0.0004524641844909638,0.00028971166466362774,0.00020727272203657776,0.50226229429245,0.5014485716819763,0.5010363459587097,0.0,0.0,0.0
query,318,0094_s015_v7_003.jpg,94,7,15,0.0004524641844909638,0.00028971160645596683,0.00020727328956127167,0.50226229429245,0.5014485716819763,0.5010363459587097,0.0,0.0,0.0
query,319,0094_s016_v1_004.jpg,94,1,16,0.0004524641844909638,0.0002897116355597973,0.00020727312949020416,0.50226229429245,0.5014485716819763,0.5010363459587097,0.0,0.0,0.0
query,320,0094_s016_v7_005.jpg,94,7,16,0.0004524641844909638,0.00028971166466362774,0.00020727304217871279,0.50226229429245,0.5014485716819763,0.5010363459587097,0.0,0.0,0.0
query,321,0094_s023_v0_006.jpg,94,0,23,0.0004524641844909638,0.00028971166466362774,0.00020727272203657776,0.50226229429245,0.5014485716819763,0.5010363459587097,0.0,0.0,0.0
query,322,0094_s023_v1_007.jpg,94,1,23,0.0004524641844909638,0.00028971166466362774,0.00020727298397105187,0.50226229429245,0.5014485716819763,0.5010363459587097,0.0,0.0,0.0
query,323,0094_s023_v2_008.jpg,94,2,23,0.0004524641844909638,0.0002897116355597973,0.00020727343508042395,0.50226229429245,0.5014485716819763,0.5010363459587097,0.0,0.0,0.0
query,324,0094_s023_v6_009.jpg,94,6,23,0.0004524641844909638,0.0002897116355597973,0.00020727323135361075,0.50226229429245,0.5014485716819763,0.5010363459587097,0.0,0.0,0.0
query,325,0094_s023_v6_010.jpg,94,6,23,0.0004524642135947943,0.0002897115773521364,0.00020727353694383055,0.50226229429245,0.5014485716819763,0.5010363459587097,0.0,0.0,0.0
query,326,0094_s024_v0_011.jpg,94,0,24,0.0004524641844909638,0.0002897116355597973,0.0002072733041131869,0.50226229429245,0.5014485716819763,0.5010363459587097,0.0,0.0,0.0
query,327,0094_s024_v1_012.jpg,94,1,24,0.0004524641844909638,0.0002897116355597973,0.0002072733623208478,0.50226229429245,0.5014485716819763,0.5010363459587097,0.0,0.0,0.0
query,328,0094_s024_v3_013.jpg,94,3,24,0.0004524641844909638,0.0002897116355597973,0.00020727342052850872,0.50226229429245,0.5014485716819763,0.5010363459587097,0.0,0.0,0.0
query,329,0094_s024_v4_014.jpg,94,4,24,0.0004524641844909638,0.0002897116355597973,0.00020727307128254324,0.50226229429245,0.5014485716819763,0.5010363459587097,0.0,0.0,0.0
query,330,0094_s024_v5_015.jpg,94,5,24,0.0004524642135947943,0.0002897115773521364,0.00020727355149574578,0.50226229429245,0.5014485716819763,0.5010363459587097,0.0,0.0,0.0
query,331,0094_s024_v7_016.jpg,94,7,24,0.0004524641844909638,0.00028971166466362774,0.00020727328956127167,0.50226229429245,0.5014485716819763,0.5010363459587097,0.0,0.0,0.0
query,332,0094_s028_v4_017.jpg,94,4,28,0.0004524641844909638,0.0002897116355597973,0.00020727327500935644,0.50226229429245,0.5014485716819763,0.5010363459587097,0.0,0.0,0.0
query,333,0094_s028_v6_018.jpg,94,6,28,0.0004524642135947943,0.0002897115773521364,0.00020727368246298283,0.50226229429245,0.5014485716819763,0.5010363459587097,0.0,0.0,0.0
query,334,0094_s028_v7_019.jpg,94,7,28,0.0004524642135947943,0.0002897115773521364,0.00020727343508042395,0.50226229429245,0.5014485716819763,0.5010363459587097,0.0,0.0,0.0
query,335,0096_s011_v3_010.jpg,96,3,11,0.0004524641844909638,0.00028971166466362774,0.00020727285300381482,0.50226229429245,0.5014485716819763,0.5010363459587097,0.0,0.0,0.0
query,336,0096_s011_v5_011.jpg,96,5,11,0.0004524641844909638,0.00028971166466362774,0.0002072726347250864,0.50226229429245,0.5014485716819763,0.5010363459587097,0.0,0.0,0.0
query,337,0096_s011_v7_012.jpg,96,7,11,0.0004524641844909638,0.00028971166466362774,0.00020727272203657776,0.50226229429245,0.5014485716819763,0.5010363459587097,0.0,0.0,0.0
query,338,0096_s015_v0_000.jpg,96,0,15,0.0004524641844909638,0.0002897116355597973,0.00020727324590552598,0.50226229429245,0.5014485716819763,0.5010363459587097,0.0,0.0,0.0
query,339,0096_s015_v4_001.jpg,96,4,15,0.0004524641844909638,0.00028971166466362774,0.00020727267838083208,0.50226229429245,0.5014485716819763,0.5010363459587097,0.0,0.0,0.0
query,340,0096_s015_v6_002.jpg,96,6,15,0.0004524642135947943,0.00028971160645596683,0.00020727323135361075,0.50226229429245,0.5014485716819763,0.5010363459587097,0.0,0.0,0.0
query,341,0096_s022_v4_003.jpg,96,4,22,0.0004524642135947943,0.0002897116355597973,0.00020727324590552598,0.50226229429245,0.5014485716819763,0.5010363459587097,0.0,0.0,0.0
query,342,0096_s022_v7_004.jpg,96,7,22,0.0004524641844909638,0.00028971166466362774,0.0002072729403153062,0.50226229429245,0.5014485716819763,0.5010363459587097,0.0,0.0,0.0
query,343,0096_s024_v5_005.jpg,96,5,24,0.0004524641844909638,0.0002897116355597973,0.0002072731003863737,0.50226229429245,0.5014485716819763,0.5010363459587097,0.0,0.0,0.0
query,344,0096_s024_v7_006.jpg,96,7,24,0.0004524641844909638,0.00028971160645596683,0.00020727327500935644,0.50226229429245,0.5014485716819763,0.5010363459587097,0.0,0.0,0.0
query,345,0096_s028_v0_007.jpg,96,0,28,0.0004524641844909638,0.0002897116937674582,0.00020727292576339096,0.50226229429245,0.5014485716819763,0.5010363459587097,0.0,0.0,0.0
query,346,0096_s028_v5_008.jpg,96,5,28,0.0004524641844909638,0.0002897116355597973,0.00020727324590552598,0.50226229429245,0.5014485716819763,0.5010363459587097,0.0,0.0,0.0
query,347,0096_s028_v7_009.jpg,96,7,28,0.0004524641844909638,0.0002897116355597973,0.0002072735078400001,0.50226229429245,0.5014485716819763,0.5010363459587097,0.0,0.0,0.0
query,348,0100_s011_v1_010.jpg,100,1,11,0.0004524642135947943,0.00028971160645596683,0.00020727337687276304,0.50226229429245,0.5014485716819763,0.5010363459587097,0.0,0.0,0.0
query,349,0100_s011_v4_011.jpg,100,4,11,0.0004524642135947943,0.0002897115773521364,0.000207273566047661,0.50226229429245,0.5014485716819763,0.5010363459587097,0.0,0.0,0.0
query,350,0100_s017_v0_000.jpg,100,0,17,0.0004524641844909638,0.00028971160645596683,0.00020727324590552598,0.50226229429245,0.5014485716819763,0.5010363459587097,0.0,0.0,0.0
query,351,0100_s017_v1_001.jpg,100,1,17,0.0004524642135947943,0.0002897115773521364,0.00020727339142467827,0.50226229429245,0.5014485716819763,0.5010363459587097,0.0,0.0,0.0
query,352,0100_s017_v3_002.jpg,100,3,17,0.0004524642135947943,0.00028971160645596683,0.00020727337687276304,0.50226229429245,0.5014485716819763,0.5010363459587097,0.0,0.0,0.0
query,353,0100_s025_v0_003.jpg,100,0,25,0.0004524642135947943,0.00028971160645596683,0.0002072734059765935,0.50226229429245,0.5014485716819763,0.5010363459587097,0.0,0.0,0.0
query,354,0100_s025_v1_004.jpg,100,1,25,0.0004524642135947943,0.0002897115482483059,0.00020727359515149146,0.50226229429245,0.5014485716819763,0.5010363459587097,0.0,0.0,0.0
query,355,0100_s025_v2_005.jpg,100,2,25,0.0004524642135947943,0.0002897115773521364,0.00020727337687276304,0.50226229429245,0.5014485716819763,0.5010363459587097,0.0,0.0,0.0
query,356,0100_s025_v3_006.jpg,100,3,25,0.0004524642135947943,0.0002897115773521364,0.0002072736679110676,0.50226229429245,0.5014485716819763,0.5010363459587097,0.0,0.0,0.0
query,357,0100_s025_v4_007.jpg,100,4,25,0.0004524642135947943,0.00028971160645596683,0.00020727328956127167,0.50226229429245,0.5014485716819763,0.5010363459587097,0.0,0.0,0.0
query,358,0100_s025_v5_008.jpg,100,5,25,0.0004524641844909638,0.0002897116355597973,0.0002072732604574412,0.50226229429245,0.5014485716819763,0.5010363459587097,0.0,0.0,0.0
query,359,0100_s025_v7_009.jpg,100,7,25,0.0004524642135947943,0.0002897115773521364,0.00020727333321701735,0.50226229429245,0.5014485716819763,0.5010363459587097,0.0,0.0,0.0
query,360,0110_s011_v4_002.jpg,110,4,11,0.0004524642135947943,0.00028971160645596683,0.00020727365335915238,0.50226229429245,0.5014485716819763,0.5010363459587097,0.0,0.0,0.0
query,361,0110_s011_v6_003.jpg,110,6,11,0.0004524641844909638,0.00028971166466362774,0.00020727355149574578,0.50226229429245,0.5014485716819763,0.5010363459587097,0.0,0.0,0.0
query,362,0110_s011_v7_004.jpg,110,7,11,0.0004524641844909638,0.00028971166466362774,0.00020727352239191532,0.50226229429245,0.5014485716819763,0.5010363459587097,0.0,0.0,0.0
query,363,0110_s012_v0_000.jpg,110,0,12,0.0004524641844909638,0.00028971166466362774,0.00020727323135361075,0.50226229429245,0.5014485716819763,0.5010363459587097,0.0,0.0,0.0
query,364,0110_s012_v5_001.jpg,110,5,12,0.0004524641844909638,0.00028971166466362774,0.00020727327500935644,0.50226229429245,0.5014485716819763,0.5010363459587097,0.0,0.0,0.0
query,365,0112_s012_v0_000.jpg,112,0,12,0.0004524641844909638,0.0002897116937674582,0.00020727301307488233,0.50226229429245,0.5014485716819763,0.5010363459587097,0.0,0.0,0.0
query,366,0112_s012_v3_001.jpg,112,3,12,0.0004524641844909638,0.00028971166466362774,0.00020727318769786507,0.50226229429245,0.5014485716819763,0.5010363459587097,0.0,0.0,0.0
query,367,0112_s018_v0_002.jpg,112,0,18,0.0004524641844909638,0.0002897116355597973,0.0002072731003863737,0.50226229429245,0.5014485716819763,0.5010363459587097,0.0,0.0,0.0
query,368,0112_s018_v3_003.jpg,112,3,18,0.0004524641844909638,0.00028971166466362774,0.0002072729985229671,0.50226229429245,0.5014485716819763,0.5010363459587097,0.0,0.0,0.0
query,369,0112_s025_v1_004.jpg,112,1,25,0.0004524641844909638,0.00028971166466362774,0.00020727321680169553,0.50226229429245,0.5014485716819763,0.5010363459587097,0.0,0.0,0.0
query,370,0112_s025_v2_005.jpg,112,2,25,0.0004524641844909638,0.00028971166466362774,0.0002072728384518996,0.50226229429245,0.5014485716819763,0.5010363459587097,0.0,0.0,0.0
query,371,0112_s025_v3_006.jpg,112,3,25,0.0004524641844909638,0.0002897116937674582,0.00020727285300381482,0.50226229429245,0.5014485716819763,0.5010363459587097,0.0,0.0,0.0
query,372,0112_s025_v4_007.jpg,112,4,25,0.0004524641844909638,0.00028971172287128866,0.00020727251830976456,0.50226229429245,0.5014485716819763,0.5010363459587097,0.0,0.0,0.0
query,373,0112_s025_v5_008.jpg,112,5,25,0.0004524641844909638,0.00028971166466362774,0.0002072732022497803,0.50226229429245,0.5014485716819763,0.5010363459587097,0.0,0.0,0.0
query,374,0114_s012_v3_000.jpg,114,3,12,0.0004524641844909638,0.0002897116937674582,0.00020727328956127167,0.50226229429245,0.5014485716819763,0.5010363459587097,0.0,0.0,0.0
query,375,0114_s012_v5_001.jpg,114,5,12,0.0004524641844909638,0.0002897116355597973,0.0002072734641842544,0.50226229429245,0.5014485716819763,0.5010363459587097,0.0,0.0,0.0
query,376,0114_s016_v3_002.jpg,114,3,16,0.0004524641844909638,0.0002897116355597973,0.0002072734059765935,0.50226229429245,0.5014485716819763,0.5010363459587097,0.0,0.0,0.0
query,377,0114_s016_v5_003.jpg,114,5,16,0.0004524641844909638,0.0002897116355597973,0.00020727334776893258,0.50226229429245,0.5014485716819763,0.5010363459587097,0.0,0.0,0.0
query,378,0114_s018_v0_004.jpg,114,0,18,0.0004524641844909638,0.00028971166466362774,0.0002072731585940346,0.50226229429245,0.5014485716819763,0.5010363459587097,0.0,0.0,0.0
query,379,0114_s018_v1_005.jpg,114,1,18,0.0004524641844909638,0.0002897116937674582,0.0002072728966595605,0.50226229429245,0.5014485716819763,0.5010363459587097,0.0,0.0,0.0
query,380,0114_s018_v2_006.jpg,114,2,18,0.0004524641844909638,0.00028971166466362774,0.00020727337687276304,0.50226229429245,0.5014485716819763,0.5010363459587097,0.0,0.0,0.0
query,381,0114_s018_v6_007.jpg,114,6,18,0.0004524641844909638,0.00028971166466362774,0.00020727318769786507,0.50226229429245,0.5014485716819763,0.5010363459587097,0.0,0.0,0.0
query,382,0114_s019_v0_008.jpg,114,0,19,0.0004524642135947943,0.0002897115773521364,0.00020727374067064375,0.50226229429245,0.5014485716819763,0.5010363459587097,0.0,0.0,0.0
query,383,0114_s019_v1_009.jpg,114,1,19,0.0004524641844909638,0.00028971166466362774,0.00020727344963233918,0.50226229429245,0.5014485716819763,0.5010363459587097,0.0,0.0,0.0
query,384,0114_s019_v2_010.jpg,114,2,19,0.0004524641844909638,0.00028971166466362774,0.00020727343508042395,0.50226229429245,0.5014485716819763,0.5010363459587097,0.0,0.0,0.0
query,385,0114_s019_v4_011.jpg,114,4,19,0.0004524641844909638,0.00028971166466362774,0.00020727318769786507,0.50226229429245,0.5014485716819763,0.5010363459587097,0.0,0.0,0.0
query,386,0114_s019_v6_012.jpg,114,6,19,0.0004524641844909638,0.0002897116937674582,0.00020727344963233918,0.50226229429245,0.5014485716819763,0.5010363459587097,0.0,0.0,0.0
query,387,0116_s012_v0_000.jpg,116,0,12,0.0004524641844909638,0.0002897116937674582,0.000207272736588493,0.50226229429245,0.5014485716819763,0.5010363459587097,0.0,0.0,0.0
query,388,0116_s012_v4_001.jpg,116,4,12,0.0004524641844909638,0.0002897116355597973,0.00020727318769786507,0.50226229429245,0.5014485716819763,0.5010363459587097,0.0,0.0,0.0
query,389,0116_s012_v6_002.jpg,116,6,12,0.0004524641844909638,0.0002897116355597973,0.00020727312949020416,0.50226229429245,0.5014485716819763,0.5010363459587097,0.0,0.0,0.0
query,390,0116_s029_v1_003.jpg,116,1,29,0.0004524642135947943,0.00028971160645596683,0.00020727355149574578,0.50226229429245,0.5014485716819763,0.5010363459587097,0.0,0.0,0.0
query,391,0116_s029_v3_004.jpg,116,3,29,0.0004524642135947943,0.00028971160645596683,0.00020727363880723715,0.50226229429245,0.5014485716819763,0.5010363459587097,0.0,0.0,0.0
query,392,0116_s029_v5_005.jpg,116,5,29,0.0004524642135947943,0.0002897116355597973,0.00020727308583445847,0.50226229429245,0.5014485716819763,0.5010363459587097,0.0,0.0,0.0
query,393,0116_s029_v7_006.jpg,116,7,29,0.0004524642135947943,0.0002897116355597973,0.00020727334776893258,0.50226229429245,0.5014485716819763,0.5010363459587097,0.0,0.0,0.0
query,394,0122_s012_v2_000.jpg,122,2,12,0.0004524641844909638,0.0002897116937674582,0.0002072729403153062,0.50226229429245,0.5014485716819763,0.5010363459587097,0.0,0.0,0.0
query,395,0122_s012_v5_001.jpg,122,5,12,0.0004524641844909638,0.00028971172287128866,0.00020727280934806913,0.50226229429245,0.5014485716819763,0.5010363459587097,0.0,0.0,0.0
query,396,0122_s012_v7_002.jpg,122,7,12,0.0004524641844909638,0.00028971172287128866,0.00020727251830976456,0.50226229429245,0.5014485716819763,0.5010363459587097,0.0,0.0,0.0
query,397,0122_s013_v0_003.jpg,122,0,13,0.0004524641844909638,0.0002897116355597973,0.00020727349328808486,0.50226229429245,0.5014485716819763,0.5010363459587097,0.0,0.0,0.0
query,398,0122_s013_v1_004.jpg,122,1,13,0.0004524641844909638,0.0002897116355597973,0.00020727321680169553,0.50226229429245,0.5014485716819763,0.5010363459587097,0.0,0.0,0.0
query,399,0122_s025_v0_005.jpg,122,0,25,0.0004524641844909638,0.0002897116355597973,0.00020727359515149146,0.50226229429245,0.5014485716819763,0.5010363459587097,0.0,0.0,0.0
query,400,0122_s025_v1_006.jpg,122,1,25,0.00045246415538713336,0.0002897117519751191,0.0002072725328616798,0.50226229429245,0.5014485716819763,0.5010363459587097,0.0,0.0,0.0
query,401,0122_s025_v2_007.jpg,122,2,25,0.0004524641844909638,0.00028971166466362774,0.00020727314404211938,0.50226229429245,0.5014485716819763,0.5010363459587097,0.0,0.0,0.0
query,402,0122_s025_v3_008.jpg,122,3,25,0.0004524641844909638,0.0002897116937674582,0.00020727308583445847,0.50226229429245,0.5014485716819763,0.5010363459587097,0.0,0.0,0.0
query,403,0122_s025_v4_009.jpg,122,4,25,0.0004524641844909638,0.0002897116937674582,0.0002072731003863737,0.50226229429245,0.5014485716819763,0.5010363459587097,0.0,0.0,0.0
query,404,0122_s025_v5_010.jpg,122,5,25,0.0004524641844909638,0.00028971172287128866,0.00020727278024423867,0.50226229429245,0.5014485716819763,0.5010363459587097,0.0,0.0,0.0
query,405,0122_s025_v6_011.jpg,122,6,25,0.0004524641844909638,0.00028971172287128866,0.00020727285300381482,0.50226229429245,0.5014485716819763,0.5010363459587097,0.0,0.0,0.0
query,406,0122_s025_v7_012.jpg,122,7,25,0.0004524641844909638,0.0002897116937674582,0.00020727318769786507,0.50226229429245,0.5014485716819763,0.5010363459587097,0.0,0.0,0.0
query,407,0127_s013_v0_000.jpg,127,0,13,0.0004524641844909638,0.00028971160645596683,0.00020727314404211938,0.50226229429245,0.5014485716819763,0.5010363459587097,0.0,0.0,0.0
query,408,0127_s013_v3_001.jpg,127,3,13,0.0004524641844909638,0.0002897116355597973,0.0002072733623208478,0.50226229429245,0.5014485716819763,0.5010363459587097,0.0,0.0,0.0
query,409,0127_s022_v4_002.jpg,127,4,22,0.0004524641844909638,0.00028971166466362774,0.00020727308583445847,0.50226229429245,0.5014485716819763,0.5010363459587097,0.0,0.0,0.0
query,410,0127_s022_v7_003.jpg,127,7,22,0.0004524641844909638,0.00028971166466362774,0.0002072726929327473,0.50226229429245,0.5014485716819763,0.5010363459587097,0.0,0.0,0.0
query,411,0127_s028_v3_004.jpg,127,3,28,0.0004524641844909638,0.0002897116355597973,0.00020727286755573004,0.50226229429245,0.5014485716819763,0.5010363459587097,0.0,0.0,0.0
query,412,0127_s028_v5_005.jpg,127,5,28,0.0004524641844909638,0.0002897116355597973,0.00020727296941913664,0.50226229429245,0.5014485716819763,0.5010363459587097,0.0,0.0,0.0
query,413,0129_s013_v0_000.jpg,129,0,13,0.0004524642135947943,0.00028971160645596683,0.0002072734059765935,0.50226229429245,0.5014485716819763,0.5010363459587097,0.0,0.0,0.0
query,414,0129_s013_v3_001.jpg,129,3,13,0.0004524641844909638,0.00028971166466362774,0.00020727278024423867,0.50226229429245,0.5014485716819763,0.5010363459587097,0.0,0.0,0.0
query,415,0129_s013_v5_002.jpg,129,5,13,0.0004524641844909638,0.00028971160645596683,0.00020727301307488233,0.50226229429245,0.5014485716819763,0.5010363459587097,0.0,0.0,0.0
query,416,0129_s015_v3_003.jpg,129,3,15,0.0004524642135947943,0.00028971160645596683,0.00020727333321701735,0.50226229429245,0.5014485716819763,0.5010363459587097,0.0,0.0,0.0
query,417,0129_s015_v5_004.jpg,129,5,15,0.0004524641844909638,0.00028971166466362774,0.00020727288210764527,0.50226229429245,0.5014485716819763,0.5010363459587097,0.0,0.0,0.0
query,418,0129_s015_v7_005.jpg,129,7,15,0.0004524641844909638,0.00028971160645596683,0.00020727339142467827,0.50226229429245,0.5014485716819763,0.5010363459587097,0.0,0.0,0.0
query,419,0129_s016_v1_006.jpg,129,1,16,0.0004524641844909638,0.00028971166466362774,0.00020727311493828893,0.50226229429245,0.5014485716819763,0.5010363459587097,0.0,0.0,0.0
query,420,0129_s016_v6_007.jpg,129,6,16,0.0004524641844909638,0.00028971166466362774,0.00020727304217871279,0.50226229429245,0.5014485716819763,0.5010363459587097,0.0,0.0,0.0
query,421,0129_s023_v0_008.jpg,129,0,23,0.0004524641844909638,0.00028971160645596683,0.00020727321680169553,0.50226229429245,0.5014485716819763,0.5010363459587097,0.0,0.0,0.0
query,422,0129_s023_v1_009.jpg,129,1,23,0.0004524641844909638,0.0002897116355597973,0.00020727343508042395,0.50226229429245,0.5014485716819763,0.5010363459587097,0.0,0.0,0.0
query,423,0129_s023_v3_010.jpg,129,3,23,0.0004524641844909638,0.00028971166466362774,0.00020727301307488233,0.50226229429245,0.5014485716819763,0.5010363459587097,0.0,0.0,0.0
query,424,0129_s023_v4_011.jpg,129,4,23,0.0004524641844909638,0.00028971166466362774,0.00020727280934806913,0.50226229429245,0.5014485716819763,0.5010363459587097,0.0,0.0,0.0
query,425,0129_s023_v5_012.jpg,129,5,23,0.0004524641844909638,0.0002897116355597973,0.00020727276569232345,0.50226229429245,0.5014485716819763,0.5010363459587097,0.0,0.0,0.0
query,426,0129_s024_v0_013.jpg,129,0,24,0.0004524642135947943,0.0002897115773521364,0.00020727321680169553,0.50226229429245,0.5014485716819763,0.5010363459587097,0.0,0.0,0.0
query,427,0129_s024_v4_014.jpg,129,4,24,0.0004524642135947943,0.00028971160645596683,0.00020727339142467827,0.50226229429245,0.5014485716819763,0.5010363459587097,0.0,0.0,0.0
query,428,0129_s024_v5_015.jpg,129,5,24,0.0004524641844909638,0.0002897116355597973,0.0002072732022497803,0.50226229429245,0.5014485716819763,0.5010363459587097,0.0,0.0,0.0
query,429,0139_s000_v0_002.jpg,139,0,0,0.0004524641844909638,0.00028971172287128866,0.00020727250375784934,0.50226229429245,0.5014485716819763,0.5010363459587097,0.0,0.0,0.0
query,430,0139_s000_v1_006.jpg,139,1,0,0.0004524641844909638,0.0002897116937674582,0.00020727286755573004,0.50226229429245,0.5014485716819763,0.5010363459587097,0.0,0.0,0.0
query,431,0139_s000_v2_004.jpg,139,2,0,0.0004524641844909638,0.00028971172287128866,0.000207272736588493,0.50226229429245,0.5014485716819763,0.5010363459587097,0.0,0.0,0.0
query,432,0139_s000_v3_007.jpg,139,3,0,0.0004524641844909638,0.0002897116937674582,0.00020727304217871279,0.50226229429245,0.5014485716819763,0.5010363459587097,0.0,0.0,0.0
query,433,0139_s000_v4_003.jpg,139,4,0,0.0004524641844909638,0.00028971166466362774,0.00020727286755573004,0.50226229429245,0.5014485716819763,0.5010363459587097,0.0,0.0,0.0
query,434,0139_s000_v5_008.jpg,139,5,0,0.0004524641844909638,0.00028971172287128866,0.00020727291121147573,0.50226229429245,0.5014485716819763,0.5010363459587097,0.0,0.0,0.0
query,435,0139_s000_v6_005.jpg,139,6,0,0.0004524641844909638,0.00028971172287128866,0.00020727240189444274,0.50226229429245,0.5014485716819763,0.5010363459587097,0.0,0.0,0.0
query,436,0139_s000_v7_009.jpg,139,7,0,0.0004524641844909638,0.00028971172287128866,0.000207272736588493,0.50226229429245,0.5014485716819763,0.5010363459587097,0.0,0.0,0.0
query,437,0139_s015_v1_000.jpg,139,1,15,0.0004524641844909638,0.0002897116937674582,0.00020727222727146,0.50226229429245,0.5014485716819763,0.5010363459587097,0.0,0.0,0.0
query,438,0139_s015_v7_001.jpg,139,7,15,0.00045246415538713336,0.0002897117519751191,0.00020727190712932497,0.50226229429245,0.5014485716819763,0.5010363459587097,0.0,0.0,0.0
query,439,0141_s015_v0_000.jpg,141,0,15,0.00045246415538713336,0.00028971181018278003,0.0002072721254080534,0.50226229429245,0.5014485716819763,0.5010363459587097,0.0,0.0,0.0
query,440,0141_s015_v3_001.jpg,141,3,15,0.00045246415538713336,0.00028971178107894957,0.00020727199444081634,0.50226229429245,0.5014485716819763,0.5010363459587097,0.0,0.0,0.0
query,441,0141_s015_v5_002.jpg,141,5,15,0.00045246415538713336,0.00028971181018278003,0.00020727183436974883,0.50226229429245,0.5014485716819763,0.5010363459587097,0.0,0.0,0.0
query,442,0141_s023_v0_003.jpg,141,0,23,0.00045246415538713336,0.00028971178107894957,0.00020727224182337523,0.50226229429245,0.5014485716819763,0.5010363459587097,0.0,0.0,0.0
query,443,0141_s023_v1_004.jpg,141,1,23,0.00045246415538713336,0.00028971172287128866,0.0002072724892059341,0.50226229429245,0.5014485716819763,0.5010363459587097,0.0,0.0,0.0
query,444,0141_s023_v3_005.jpg,141,3,23,0.00045246415538713336,0.00028971178107894957,0.00020727189257740974,0.50226229429245,0.5014485716819763,0.5010363459587097,0.0,0.0,0.0
query,445,0141_s023_v4_006.jpg,141,4,23,0.00045246415538713336,0.0002897117519751191,0.000207272736588493,0.50226229429245,0.5014485716819763,0.5010363459587097,0.0,0.0,0.0
query,446,0141_s023_v5_007.jpg,141,5,23,0.00045246415538713336,0.00028971181018278003,0.00020727211085613817,0.50226229429245,0.5014485716819763,0.5010363459587097,0.0,0.0,0.0
query,447,0143_s016_v0_000.jpg,143,0,16,0.00045246415538713336,0.00028971178107894957,0.00020727174705825746,0.50226229429245,0.5014485716819763,0.5010363459587097,0.0,0.0,0.0
query,448,0143_s016_v1_001.jpg,143,1,16,0.00045246415538713336,0.00028971172287128866,0.00020727209630422294,0.50226229429245,0.5014485716819763,0.5010363459587097,0.0,0.0,0.0
query,449,0143_s016_v3_002.jpg,143,3,16,0.00045246415538713336,0.00028971178107894957,0.00020727163064293563,0.50226229429245,0.5014485716819763,0.5010363459587097,0.0,0.0,0.0
query,450,0143_s016_v5_003.jpg,143,5,16,0.00045246415538713336,0.00028971178107894957,0.0002072718198178336,0.50226229429245,0.5014485716819763,0.5010363459587097,0.0,0.0,0.0
query,451,0143_s024_v0_004.jpg,143,0,24,0.00045246415538713336,0.00028971178107894957,0.00020727177616208792,0.50226229429245,0.5014485716819763,0.5010363459587097,0.0,0.0,0.0
query,452,0143_s024_v1_005.jpg,143,1,24,0.00045246415538713336,0.00028971172287128866,0.00020727221271954477,0.50226229429245,0.5014485716819763,0.5010363459587097,0.0,0.0,0.0
query,453,0143_s024_v3_006.jpg,143,3,24,0.00045246415538713336,0.0002897117519751191,0.00020727187802549452,0.50226229429245,0.5014485716819763,0.5010363459587097,0.0,0.0,0.0
query,454,0143_s024_v4_007.jpg,143,4,24,0.0004524641844909638,0.00028971166466362774,0.00020727246010210365,0.50226229429245,0.5014485716819763,0.5010363459587097,0.0,0.0,0.0
query,455,0143_s024_v7_008.jpg,143,7,24,0.00045246415538713336,0.0002897117519751191,0.00020727213995996863,0.50226229429245,0.5014485716819763,0.5010363459587097,0.0,0.0,0.0
query,456,0145_s016_v0_000.jpg,145,0,16,0.0004524641844909638,0.0002897116355597973,0.00020727295486722142,0.50226229429245,0.5014485716819763,0.5010363459587097,0.0,0.0,0.0
query,457,0145_s016_v3_001.jpg,145,3,16,0.0004524641844909638,0.0002897116937674582,0.00020727240189444274,0.50226229429245,0.5014485716819763,0.5010363459587097,0.0,0.0,0.0
query,458,0145_s016_v4_002.jpg,145,4,16,0.00045246415538713336,0.00028971172287128866,0.00020727237279061228,0.50226229429245,0.5014485716819763,0.5010363459587097,0.0,0.0,0.0
query,459,0145_s016_v5_003.jpg,145,5,16,0.0004524641844909638,0.00028971172287128866,0.0002072723873425275,0.50226229429245,0.5014485716819763,0.5010363459587097,0.0,0.0,0.0
query,460,0145_s016_v7_004.jpg,145,7,16,0.0004524641844909638,0.00028971166466362774,0.0002072733041131869,0.50226229429245,0.5014485716819763,0.5010363459587097,0.0,0.0,0.0
query,461,0145_s023_v0_005.jpg,145,0,23,0.0004524641844909638,0.00028971160645596683,0.0002072725910693407,0.50226229429245,0.5014485716819763,0.5010363459587097,0.0,0.0,0.0
query,462,0145_s023_v1_006.jpg,145,1,23,0.0004524641844909638,0.00028971166466362774,0.00020727266382891685,0.50226229429245,0.5014485716819763,0.5010363459587097,0.0,0.0,0.0
query,463,0145_s023_v3_007.jpg,145,3,23,0.0004524641844909638,0.0002897116937674582,0.00020727257651742548,0.50226229429245,0.5014485716819763,0.5010363459587097,0.0,0.0,0.0
query,464,0145_s023_v4_008.jpg,145,4,23,0.0004524641844909638,0.00028971166466362774,0.00020727298397105187,0.50226229429245,0.5014485716819763,0.5010363459587097,0.0,0.0,0.0
query,465,0145_s023_v7_009.jpg,145,7,23,0.0004524641844909638,0.00028971166466362774,0.0002072724309982732,0.50226229429245,0.5014485716819763,0.5010363459587097,0.0,0.0,0.0
query,466,0145_s024_v1_010.jpg,145,1,24,0.0004524641844909638,0.0002897116355597973,0.00020727314404211938,0.50226229429245,0.5014485716819763,0.5010363459587097,0.0,0.0,0.0
query,467,0145_s024_v3_011.jpg,145,3,24,0.0004524641844909638,0.0002897116355597973,0.00020727305673062801,0.50226229429245,0.5014485716819763,0.5010363459587097,0.0,0.0,0.0
query,468,0145_s024_v4_012.jpg,145,4,24,0.0004524641844909638,0.0002897116937674582,0.0002072727947961539,0.50226229429245,0.5014485716819763,0.5010363459587097,0.0,0.0,0.0
query,469,0145_s024_v5_013.jpg,145,5,24,0.0004524641844909638,0.0002897116355597973,0.00020727334776893258,0.50226229429245,0.5014485716819763,0.5010363459587097,0.0,0.0,0.0
query,470,0150_s000_v0_007.jpg,150,0,0,0.0004524641844909638,0.00028971172287128866,0.00020727260562125593,0.50226229429245,0.5014485716819763,0.5010363459587097,0.0,0.0,0.0
query,471,0150_s000_v1_011.jpg,150,1,0,0.0004524641844909638,0.00028971172287128866,0.00020727305673062801,0.50226229429245,0.5014485716819763,0.5010363459587097,0.0,0.0,0.0
query,472,0150_s000_v2_009.jpg,150,2,0,0.00045246415538713336,0.00028971172287128866,0.00020727197988890111,0.50226229429245,0.5014485716819763,0.5010363459587097,0.0,0.0,0.0
query,473,0150_s000_v3_012.jpg,150,3,0,0.00045246415538713336,0.0002897117519751191,0.00020727260562125593,0.50226229429245,0.5014485716819763,0.5010363459587097,0.0,0.0,0.0
query,474,0150_s000_v4_008.jpg,150,4,0,0.0004524641844909638,0.0002897116937674582,0.0002072726347250864,0.50226229429245,0.5014485716819763,0.5010363459587097,0.0,0.0,0.0
query,475,0150_s000_v5_013.jpg,150,5,0,0.0004524641844909638,0.00028971166466362774,0.0002072728384518996,0.50226229429245,0.5014485716819763,0.5010363459587097,0.0,0.0,0.0
query,476,0150_s000_v6_010.jpg,150,6,0,0.00045246415538713336,0.0002897117519751191,0.00020727230003103614,0.50226229429245,0.5014485716819763,0.5010363459587097,0.0,0.0,0.0
query,477,0150_s000_v7_014.jpg,150,7,0,0.0004524641844909638,0.0002897116937674582,0.00020727298397105187,0.50226229429245,0.5014485716819763,0.5010363459587097,0.0,0.0,0.0
query,478,0150_s016_v1_000.jpg,150,1,16,0.00045246415538713336,0.0002897117519751191,0.00020727254741359502,0.50226229429245,0.5014485716819763,0.5010363459587097,0.0,0.0,0.0
query,479,0150_s016_v4_001.jpg,150,4,16,0.0004524641844909638,0.0002897116355597973,0.00020727349328808486,0.50226229429245,0.5014485716819763,0.5010363459587097,0.0,0.0,0.0
query,480,0150_s016_v7_002.jpg,150,7,16,0.0004524641844909638,0.0002897116937674582,0.00020727327500935644,0.50226229429245,0.5014485716819763,0.5010363459587097,0.0,0.0,0.0
query,481,0150_s024_v0_003.jpg,150,0,24,0.0004524641844909638,0.0002897116937674582,0.00020727311493828893,0.50226229429245,0.5014485716819763,0.5010363459587097,0.0,0.0,0.0
query,482,0150_s024_v1_004.jpg,150,1,24,0.0004524641844909638,0.0002897116937674582,0.0002072734059765935,0.50226229429245,0.5014485716819763,0.5010363459587097,0.0,0.0,0.0
query,483,0150_s024_v3_005.jpg,150,3,24,0.0004524641844909638,0.0002897116937674582,0.0002072729403153062,0.50226229429245,0.5014485716819763,0.5010363459587097,0.0,0.0,0.0
query,484,0150_s024_v7_006.jpg,150,7,24,0.0004524641844909638,0.0002897116937674582,0.00020727286755573004,0.50226229429245,0.5014485716819763,0.5010363459587097,0.0,0.0,0.0
query,485,0152_s016_v1_000.jpg,152,1,16,0.0004524641844909638,0.00028971166466362774,0.00020727311493828893,0.50226229429245,0.5014485716819763,0.5010363459587097,0.0,0.0,0.0
query,486,0152_s018_v3_001.jpg,152,3,18,0.0004524642135947943,0.0002897116355597973,0.00020727331866510212,0.50226229429245,0.5014485716819763,0.5010363459587097,0.0,0.0,0.0
query,487,0152_s018_v5_002.jpg,152,5,18,0.0004524641844909638,0.0002897116355597973,0.00020727343508042395,0.50226229429245,0.5014485716819763,0.5010363459587097,0.0,0.0,0.0
query,488,0152_s018_v7_003.jpg,152,7,18,0.0004524641844909638,0.0002897116937674582,0.00020727304217871279,0.50226229429245,0.5014485716819763,0.5010363459587097,0.0,0.0,0.0
query,489,0160_s017_v0_000.jpg,160,0,17,0.0004524641844909638,0.0002897116937674582,0.00020727292576339096,0.50226229429245,0.5014485716819763,0.5010363459587097,0.0,0.0,0.0
query,490,0160_s017_v1_001.jpg,160,1,17,0.0004524641844909638,0.00028971166466362774,0.0002072731003863737,0.50226229429245,0.5014485716819763,0.5010363459587097,0.0,0.0,0.0
query,491,0160_s017_v3_002.jpg,160,3,17,0.0004524641844909638,0.0002897116937674582,0.00020727288210764527,0.50226229429245,0.5014485716819763,0.5010363459587097,0.0,0.0,0.0
query,492,0160_s029_v1_003.jpg,160,1,29,0.0004524641844909638,0.00028971166466362774,0.00020727312949020416,0.50226229429245,0.5014485716819763,0.5010363459587097,0.0,0.0,0.0
query,493,0160_s029_v3_004.jpg,160,3,29,0.0004524641844909638,0.00028971166466362774,0.00020727285300381482,0.50226229429245,0.5014485716819763,0.5010363459587097,0.0,0.0,0.0
query,494,0160_s029_v4_005.jpg,160,4,29,0.0004524641844909638,0.00028971166466362774,0.0002072728966595605,0.50226229429245,0.5014485716819763,0.5010363459587097,0.0,0.0,0.0
query,495,0160_s029_v5_006.jpg,160,5,29,0.00045246415538713336,0.0002897117519751191,0.00020727272203657776,0.50226229429245,0.5014485716819763,0.5010363459587097,0.0,0.0,0.0
query,496,0160_s029_v6_007.jpg,160,6,29,0.0004524641844909638,0.00028971166466362774,0.00020727344963233918,0.50226229429245,0.5014485716819763,0.5010363459587097,0.0,0.0,0.0
query,497,0160_s029_v7_008.jpg,160,7,29,0.0004524641844909638,0.0002897116937674582,0.00020727331866510212,0.50226229429245,0.5014485716819763,0.5010363459587097,0.0,0.0,0.0
query,498,0160_s030_v0_009.jpg,160,0,30,0.0004524641844909638,0.0002897116937674582,0.0002072733041131869,0.50226229429245,0.5014485716819763,0.5010363459587097,0.0,0.0,0.0
query,499,0160_s030_v1_010.jpg,160,1,30,0.0004524641844909638,0.0002897116355597973,0.0002072734059765935,0.50226229429245,0.5014485716819763,0.5010363459587097,0.0,0.0,0.0
query,500,0160_s030_v3_011.jpg,160,3,30,0.0004524641844909638,0.00028971166466362774,0.00020727349328808486,0.50226229429245,0.5014485716819763,0.5010363459587097,0.0,0.0,0.0
query,501,0160_s030_v4_012.jpg,160,4,30,0.0004524641844909638,0.00028971166466362774,0.00020727312949020416,0.50226229429245,0.5014485716819763,0.5010363459587097,0.0,0.0,0.0
query,502,0160_s030_v5_013.jpg,160,5,30,0.0004524641844909638,0.0002897116937674582,0.00020727314404211938,0.50226229429245,0.5014485716819763,0.5010363459587097,0.0,0.0,0.0
query,503,0160_s030_v6_014.jpg,160,6,30,0.0004524641844909638,0.00028971166466362774,0.00020727318769786507,0.50226229429245,0.5014485716819763,0.5010363459587097,0.0,0.0,0.0
query,504,0170_s018_v0_000.jpg,170,0,18,0.00045246415538713336,0.00028971172287128866,0.00020727250375784934,0.50226229429245,0.5014485716819763,0.5010363459587097,0.0,0.0,0.0
query,505,0170_s018_v5_001.jpg,170,5,18,0.0004524641844909638,0.00028971166466362774,0.00020727295486722142,0.50226229429245,0.5014485716819763,0.5010363459587097,0.0,0.0,0.0
query,506,0170_s027_v0_002.jpg,170,0,27,0.0004524641844909638,0.0002897116355597973,0.00020727311493828893,0.50226229429245,0.5014485716819763,0.5010363459587097,0.0,0.0,0.0
query,507,0170_s027_v1_003.jpg,170,1,27,0.0004524641844909638,0.00028971166466362774,0.00020727295486722142,0.50226229429245,0.5014485716819763,0.5010363459587097,0.0,0.0,0.0
query,508,0170_s027_v2_004.jpg,170,2,27,0.0004524641844909638,0.00028971166466362774,0.00020727282389998436,0.50226229429245,0.5014485716819763,0.5010363459587097,0.0,0.0,0.0
query,509,0170_s027_v3_005.jpg,170,3,27,0.0004524641844909638,0.0002897116355597973,0.00020727312949020416,0.50226229429245,0.5014485716819763,0.5010363459587097,0.0,0.0,0.0
query,510,0170_s027_v4_006.jpg,170,4,27,0.0004524641844909638,0.00028971166466362774,0.00020727307128254324,0.50226229429245,0.5014485716819763,0.5010363459587097,0.0,0.0,0.0
query,511,0170_s027_v7_007.jpg,170,7,27,0.0004524641844909638,0.00028971166466362774,0.00020727308583445847,0.50226229429245,0.5014485716819763,0.5010363459587097,0.0,0.0,0.0
query,512,0176_s019_v0_000.jpg,176,0,19,0.00045246415538713336,0.00028971178107894957,0.00020727234368678182,0.50226229429245,0.5014485716819763,0.5010363459587097,0.0,0.0,0.0
query,513,0176_s019_v1_001.jpg,176,1,19,0.0004524641844909638,0.0002897116937674582,0.0002072728384518996,0.50226229429245,0.5014485716819763,0.5010363459587097,0.0,0.0,0.0
query,514,0176_s019_v4_002.jpg,176,4,19,0.00045246415538713336,0.00028971172287128866,0.00020727234368678182,0.50226229429245,0.5014485716819763,0.5010363459587097,0.0,0.0,0.0
query,515,0176_s019_v5_003.jpg,176,5,19,0.0004524641844909638,0.00028971172287128866,0.0002072723873425275,0.50226229429245,0.5014485716819763,0.5010363459587097,0.0,0.0,0.0
query,516,0176_s029_v1_004.jpg,176,1,29,0.0004524641844909638,0.00028971166466362774,0.0002072729403153062,0.50226229429245,0.5014485716819763,0.5010363459587097,0.0,0.0,0.0
query,517,0176_s029_v3_005.jpg,176,3,29,0.0004524641844909638,0.0002897116937674582,0.00020727291121147573,0.50226229429245,0.5014485716819763,0.5010363459587097,0.0,0.0,0.0
query,518,0176_s029_v5_006.jpg,176,5,29,0.0004524641844909638,0.00028971166466362774,0.00020727296941913664,0.50226229429245,0.5014485716819763,0.5010363459587097,0.0,0.0,0.0
query,519,0176_s029_v6_007.jpg,176,6,29,0.0004524641844909638,0.0002897116937674582,0.0002072731585940346,0.50226229429245,0.5014485716819763,0.5010363459587097,0.0,0.0,0.0
query,520,0176_s029_v7_008.jpg,176,7,29,0.0004524641844909638,0.0002897116355597973,0.00020727321680169553,0.50226229429245,0.5014485716819763,0.5010363459587097,0.0,0.0,0.0
query,521,0178_s019_v1_000.jpg,178,1,19,0.00045246415538713336,0.0002897117519751191,0.00020727275114040822,0.50226229429245,0.5014485716819763,0.5010363459587097,0.0,0.0,0.0
query,522,0178_s019_v2_001.jpg,178,2,19,0.00045246415538713336,0.00028971172287128866,0.00020727240189444274,0.50226229429245,0.5014485716819763,0.5010363459587097,0.0,0.0,0.0
query,523,0178_s019_v4_002.jpg,178,4,19,0.00045246415538713336,0.0002897117519751191,0.0002072724892059341,0.50226229429245,0.5014485716819763,0.5010363459587097,0.0,0.0,0.0
query,524,0178_s019_v7_003.jpg,178,7,19,0.00045246415538713336,0.0002897117519751191,0.00020727262017317116,0.50226229429245,0.5014485716819763,0.5010363459587097,0.0,0.0,0.0
query,525,0178_s022_v3_004.jpg,178,3,22,0.0004524641844909638,0.00028971172287128866,0.00020727260562125593,0.50226229429245,0.5014485716819763,0.5010363459587097,0.0,0.0,0.0
query,526,0178_s022_v4_005.jpg,178,4,22,0.0004524641844909638,0.0002897116937674582,0.00020727291121147573,0.50226229429245,0.5014485716819763,0.5010363459587097,0.0,0.0,0.0
query,527,0196_s000_v0_002.jpg,196,0,0,0.0004524641844909638,0.0002897116355597973,0.0002072731003863737,0.50226229429245,0.5014485716819763,0.5010363459587097,0.0,0.0,0.0
query,528,0196_s000_v1_004.jpg,196,1,0,0.0004524641844909638,0.00028971166466362774,0.0002072733623208478,0.50226229429245,0.5014485716819763,0.5010363459587097,0.0,0.0,0.0
query,529,0196_s000_v2_003.jpg,196,2,0,0.0004524642135947943,0.00028971160645596683,0.0002072734059765935,0.50226229429245,0.5014485716819763,0.5010363459587097,0.0,0.0,0.0
query,530,0196_s022_v0_000.jpg,196,0,22,0.0004524641844909638,0.0002897116355597973,0.00020727343508042395,0.50226229429245,0.5014485716819763,0.5010363459587097,0.0,0.0,0.0
query,531,0196_s022_v7_001.jpg,196,7,22,0.0004524641844909638,0.00028971166466362774,0.00020727296941913664,0.50226229429245,0.5014485716819763,0.5010363459587097,0.0,0.0,0.0
query,532,0204_s022_v0_000.jpg,204,0,22,0.0004524641844909638,0.00028971166466362774,0.00020727312949020416,0.50226229429245,0.5014485716819763,0.5010363459587097,0.0,0.0,0.0
query,533,0204_s022_v5_001.jpg,204,5,22,0.0004524641844909638,0.0002897116937674582,0.00020727295486722142,0.50226229429245,0.5014485716819763,0.5010363459587097,0.0,0.0,0.0
query,534,0204_s022_v6_002.jpg,204,6,22,0.0004524641844909638,0.0002897116355597973,0.00020727339142467827,0.50226229429245,0.5014485716819763,0.5010363459587097,0.0,0.0,0.0
query,535,0204_s022_v7_003.jpg,204,7,22,0.0004524641844909638,0.0002897116355597973,0.0002072732604574412,0.50226229429245,0.5014485716819763,0.5010363459587097,0.0,0.0,0.0
query,536,0204_s024_v1_004.jpg,204,1,24,0.0004524641844909638,0.0002897116355597973,0.00020727291121147573,0.50226229429245,0.5014485716819763,0.5010363459587097,0.0,0.0,0.0
query,537,0204_s024_v3_005.jpg,204,3,24,0.0004524641844909638,0.0002897116937674582,0.0002072725328616798,0.50226229429245,0.5014485716819763,0.5010363459587097,0.0,0.0,0.0
query,538,0220_s023_v0_000.jpg,220,0,23,0.0004524641844909638,0.00028971166466362774,0.00020727302762679756,0.50226229429245,0.5014485716819763,0.5010363459587097,0.0,0.0,0.0
query,539,0220_s023_v1_001.jpg,220,1,23,0.0004524642135947943,0.00028971160645596683,0.00020727337687276304,0.50226229429245,0.5014485716819763,0.5010363459587097,0.0,0.0,0.0
query,540,0220_s023_v3_002.jpg,220,3,23,0.0004524641844909638,0.00028971166466362774,0.00020727312949020416,0.50226229429245,0.5014485716819763,0.5010363459587097,0.0,0.0,0.0
query,541,0220_s023_v4_003.jpg,220,4,23,0.0004524641844909638,0.00028971166466362774,0.00020727296941913664,0.50226229429245,0.5014485716819763,0.5010363459587097,0.0,0.0,0.0
query,542,0220_s023_v5_004.jpg,220,5,23,0.0004524641844909638,0.00028971172287128866,0.0002072728384518996,0.50226229429245,0.5014485716819763,0.5010363459587097,0.0,0.0,0.0
query,543,0220_s023_v6_005.jpg,220,6,23,0.0004524641844909638,0.00028971166466362774,0.00020727307128254324,0.50226229429245,0.5014485716819763,0.5010363459587097,0.0,0.0,0.0
query,544,0220_s023_v7_006.jpg,220,7,23,0.0004524641844909638,0.00028971166466362774,0.00020727276569232345,0.50226229429245,0.5014485716819763,0.5010363459587097,0.0,0.0,0.0
query,545,0220_s024_v0_007.jpg,220,0,24,0.0004524642135947943,0.00028971160645596683,0.00020727328956127167,0.50226229429245,0.5014485716819763,0.5010363459587097,0.0,0.0,0.0
query,546,0220_s024_v1_008.jpg,220,1,24,0.0004524641844909638,0.00028971160645596683,0.00020727308583445847,0.50226229429245,0.5014485716819763,0.5010363459587097,0.0,0.0,0.0
query,547,0220_s024_v2_009.jpg,220,2,24,0.0004524641844909638,0.00028971160645596683,0.00020727331866510212,0.50226229429245,0.5014485716819763,0.5010363459587097,0.0,0.0,0.0
query,548,0220_s024_v3_010.jpg,220,3,24,0.0004524641844909638,0.0002897116355597973,0.00020727337687276304,0.50226229429245,0.5014485716819763,0.5010363459587097,0.0,0.0,0.0
query,549,0228_s026_v2_000.jpg,228,2,26,0.0004524641844909638,0.00028971166466362774,0.00020727358059957623,0.50226229429245,0.5014485716819763,0.5010363459587097,0.0,0.0,0.0
query,550,0228_s026_v3_001.jpg,228,3,26,0.0004524641844909638,0.00028971166466362774,0.00020727353694383055,0.50226229429245,0.5014485716819763,0.5010363459587097,0.0,0.0,0.0
query,551,0228_s026_v4_002.jpg,228,4,26,0.0004524642135947943,0.0002897116355597973,0.00020727355149574578,0.50226229429245,0.5014485716819763,0.5010363459587097,0.0,0.0,0.0
query,552,0228_s026_v5_003.jpg,228,5,26,0.0004524642135947943,0.00028971160645596683,0.00020727394439745694,0.50226229429245,0.5014485716819763,0.5010363459587097,0.0,0.0,0.0
query,553,0228_s026_v6_004.jpg,228,6,26,0.0004524641844909638,0.00028971166466362774,0.00020727353694383055,0.50226229429245,0.5014485716819763,0.5010363459587097,0.0,0.0,0.0
query,554,0228_s030_v2_005.jpg,228,2,30,0.0004524641844909638,0.00028971166466362774,0.0002072735078400001,0.50226229429245,0.5014485716819763,0.5010363459587097,0.0,0.0,0.0
query,555,0228_s030_v3_006.jpg,228,3,30,0.0004524641844909638,0.0002897116937674582,0.00020727334776893258,0.50226229429245,0.5014485716819763,0.5010363459587097,0.0,0.0,0.0
query,556,0228_s030_v4_007.jpg,228,4,30,0.0004524641844909638,0.0002897116355597973,0.00020727337687276304,0.50226229429245,0.5014485716819763,0.5010363459587097,0.0,0.0,0.0
query,557,0228_s030_v5_008.jpg,228,5,30,0.0004524642135947943,0.00028971160645596683,0.00020727379887830466,0.50226229429245,0.5014485716819763,0.5010363459587097,0.0,0.0,0.0
query,558,0228_s030_v6_009.jpg,228,6,30,0.0004524641844909638,0.00028971166466362774,0.00020727331866510212,0.50226229429245,0.5014485716819763,0.5010363459587097,0.0,0.0,0.0
query,559,0228_s030_v7_010.jpg,228,7,30,0.0004524641844909638,0.0002897116355597973,0.00020727365335915238,0.50226229429245,0.5014485716819763,0.5010363459587097,0.0,0.0,0.0
query,560,0239_s028_v3_000.jpg,239,3,28,0.00045246415538713336,0.0002897117519751191,0.00020727250375784934,0.50226229429245,0.5014485716819763,0.5010363459587097,0.0,0.0,0.0
query,561,0239_s028_v5_001.jpg,239,5,28,0.0004524641844909638,0.0002897116937674582,0.000207272736588493,0.50226229429245,0.5014485716819763,0.5010363459587097,0.0,0.0,0.0
query,562,0239_s028_v6_002.jpg,239,6,28,0.0004524641844909638,0.00028971172287128866,0.00020727295486722142,0.50226229429245,0.5014485716819763,0.5010363459587097,0.0,0.0,0.0
query,563,0239_s029_v3_003.jpg,239,3,29,0.0004524641844909638,0.00028971166466362774,0.00020727337687276304,0.50226229429245,0.5014485716819763,0.5010363459587097,0.0,0.0,0.0
query,564,0239_s029_v4_004.jpg,239,4,29,0.0004524641844909638,0.00028971172287128866,0.0002072724309982732,0.50226229429245,0.5014485716819763,0.5010363459587097,0.0,0.0,0.0
query,565,0241_s028_v1_000.jpg,241,1,28,0.0004524641844909638,0.00028971172287128866,0.00020727295486722142,0.50226229429245,0.5014485716819763,0.5010363459587097,0.0,0.0,0.0
query,566,0241_s028_v2_001.jpg,241,2,28,0.0004524641844909638,0.00028971172287128866,0.0002072726929327473,0.50226229429245,0.5014485716819763,0.5010363459587097,0.0,0.0,0.0
query,567,0241_s028_v3_002.jpg,241,3,28,0.0004524641844909638,0.00028971172287128866,0.00020727285300381482,0.50226229429245,0.5014485716819763,0.5010363459587097,0.0,0.0,0.0
query,568,0241_s028_v5_003.jpg,241,5,28,0.0004524641844909638,0.00028971172287128866,0.00020727254741359502,0.50226229429245,0.5014485716819763,0.5010363459587097,0.0,0.0,0.0
query,569,0241_s028_v7_004.jpg,241,7,28,0.0004524641844909638,0.0002897116937674582,0.00020727286755573004,0.50226229429245,0.5014485716819763,0.5010363459587097,0.0,0.0,0.0
query,570,0241_s029_v0_005.jpg,241,0,29,0.00045246415538713336,0.00028971178107894957,0.00020727183436974883,0.50226229429245,0.5014485716819763,0.5010363459587097,0.0,0.0,0.0
query,571,0241_s029_v3_006.jpg,241,3,29,0.0004524641844909638,0.00028971172287128866,0.00020727251830976456,0.50226229429245,0.5014485716819763,0.5010363459587097,0.0,0.0,0.0
query,572,0241_s029_v5_007.jpg,241,5,29,0.0004524641844909638,0.0002897116937674582,0.00020727304217871279,0.50226229429245,0.5014485716819763,0.5010363459587097,0.0,0.0,0.0
query,573,0241_s029_v7_008.jpg,241,7,29,0.00045246415538713336,0.0002897117519751191,0.00020727221271954477,0.50226229429245,0.5014485716819763,0.5010363459587097,0.0,0.0,0.0
query,574,0253_s000_v0_004.jpg,253,0,0,0.00045246415538713336,0.00028971172287128866,0.0002072723873425275,0.50226229429245,0.5014485716819763,0.5010363459587097,0.0,0.0,0.0
query,575,0253_s000_v1_007.jpg,253,1,0,0.0004524641844909638,0.0002897116937674582,0.00020727278024423867,0.50226229429245,0.5014485716819763,0.5010363459587097,0.0,0.0,0.0
query,576,0253_s000_v2_006.jpg,253,2,0,0.0004524641844909638,0.0002897116355597973,0.00020727318769786507,0.50226229429245,0.5014485716819763,0.5010363459587097,0.0,0.0,0.0
query,577,0253_s000_v4_005.jpg,253,4,0,0.0004524641844909638,0.00028971172287128866,0.0002072726347250864,0.50226229429245,0.5014485716819763,0.5010363459587097,0.0,0.0,0.0
query,578,0253_s000_v7_009.jpg,253,7,0,0.0004524641844909638,0.0002897116355597973,0.0002072729403153062,0.50226229429245,0.5014485716819763,0.5010363459587097,0.0,0.0,0.0
query,579,0253_s001_v0_004.jpg,253,0,1,0.0004524641844909638,0.00028971166466362774,0.0002072728966595605,0.50226229429245,0.5014485716819763,0.5010363459587097,0.0,0.0,0.0
query,580,0253_s001_v1_008.jpg,253,1,1,0.0004524641844909638,0.00028971166466362774,0.0002072729403153062,0.50226229429245,0.5014485716819763,0.5010363459587097,0.0,0.0,0.0
query,581,0253_s001_v2_006.jpg,253,2,1,0.0004524641844909638,0.0002897116937674582,0.00020727292576339096,0.50226229429245,0.5014485716819763,0.5010363459587097,0.0,0.0,0.0
query,582,0253_s001_v3_009.jpg,253,3,1,0.0004524641844909638,0.00028971166466362774,0.00020727334776893258,0.50226229429245,0.5014485716819763,0.5010363459587097,0.0,0.0,0.0
query,583,0253_s001_v4_005.jpg,253,4,1,0.0004524641844909638,0.0002897116937674582,0.00020727276569232345,0.50226229429245,0.5014485716819763,0.5010363459587097,0.0,0.0,0.0
query,584,0253_s001_v5_010.jpg,253,5,1,0.0004524641844909638,0.00028971166466362774,0.00020727327500935644,0.50226229429245,0.5014485716819763,0.5010363459587097,0.0,0.0,0.0
query,585,0253_s001_v6_007.jpg,253,6,1,0.0004524641844909638,0.00028971166466362774,0.00020727331866510212,0.50226229429245,0.5014485716819763,0.5010363459587097,0.0,0.0,0.0
query,586,0253_s001_v7_011.jpg,253,7,1,0.0004524641844909638,0.00028971166466362774,0.00020727321680169553,0.50226229429245,0.5014485716819763,0.5010363459587097,0.0,0.0,0.0
query,587,0253_s030_v1_000.jpg,253,1,30,0.00045246415538713336,0.0002897117519751191,0.00020727272203657776,0.50226229429245,0.5014485716819763,0.5010363459587097,0.0,0.0,0.0
query,588,0253_s030_v3_001.jpg,253,3,30,0.0004524641844909638,0.00028971166466362774,0.0002072733623208478,0.50226229429245,0.5014485716819763,0.5010363459587097,0.0,0.0,0.0
query,589,0253_s030_v5_002.jpg,253,5,30,0.0004524641844909638,0.0002897116937674582,0.0002072728384518996,0.50226229429245,0.5014485716819763,0.5010363459587097,0.0,0.0,0.0
query,590,0253_s030_v7_003.jpg,253,7,30,0.0004524641844909638,0.0002897116937674582,0.00020727334776893258,0.50226229429245,0.5014485716819763,0.5010363459587097,0.0,0.0,0.0
gallery,0,0002_s002_v0_000.jpg,2,0,2,0.0004524641844909638,0.00028971166466362774,0.00020727311493828893,0.50226229429245,0.5014485716819763,0.5010363459587097,0.0,0.0,0.0
gallery,1,0002_s002_v3_001.jpg,2,3,2,0.0004524641844909638,0.0002897116355597973,0.00020727307128254324,0.50226229429245,0.5014485716819763,0.5010363459587097,0.0,0.0,0.0
gallery,2,0002_s013_v1_002.jpg,2,1,13,0.0004524641844909638,0.0002897116937674582,0.00020727288210764527,0.50226229429245,0.5014485716819763,0.5010363459587097,0.0,0.0,0.0
gallery,3,0002_s013_v4_003.jpg,2,4,13,0.0004524641844909638,0.00028971166466362774,0.0002072732604574412,0.50226229429245,0.5014485716819763,0.5010363459587097,0.0,0.0,0.0
gallery,4,0004_s002_v3_000.jpg,4,3,2,0.0004524641844909638,0.0002897116937674582,0.00020727308583445847,0.50226229429245,0.5014485716819763,0.5010363459587097,0.0,0.0,0.0
gallery,5,0004_s007_v1_010.jpg,4,1,7,0.0004524641844909638,0.00028971172287128866,0.00020727295486722142,0.50226229429245,0.5014485716819763,0.5010363459587097,0.0,0.0,0.0
gallery,6,0004_s007_v6_011.jpg,4,6,7,0.0004524641844909638,0.00028971172287128866,0.0002072731003863737,0.50226229429245,0.5014485716819763,0.5010363459587097,0.0,0.0,0.0
gallery,7,0004_s021_v1_001.jpg,4,1,21,0.0004524641844909638,0.00028971172287128866,0.00020727323135361075,0.50226229429245,0.5014485716819763,0.5010363459587097,0.0,0.0,0.0
gallery,8,0004_s021_v7_002.jpg,4,7,21,0.00045246415538713336,0.00028971178107894957,0.00020727314404211938,0.50226229429245,0.5014485716819763,0.5010363459587097,0.0,0.0,0.0
gallery,9,0004_s022_v3_003.jpg,4,3,22,0.0004524641844909638,0.0002897116937674582,0.0002072732604574412,0.50226229429245,0.5014485716819763,0.5010363459587097,0.0,0.0,0.0
gallery,10,0004_s022_v4_004.jpg,4,4,22,0.0004524641844909638,0.00028971172287128866,0.00020727296941913664,0.50226229429245,0.5014485716819763,0.5010363459587097,0.0,0.0,0.0
gallery,11,0004_s026_v0_005.jpg,4,0,26,0.00045246415538713336,0.00028971178107894957,0.00020727266382891685,0.50226229429245,0.5014485716819763,0.5010363459587097,0.0,0.0,0.0
gallery,12,0004_s026_v1_006.jpg,4,1,26,0.0004524641844909638,0.00028971172287128866,0.00020727302762679756,0.50226229429245,0.5014485716819763,0.5010363459587097,0.0,0.0,0.0
gallery,13,0004_s026_v2_007.jpg,4,2,26,0.0004524641844909638,0.00028971172287128866,0.00020727291121147573,0.50226229429245,0.5014485716819763,0.5010363459587097,0.0,0.0,0.0
gallery,14,0004_s026_v6_008.jpg,4,6,26,0.00045246415538713336,0.00028971172287128866,0.00020727222727146,0.50226229429245,0.5014485716819763,0.5010363459587097,0.0,0.0,0.0
gallery,15,0004_s026_v7_009.jpg,4,7,26,0.00045246415538713336,0.0002897117519751191,0.00020727280934806913,0.50226229429245,0.5014485716819763,0.5010363459587097,0.0,0.0,0.0
gallery,16,0006_s002_v1_000.jpg,6,1,2,0.0004524641844909638,0.00028971172287128866,0.00020727240189444274,0.50226229429245,0.5014485716819763,0.5010363459587097,0.0,0.0,0.0
gallery,17,0006_s002_v7_001.jpg,6,7,2,0.0004524641844909638,0.00028971172287128866,0.00020727237279061228,0.50226229429245,0.5014485716819763,0.5010363459587097,0.0,0.0,0.0
gallery,18,0006_s007_v0_012.jpg,6,0,7,0.0004524641844909638,0.0002897116937674582,0.00020727307128254324,0.50226229429245,0.5014485716819763,0.5010363459587097,0.0,0.0,0.0
gallery,19,0006_s007_v4_013.jpg,6,4,7,0.0004524641844909638,0.0002897116355597973,0.0002072733623208478,0.50226229429245,0.5014485716819763,0.5010363459587097,0.0,0.0,0.0
gallery,20,0006_s007_v5_014.jpg,6,5,7,0.0004524641844909638,0.00028971166466362774,0.0002072734641842544,0.50226229429245,0.5014485716819763,0.5010363459587097,0.0,0.0,0.0
gallery,21,0006_s007_v6_015.jpg,6,6,7,0.0004524641844909638,0.00028971166466362774,0.00020727318769786507,0.50226229429245,0.5014485716819763,0.5010363459587097,0.0,0.0,0.0
gallery,22,0006_s027_v1_002.jpg,6,1,27,0.0004524641844909638,0.0002897116937674582,0.00020727286755573004,0.50226229429245,0.5014485716819763,0.5010363459587097,0.0,0.0,0.0
gallery,23,0006_s027_v2_003.jpg,6,2,27,0.0004524641844909638,0.00028971166466362774,0.00020727291121147573,0.50226229429245,0.5014485716819763,0.5010363459587097,0.0,0.0,0.0
gallery,24,0006_s027_v3_004.jpg,6,3,27,0.0004524641844909638,0.0002897116937674582,0.00020727260562125593,0.50226229429245,0.5014485716819763,0.5010363459587097,0.0,0.0,0.0
gallery,25,0006_s027_v4_005.jpg,6,4,27,0.0004524641844909638,0.00028971166466362774,0.00020727288210764527,0.50226229429245,0.5014485716819763,0.5010363459587097,0.0,0.0,0.0
gallery,26,0006_s027_v5_006.jpg,6,5,27,0.0004524641844909638,0.00028971166466362774,0.00020727324590552598,0.50226229429245,0.5014485716819763,0.5010363459587097,0.0,0.0,0.0
gallery,27,0006_s027_v7_007.jpg,6,7,27,0.0004524641844909638,0.0002897116937674582,0.00020727298397105187,0.50226229429245,0.5014485716819763,0.5010363459587097,0.0,0.0,0.0
gallery,28,0006_s028_v2_008.jpg,6,2,28,0.0004524641844909638,0.00028971166466362774,0.00020727288210764527,0.50226229429245,0.5014485716819763,0.5010363459587097,0.0,0.0,0.0
gallery,29,0006_s028_v3_009.jpg,6,3,28,0.0004524641844909638,0.00028971172287128866,0.00020727254741359502,0.50226229429245,0.5014485716819763,0.5010363459587097,0.0,0.0,0.0
gallery,30,0006_s028_v4_010.jpg,6,4,28,0.0004524641844909638,0.0002897116937674582,0.00020727288210764527,0.50226229429245,0.5014485716819763,0.5010363459587097,0.0,0.0,0.0
gallery,31,0006_s028_v5_011.jpg,6,5,28,0.0004524641844909638,0.00028971166466362774,0.00020727295486722142,0.50226229429245,0.5014485716819763,0.5010363459587097,0.0,0.0,0.0
gallery,32,0008_s002_v0_000.jpg,8,0,2,0.0004524641844909638,0.0002897116937674582,0.0002072729985229671,0.50226229429245,0.5014485716819763,0.5010363459587097,0.0,0.0,0.0
gallery,33,0008_s002_v3_001.jpg,8,3,2,0.0004524641844909638,0.0002897116937674582,0.0002072726929327473,0.50226229429245,0.5014485716819763,0.5010363459587097,0.0,0.0,0.0
gallery,34,0008_s002_v5_002.jpg,8,5,2,0.0004524641844909638,0.0002897116937674582,0.0002072726347250864,0.50226229429245,0.5014485716819763,0.5010363459587097,0.0,0.0,0.0
gallery,35,0008_s005_v3_013.jpg,8,3,5,0.0004524641844909638,0.0002897116937674582,0.0002072727947961539,0.50226229429245,0.5014485716819763,0.5010363459587097,0.0,0.0,0.0
gallery,36,0008_s005_v5_014.jpg,8,5,5,0.0004524641844909638,0.0002897116937674582,0.00020727295486722142,0.50226229429245,0.5014485716819763,0.5010363459587097,0.0,0.0,0.0
gallery,37,0008_s018_v4_003.jpg,8,4,18,0.0004524641844909638,0.0002897116937674582,0.00020727285300381482,0.50226229429245,0.5014485716819763,0.5010363459587097,0.0,0.0,0.0
gallery,38,0008_s018_v5_004.jpg,8,5,18,0.0004524641844909638,0.0002897116937674582,0.00020727270748466253,0.50226229429245,0.5014485716819763,0.5010363459587097,0.0,0.0,0.0
gallery,39,0008_s025_v0_005.jpg,8,0,25,0.0004524641844909638,0.00028971172287128866,0.00020727328956127167,0.50226229429245,0.5014485716819763,0.5010363459587097,0.0,0.0,0.0
gallery,40,0008_s025_v1_006.jpg,8,1,25,0.0004524641844909638,0.0002897117519751191,0.0002072729985229671,0.50226229429245,0.5014485716819763,0.5010363459587097,0.0,0.0,0.0
gallery,41,0008_s025_v2_007.jpg,8,2,25,0.0004524641844909638,0.00028971166466362774,0.00020727305673062801,0.50226229429245,0.5014485716819763,0.5010363459587097,0.0,0.0,0.0
gallery,42,0008_s025_v3_008.jpg,8,3,25,0.0004524641844909638,0.00028971172287128866,0.00020727298397105187,0.50226229429245,0.5014485716819763,0.5010363459587097,0.0,0.0,0.0
gallery,43,0008_s025_v4_009.jpg,8,4,25,0.0004524641844909638,0.0002897117519751191,0.00020727305673062801,0.50226229429245,0.5014485716819763,0.5010363459587097,0.0,0.0,0.0
gallery,44,0008_s025_v5_010.jpg,8,5,25,0.00045246415538713336,0.0002897117519751191,0.00020727260562125593,0.50226229429245,0.5014485716819763,0.5010363459587097,0.0,0.0,0.0
gallery,45,0008_s025_v6_011.jpg,8,6,25,0.00045246415538713336,0.0002897117519751191,0.0002072726347250864,0.50226229429245,0.5014485716819763,0.5010363459587097,0.0,0.0,0.0
gallery,46,0008_s025_v7_012.jpg,8,7,25,0.0004524641844909638,0.00028971172287128866,0.00020727311493828893,0.50226229429245,0.5014485716819763,0.5010363459587097,0.0,0.0,0.0
gallery,47,0010_s002_v1_000.jpg,10,1,2,0.0004524641844909638,0.00028971166466362774,0.0002072731585940346,0.50226229429245,0.5014485716819763,0.5010363459587097,0.0,0.0,0.0
gallery,48,0010_s002_v4_001.jpg,10,4,2,0.0004524641844909638,0.0002897116937674582,0.00020727278024423867,0.50226229429245,0.5014485716819763,0.5010363459587097,0.0,0.0,0.0
gallery,49,0010_s002_v7_002.jpg,10,7,2,0.0004524641844909638,0.0002897116937674582,0.00020727296941913664,0.50226229429245,0.5014485716819763,0.5010363459587097,0.0,0.0,0.0
gallery,50,0010_s011_v4_003.jpg,10,4,11,0.0004524641844909638,0.0002897116937674582,0.00020727298397105187,0.50226229429245,0.5014485716819763,0.5010363459587097,0.0,0.0,0.0
gallery,51,0010_s011_v6_004.jpg,10,6,11,0.0004524641844909638,0.00028971172287128866,0.00020727292576339096,0.50226229429245,0.5014485716819763,0.5010363459587097,0.0,0.0,0.0
gallery,52,0010_s011_v7_005.jpg,10,7,11,0.0004524641844909638,0.00028971172287128866,0.0002072732022497803,0.50226229429245,0.5014485716819763,0.5010363459587097,0.0,0.0,0.0
gallery,53,0012_s002_v4_000.jpg,12,4,2,0.0004524641844909638,0.00028971166466362774,0.00020727321680169553,0.50226229429245,0.5014485716819763,0.5010363459587097,0.0,0.0,0.0
gallery,54,0012_s002_v7_001.jpg,12,7,2,0.0004524641844909638,0.00028971172287128866,0.0002072727947961539,0.50226229429245,0.5014485716819763,0.5010363459587097,0.0,0.0,0.0
gallery,55,0012_s003_v0_002.jpg,12,0,3,0.0004524641844909638,0.00028971172287128866,0.000207272736588493,0.50226229429245,0.5014485716819763,0.5010363459587097,0.0,0.0,0.0
gallery,56,0012_s003_v1_003.jpg,12,1,3,0.0004524641844909638,0.00028971172287128866,0.0002072728966595605,0.50226229429245,0.5014485716819763,0.5010363459587097,0.0,0.0,0.0
gallery,57,0014_s002_v1_000.jpg,14,1,2,0.0004524641844909638,0.0002897116355597973,0.0002072733623208478,0.50226229429245,0.5014485716819763,0.5010363459587097,0.0,0.0,0.0
gallery,58,0014_s002_v3_001.jpg,14,3,2,0.0004524641844909638,0.00028971166466362774,0.0002072731003863737,0.50226229429245,0.5014485716819763,0.5010363459587097,0.0,0.0,0.0
gallery,59,0014_s005_v3_007.jpg,14,3,5,0.0004524641844909638,0.00028971172287128866,0.00020727291121147573,0.50226229429245,0.5014485716819763,0.5010363459587097,0.0,0.0,0.0
gallery,60,0014_s020_v0_002.jpg,14,0,20,0.0004524641844909638,0.00028971166466362774,0.00020727318769786507,0.50226229429245,0.5014485716819763,0.5010363459587097,0.0,0.0,0.0
gallery,61,0014_s020_v1_003.jpg,14,1,20,0.0004524641844909638,0.0002897116355597973,0.00020727331866510212,0.50226229429245,0.5014485716819763,0.5010363459587097,0.0,0.0,0.0
gallery,62,0014_s020_v2_004.jpg,14,2,20,0.0004524641844909638,0.00028971166466362774,0.00020727312949020416,0.50226229429245,0.5014485716819763,0.5010363459587097,0.0,0.0,0.0
gallery,63,0014_s020_v3_005.jpg,14,3,20,0.0004524641844909638,0.00028971166466362774,0.00020727323135361075,0.50226229429245,0.5014485716819763,0.5010363459587097,0.0,0.0,0.0
gallery,64,0014_s020_v4_006.jpg,14,4,20,0.0004524641844909638,0.00028971166466362774,0.0002072728384518996,0.50226229429245,0.5014485716819763,0.5010363459587097,0.0,0.0,0.0
gallery,65,0016_s002_v0_000.jpg,16,0,2,0.0004524641844909638,0.00028971172287128866,0.00020727267838083208,0.50226229429245,0.5014485716819763,0.5010363459587097,0.0,0.0,0.0
gallery,66,0016_s002_v3_001.jpg,16,3,2,0.0004524641844909638,0.00028971172287128866,0.00020727262017317116,0.50226229429245,0.5014485716819763,0.5010363459587097,0.0,0.0,0.0
gallery,67,0016_s002_v5_002.jpg,16,5,2,0.0004524641844909638,0.00028971172287128866,0.0002072725910693407,0.50226229429245,0.5014485716819763,0.5010363459587097,0.0,0.0,0.0
gallery,68,0016_s003_v0_003.jpg,16,0,3,0.0004524641844909638,0.0002897116937674582,0.00020727311493828893,0.50226229429245,0.5014485716819763,0.5010363459587097,0.0,0.0,0.0
gallery,69,0016_s003_v3_004.jpg,16,3,3,0.0004524641844909638,0.00028971172287128866,0.0002072731585940346,0.50226229429245,0.5014485716819763,0.5010363459587097,0.0,0.0,0.0
gallery,70,0016_s004_v1_005.jpg,16,1,4,0.0004524641844909638,0.00028971172287128866,0.00020727331866510212,0.50226229429245,0.5014485716819763,0.5010363459587097,0.0,0.0,0.0
gallery,71,0016_s004_v3_006.jpg,16,3,4,0.00045246415538713336,0.0002897117519751191,0.0002072729403153062,0.50226229429245,0.5014485716819763,0.5010363459587097,0.0,0.0,0.0
gallery,72,0016_s004_v5_007.jpg,16,5,4,0.0004524641844909638,0.00028971172287128866,0.00020727302762679756,0.50226229429245,0.5014485716819763,0.5010363459587097,0.0,0.0,0.0
gallery,73,0018_s002_v1_000.jpg,18,1,2,0.0004524642135947943,0.00028971160645596683,0.00020727333321701735,0.50226229429245,0.5014485716819763,0.5010363459587097,0.0,0.0,0.0
gallery,74,0018_s002_v4_001.jpg,18,4,2,0.0004524641844909638,0.0002897116355597973,0.00020727296941913664,0.50226229429245,0.5014485716819763,0.5010363459587097,0.0,0.0,0.0
gallery,75,0020_s003_v4_000.jpg,20,4,3,0.0004524641844909638,0.0002897116355597973,0.00020727318769786507,0.50226229429245,0.5014485716819763,0.5010363459587097,0.0,0.0,0.0
gallery,76,0020_s003_v5_001.jpg,20,5,3,0.0004524642135947943,0.00028971160645596683,0.00020727343508042395,0.50226229429245,0.5014485716819763,0.5010363459587097,0.0,0.0,0.0
gallery,77,0020_s003_v7_002.jpg,20,7,3,0.0004524642135947943,0.00028971160645596683,0.00020727333321701735,0.50226229429245,0.5014485716819763,0.5010363459587097,0.0,0.0,0.0
gallery,78,0020_s025_v0_003.jpg,20,0,25,0.0004524641844909638,0.0002897116355597973,0.00020727323135361075,0.50226229429245,0.5014485716819763,0.5010363459587097,0.0,0.0,0.0
gallery,79,0020_s025_v3_004.jpg,20,3,25,0.0004524641844909638,0.0002897116355597973,0.00020727318769786507,0.50226229429245,0.5014485716819763,0.5010363459587097,0.0,0.0,0.0
gallery,80,0020_s025_v4_005.jpg,20,4,25,0.0004524641844909638,0.0002897116355597973,0.00020727317314594984,0.50226229429245,0.5014485716819763,0.5010363459587097,0.0,0.0,0.0
gallery,81,0020_s025_v5_006.jpg,20,5,25,0.0004524641844909638,0.0002897116355597973,0.00020727318769786507,0.50226229429245,0.5014485716819763,0.5010363459587097,0.0,0.0,0.0
gallery,82,0020_s025_v6_007.jpg,20,6,25,0.0004524641844909638,0.00028971166466362774,0.00020727280934806913,0.50226229429245,0.5014485716819763,0.5010363459587097,0.0,0.0,0.0
gallery,83,0020_s026_v0_008.jpg,20,0,26,0.0004524642135947943,0.00028971160645596683,0.00020727342052850872,0.50226229429245,0.5014485716819763,0.5010363459587097,0.0,0.0,0.0
gallery,84,0020_s026_v1_009.jpg,20,1,26,0.0004524642135947943,0.00028971160645596683,0.00020727334776893258,0.50226229429245,0.5014485716819763,0.5010363459587097,0.0,0.0,0.0
gallery,85,0020_s026_v2_010.jpg,20,2,26,0.0004524642135947943,0.00028971160645596683,0.00020727333321701735,0.50226229429245,0.5014485716819763,0.5010363459587097,0.0,0.0,0.0
gallery,86,0020_s026_v3_011.jpg,20,3,26,0.0004524641844909638,0.0002897116355597973,0.00020727318769786507,0.50226229429245,0.5014485716819763,0.5010363459587097,0.0,0.0,0.0
gallery,87,0020_s026_v4_012.jpg,20,4,26,0.0004524641844909638,0.0002897116355597973,0.0002072731003863737,0.50226229429245,0.5014485716819763,0.5010363459587097,0.0,0.0,0.0
gallery,88,0020_s026_v5_013.jpg,20,5,26,0.0004524641844909638,0.0002897116355597973,0.0002072732604574412,0.50226229429245,0.5014485716819763,0.5010363459587097,0.0,0.0,0.0
gallery,89,0020_s026_v7_014.jpg,20,7,26,0.0004524641844909638,0.0002897116355597973,0.00020727302762679756,0.50226229429245,0.5014485716819763,0.5010363459587097,0.0,0.0,0.0
gallery,90,0020_s027_v0_015.jpg,20,0,27,0.0004524641844909638,0.00028971166466362774,0.00020727288210764527,0.50226229429245,0.5014485716819763,0.5010363459587097,0.0,0.0,0.0
gallery,91,0020_s027_v1_016.jpg,20,1,27,0.0004524641844909638,0.0002897116937674582,0.00020727266382891685,0.50226229429245,0.5014485716819763,0.5010363459587097,0.0,0.0,0.0
gallery,92,0020_s027_v3_017.jpg,20,3,27,0.0004524641844909638,0.0002897116355597973,0.00020727317314594984,0.50226229429245,0.5014485716819763,0.5010363459587097,0.0,0.0,0.0
gallery,93,0020_s027_v4_018.jpg,20,4,27,0.0004524641844909638,0.0002897116355597973,0.00020727298397105187,0.50226229429245,0.5014485716819763,0.5010363459587097,0.0,0.0,0.0
gallery,94,0020_s027_v5_019.jpg,20,5,27,0.0004524641844909638,0.0002897116355597973,0.00020727331866510212,0.50226229429245,0.5014485716819763,0.5010363459587097,0.0,0.0,0.0
gallery,95,0020_s027_v6_020.jpg,20,6,27,0.0004524641844909638,0.00028971160645596683,0.0002072731003863737,0.50226229429245,0.5014485716819763,0.5010363459587097,0.0,0.0,0.0
gallery,96,0020_s027_v7_021.jpg,20,7,27,0.0004524641844909638,0.00028971166466362774,0.00020727288210764527,0.50226229429245,0.5014485716819763,0.5010363459587097,0.0,0.0,0.0
gallery,97,0020_s028_v0_022.jpg,20,0,28,0.0004524641844909638,0.0002897116355597973,0.00020727328956127167,0.50226229429245,0.5014485716819763,0.5010363459587097,0.0,0.0,0.0
gallery,98,0020_s028_v1_023.jpg,20,1,28,0.0004524642135947943,0.00028971160645596683,0.0002072732604574412,0.50226229429245,0.5014485716819763,0.5010363459587097,0.0,0.0,0.0
gallery,99,0020_s028_v3_024.jpg,20,3,28,0.0004524641844909638,0.0002897116355597973,0.0002072732604574412,0.50226229429245,0.5014485716819763,0.5010363459587097,0.0,0.0,0.0
gallery,100,0020_s028_v5_025.jpg,20,5,28,0.0004524641844909638,0.00028971166466362774,0.00020727308583445847,0.50226229429245,0.5014485716819763,0.5010363459587097,0.0,0.0,0.0
gallery,101,0020_s030_v1_026.jpg,20,1,30,0.0004524641844909638,0.0002897116355597973,0.00020727333321701735,0.50226229429245,0.5014485716819763,0.5010363459587097,0.0,0.0,0.0
gallery,102,0020_s030_v4_027.jpg,20,4,30,0.0004524641844909638,0.00028971166466362774,0.00020727308583445847,0.50226229429245,0.5014485716819763,0.5010363459587097,0.0,0.0,0.0
gallery,103,0020_s030_v5_028.jpg,20,5,30,0.0004524641844909638,0.00028971166466362774,0.00020727305673062801,0.50226229429245,0.5014485716819763,0.5010363459587097,0.0,0.0,0.0
gallery,104,0020_s030_v6_029.jpg,20,6,30,0.0004524641844909638,0.00028971166466362774,0.0002072729985229671,0.50226229429245,0.5014485716819763,0.5010363459587097,0.0,0.0,0.0
gallery,105,0020_s030_v7_030.jpg,20,7,30,0.0004524641844909638,0.0002897116355597973,0.00020727327500935644,0.50226229429245,0.5014485716819763,0.5010363459587097,0.0,0.0,0.0
gallery,106,0022_s003_v3_007.jpg,22,3,3,0.0004524642135947943,0.00028971160645596683,0.00020727368246298283,0.50226229429245,0.5014485716819763,0.5010363459587097,0.0,0.0,0.0
gallery,107,0022_s003_v5_008.jpg,22,5,3,0.0004524642135947943,0.00028971160645596683,0.00020727390074171126,0.50226229429245,0.5014485716819763,0.5010363459587097,0.0,0.0,0.0
gallery,108,0022_s012_v4_000.jpg,22,4,12,0.0004524641844909638,0.0002897116355597973,0.00020727342052850872,0.50226229429245,0.5014485716819763,0.5010363459587097,0.0,0.0,0.0
gallery,109,0022_s012_v7_001.jpg,22,7,12,0.0004524642135947943,0.00028971160645596683,0.0002072734641842544,0.50226229429245,0.5014485716819763,0.5010363459587097,0.0,0.0,0.0
gallery,110,0022_s019_v0_002.jpg,22,0,19,0.0004524641844909638,0.00028971160645596683,0.0002072733041131869,0.50226229429245,0.5014485716819763,0.5010363459587097,0.0,0.0,0.0
gallery,111,0022_s019_v3_003.jpg,22,3,19,0.0004524642135947943,0.00028971160645596683,0.00020727385708596557,0.50226229429245,0.5014485716819763,0.5010363459587097,0.0,0.0,0.0
gallery,112,0022_s019_v4_004.jpg,22,4,19,0.0004524642135947943,0.00028971160645596683,0.00020727358059957623,0.50226229429245,0.5014485716819763,0.5010363459587097,0.0,0.0,0.0
gallery,113,0022_s019_v5_005.jpg,22,5,19,0.0004524641844909638,0.0002897116355597973,0.000207273566047661,0.50226229429245,0.5014485716819763,0.5010363459587097,0.0,0.0,0.0
gallery,114,0022_s019_v7_006.jpg,22,7,19,0.0004524641844909638,0.0002897116355597973,0.00020727343508042395,0.50226229429245,0.5014485716819763,0.5010363459587097,0.0,0.0,0.0
gallery,115,0024_s000_v0_026.jpg,24,0,0,0.0004524641844909638,0.0002897116355597973,0.00020727333321701735,0.50226229429245,0.5014485716819763,0.5010363459587097,0.0,0.0,0.0
gallery,116,0024_s000_v1_030.jpg,24,1,0,0.0004524641844909638,0.00028971166466362774,0.0002072733623208478,0.50226229429245,0.5014485716819763,0.5010363459587097,0.0,0.0,0.0
gallery,117,0024_s000_v2_028.jpg,24,2,0,0.0004524641844909638,0.0002897116937674582,0.00020727276569232345,0.50226229429245,0.5014485716819763,0.5010363459587097,0.0,0.0,0.0
gallery,118,0024_s000_v3_031.jpg,24,3,0,0.0004524642135947943,0.0002897116355597973,0.000207273566047661,0.50226229429245,0.5014485716819763,0.5010363459587097,0.0,0.0,0.0
gallery,119,0024_s000_v4_027.jpg,24,4,0,0.0004524641844909638,0.00028971166466362774,0.00020727301307488233,0.50226229429245,0.5014485716819763,0.5010363459587097,0.0,0.0,0.0
gallery,120,0024_s000_v5_032.jpg,24,5,0,0.0004524642135947943,0.00028971160645596683,0.0002072735078400001,0.50226229429245,0.5014485716819763,0.5010363459587097,0.0,0.0,0.0
gallery,121,0024_s000_v6_029.jpg,24,6,0,0.0004524641844909638,0.00028971166466362774,0.00020727304217871279,0.50226229429245,0.5014485716819763,0.5010363459587097,0.0,0.0,0.0
gallery,122,0024_s000_v7_033.jpg,24,7,0,0.0004524641844909638,0.00028971166466362774,0.0002072732604574412,0.50226229429245,0.5014485716819763,0.5010363459587097,0.0,0.0,0.0
gallery,123,0024_s003_v0_004.jpg,24,0,3,0.0004524641844909638,0.00028971166466362774,0.00020727311493828893,0.50226229429245,0.5014485716819763,0.5010363459587097,0.0,0.0,0.0
gallery,124,0024_s003_v5_005.jpg,24,5,3,0.0004524642135947943,0.0002897116355597973,0.00020727369701489806,0.50226229429245,0.5014485716819763,0.5010363459587097,0.0,0.0,0.0
gallery,125,0024_s003_v6_006.jpg,24,6,3,0.0004524641844909638,0.0002897116937674582,0.00020727333321701735,0.50226229429245,0.5014485716819763,0.5010363459587097,0.0,0.0,0.0
gallery,126,0024_s012_v0_000.jpg,24,0,12,0.0004524641844909638,0.0002897116937674582,0.0002072729985229671,0.50226229429245,0.5014485716819763,0.5010363459587097,0.0,0.0,0.0
gallery,127,0024_s012_v3_001.jpg,24,3,12,0.0004524642135947943,0.0002897116355597973,0.00020727363880723715,0.50226229429245,0.5014485716819763,0.5010363459587097,0.0,0.0,0.0
gallery,128,0024_s012_v5_002.jpg,24,5,12,0.0004524642135947943,0.00028971160645596683,0.0002072739735012874,0.50226229429245,0.5014485716819763,0.5010363459587097,0.0,0.0,0.0
gallery,129,0024_s012_v7_003.jpg,24,7,12,0.0004524641844909638,0.00028971166466362774,0.00020727353694383055,0.50226229429245,0.5014485716819763,0.5010363459587097,0.0,0.0,0.0
gallery,130,0024_s025_v0_007.jpg,24,0,25,0.0004524641844909638,0.00028971166466362774,0.00020727328956127167,0.50226229429245,0.5014485716819763,0.5010363459587097,0.0,0.0,0.0
gallery,131,0024_s025_v1_008.jpg,24,1,25,0.0004524641844909638,0.0002897116937674582,0.00020727337687276304,0.50226229429245,0.5014485716819763,0.5010363459587097,0.0,0.0,0.0
gallery,132,0024_s025_v2_009.jpg,24,2,25,0.0004524641844909638,0.0002897116937674582,0.00020727311493828893,0.50226229429245,0.5014485716819763,0.5010363459587097,0.0,0.0,0.0
gallery,133,0024_s025_v3_010.jpg,24,3,25,0.0004524641844909638,0.00028971166466362774,0.00020727363880723715,0.50226229429245,0.5014485716819763,0.5010363459587097,0.0,0.0,0.0
gallery,134,0024_s025_v4_011.jpg,24,4,25,0.0004524641844909638,0.00028971166466362774,0.00020727328956127167,0.50226229429245,0.5014485716819763,0.5010363459587097,0.0,0.0,0.0
gallery,135,0024_s025_v5_012.jpg,24,5,25,0.0004524641844909638,0.00028971166466362774,0.00020727311493828893,0.50226229429245,0.5014485716819763,0.5010363459587097,0.0,0.0,0.0
gallery,136,0024_s025_v7_013.jpg,24,7,25,0.0004524641844909638,0.00028971166466362774,0.0002072729403153062,0.50226229429245,0.5014485716819763,0.5010363459587097,0.0,0.0,0.0
gallery,137,0024_s028_v0_014.jpg,24,0,28,0.0004524641844909638,0.00028971172287128866,0.00020727295486722142,0.50226229429245,0.5014485716819763,0.5010363459587097,0.0,0.0,0.0
gallery,138,0024_s028_v1_015.jpg,24,1,28,0.0004524641844909638,0.0002897116355597973,0.00020727343508042395,0.50226229429245,0.5014485716819763,0.5010363459587097,0.0,0.0,0.0
gallery,139,0024_s028_v2_016.jpg,24,2,28,0.0004524641844909638,0.0002897116937674582,0.00020727302762679756,0.50226229429245,0.5014485716819763,0.5010363459587097,0.0,0.0,0.0
gallery,140,0024_s028_v3_017.jpg,24,3,28,0.0004524641844909638,0.00028971166466362774,0.00020727328956127167,0.50226229429245,0.5014485716819763,0.5010363459587097,0.0,0.0,0.0
gallery,141,0024_s028_v4_018.jpg,24,4,28,0.0004524641844909638,0.00028971166466362774,0.00020727331866510212,0.50226229429245,0.5014485716819763,0.5010363459587097,0.0,0.0,0.0
gallery,142,0024_s028_v5_019.jpg,24,5,28,0.0004524641844909638,0.0002897116937674582,0.00020727318769786507,0.50226229429245,0.5014485716819763,0.5010363459587097,0.0,0.0,0.0
gallery,143,0024_s028_v6_020.jpg,24,6,28,0.0004524641844909638,0.0002897116937674582,0.00020727349328808486,0.50226229429245,0.5014485716819763,0.5010363459587097,0.0,0.0,0.0
gallery,144,0024_s028_v7_021.jpg,24,7,28,0.0004524641844909638,0.00028971166466362774,0.0002072735078400001,0.50226229429245,0.5014485716819763,0.5010363459587097,0.0,0.0,0.0
gallery,145,0024_s029_v1_022.jpg,24,1,29,0.0004524641844909638,0.00028971166466362774,0.00020727359515149146,0.50226229429245,0.5014485716819763,0.5010363459587097,0.0,0.0,0.0
gallery,146,0024_s029_v2_023.jpg,24,2,29,0.0004524641844909638,0.00028971166466362774,0.0002072731585940346,0.50226229429245,0.5014485716819763,0.5010363459587097,0.0,0.0,0.0
gallery,147,0024_s029_v3_024.jpg,24,3,29,0.0004524641844909638,0.0002897116355597973,0.00020727339142467827,0.50226229429245,0.5014485716819763,0.5010363459587097,0.0,0.0,0.0
gallery,148,0024_s029_v7_025.jpg,24,7,29,0.0004524641844909638,0.00028971172287128866,0.0002072728384518996,0.50226229429245,0.5014485716819763,0.5010363459587097,0.0,0.0,0.0
gallery,149,0026_s002_v2_000.jpg,26,2,2,0.0004524641844909638,0.00028971172287128866,0.00020727260562125593,0.50226229429245,0.5014485716819763,0.5010363459587097,0.0,0.0,0.0
gallery,150,0026_s002_v4_001.jpg,26,4,2,0.0004524641844909638,0.00028971172287128866,0.00020727234368678182,0.50226229429245,0.5014485716819763,0.5010363459587097,0.0,0.0,0.0
gallery,151,0026_s003_v1_007.jpg,26,1,3,0.0004524641844909638,0.00028971166466362774,0.00020727296941913664,0.50226229429245,0.5014485716819763,0.5010363459587097,0.0,0.0,0.0
gallery,152,0026_s003_v3_008.jpg,26,3,3,0.0004524641844909638,0.0002897116937674582,0.00020727292576339096,0.50226229429245,0.5014485716819763,0.5010363459587097,0.0,0.0,0.0
gallery,153,0026_s003_v5_009.jpg,26,5,3,0.0004524641844909638,0.0002897116937674582,0.00020727270748466253,0.50226229429245,0.5014485716819763,0.5010363459587097,0.0,0.0,0.0
gallery,154,0026_s005_v1_022.jpg,26,1,5,0.0004524641844909638,0.00028971172287128866,0.00020727296941913664,0.50226229429245,0.5014485716819763,0.5010363459587097,0.0,0.0,0.0
gallery,155,0026_s005_v3_023.jpg,26,3,5,0.0004524641844909638,0.0002897116937674582,0.00020727286755573004,0.50226229429245,0.5014485716819763,0.5010363459587097,0.0,0.0,0.0
gallery,156,0026_s014_v1_002.jpg,26,1,14,0.0004524641844909638,0.0002897116937674582,0.00020727331866510212,0.50226229429245,0.5014485716819763,0.5010363459587097,0.0,0.0,0.0
gallery,157,0026_s014_v4_003.jpg,26,4,14,0.0004524641844909638,0.0002897116937674582,0.00020727308583445847,0.50226229429245,0.5014485716819763,0.5010363459587097,0.0,0.0,0.0
gallery,158,0026_s020_v4_004.jpg,26,4,20,0.0004524641844909638,0.0002897116937674582,0.00020727324590552598,0.50226229429245,0.5014485716819763,0.5010363459587097,0.0,0.0,0.0
gallery,159,0026_s020_v5_005.jpg,26,5,20,0.0004524641844909638,0.0002897116937674582,0.00020727304217871279,0.50226229429245,0.5014485716819763,0.5010363459587097,0.0,0.0,0.0
gallery,160,0026_s020_v7_006.jpg,26,7,20,0.0004524641844909638,0.0002897116937674582,0.00020727317314594984,0.50226229429245,0.5014485716819763,0.5010363459587097,0.0,0.0,0.0
gallery,161,0026_s025_v0_010.jpg,26,0,25,0.00045246415538713336,0.0002897117519751191,0.0002072726929327473,0.50226229429245,0.5014485716819763,0.5010363459587097,0.0,0.0,0.0
gallery,162,0026_s025_v1_011.jpg,26,1,25,0.0004524641844909638,0.00028971172287128866,0.00020727262017317116,0.50226229429245,0.5014485716819763,0.5010363459587097,0.0,0.0,0.0
gallery,163,0026_s025_v4_012.jpg,26,4,25,0.0004524641844909638,0.00028971172287128866,0.0002072726929327473,0.50226229429245,0.5014485716819763,0.5010363459587097,0.0,0.0,0.0
gallery,164,0026_s025_v5_013.jpg,26,5,25,0.00045246415538713336,0.0002897117519751191,0.00020727254741359502,0.50226229429245,0.5014485716819763,0.5010363459587097,0.0,0.0,0.0
gallery,165,0026_s025_v6_014.jpg,26,6,25,0.00045246415538713336,0.00028971178107894957,0.00020727266382891685,0.50226229429245,0.5014485716819763,0.5010363459587097,0.0,0.0,0.0
gallery,166,0026_s025_v7_015.jpg,26,7,25,0.00045246415538713336,0.0002897117519751191,0.0002072726929327473,0.50226229429245,0.5014485716819763,0.5010363459587097,0.0,0.0,0.0
gallery,167,0026_s027_v1_016.jpg,26,1,27,0.00045246415538713336,0.00028971178107894957,0.00020727205264847726,0.50226229429245,0.5014485716819763,0.5010363459587097,0.0,0.0,0.0
gallery,168,0026_s027_v3_017.jpg,26,3,27,0.0004524641844909638,0.00028971172287128866,0.00020727260562125593,0.50226229429245,0.5014485716819763,0.5010363459587097,0.0,0.0,0.0
gallery,169,0026_s027_v4_018.jpg,26,4,27,0.0004524641844909638,0.00028971172287128866,0.00020727247465401888,0.50226229429245,0.5014485716819763,0.5010363459587097,0.0,0.0,0.0
gallery,170,0026_s027_v5_019.jpg,26,5,27,0.00045246415538713336,0.00028971178107894957,0.00020727224182337523,0.50226229429245,0.5014485716819763,0.5010363459587097,0.0,0.0,0.0
gallery,171,0026_s027_v6_020.jpg,26,6,27,0.00045246415538713336,0.00028971181018278003,0.00020727222727146,0.50226229429245,0.5014485716819763,0.5010363459587097,0.0,0.0,0.0
gallery,172,0026_s027_v7_021.jpg,26,7,27,0.00045246415538713336,0.00028971178107894957,0.00020727221271954477,0.50226229429245,0.5014485716819763,0.5010363459587097,0.0,0.0,0.0
gallery,173,0028_s004_v1_000.jpg,28,1,4,0.0004524642135947943,0.00028971160645596683,0.0002072731003863737,0.50226229429245,0.5014485716819763,0.5010363459587097,0.0,0.0,0.0
gallery,174,0028_s004_v3_001.jpg,28,3,4,0.0004524641844909638,0.00028971166466362774,0.0002072733623208478,0.50226229429245,0.5014485716819763,0.5010363459587097,0.0,0.0,0.0
gallery,175,0028_s004_v7_002.jpg,28,7,4,0.0004524641844909638,0.0002897116355597973,0.00020727304217871279,0.50226229429245,0.5014485716819763,0.5010363459587097,0.0,0.0,0.0
gallery,176,0030_s004_v5_002.jpg,30,5,4,0.0004524642135947943,0.0002897115773521364,0.00020727359515149146,0.50226229429245,0.5014485716819763,0.5010363459587097,0.0,0.0,0.0
gallery,177,0030_s004_v7_003.jpg,30,7,4,0.0004524642135947943,0.0002897115773521364,0.00020727349328808486,0.50226229429245,0.5014485716819763,0.5010363459587097,0.0,0.0,0.0
gallery,178,0030_s005_v5_004.jpg,30,5,5,0.0004524642135947943,0.0002897115773521364,0.0002072736097034067,0.50226229429245,0.5014485716819763,0.5010363459587097,0.0,0.0,0.0
gallery,179,0030_s005_v7_005.jpg,30,7,5,0.0004524642135947943,0.0002897115773521364,0.0002072737115668133,0.50226229429245,0.5014485716819763,0.5010363459587097,0.0,0.0,0.0
gallery,180,0030_s018_v0_000.jpg,30,0,18,0.0004524641844909638,0.00028971166466362774,0.00020727321680169553,0.50226229429245,0.5014485716819763,0.5010363459587097,0.0,0.0,0.0
gallery,181,0030_s018_v3_001.jpg,30,3,18,0.0004524642135947943,0.00028971160645596683,0.00020727349328808486,0.50226229429245,0.5014485716819763,0.5010363459587097,0.0,0.0,0.0
gallery,182,0032_s004_v1_000.jpg,32,1,4,0.0004524641844909638,0.0002897116937674582,0.0002072731585940346,0.50226229429245,0.5014485716819763,0.5010363459587097,0.0,0.0,0.0
gallery,183,0032_s004_v3_001.jpg,32,3,4,0.0004524641844909638,0.00028971172287128866,0.00020727295486722142,0.50226229429245,0.5014485716819763,0.5010363459587097,0.0,0.0,0.0
gallery,184,0032_s004_v7_002.jpg,32,7,4,0.0004524641844909638,0.00028971166466362774,0.0002072731003863737,0.50226229429245,0.5014485716819763,0.5010363459587097,0.0,0.0,0.0
gallery,185,0034_s004_v1_006.jpg,34,1,4,0.0004524641844909638,0.00028971166466362774,0.00020727328956127167,0.50226229429245,0.5014485716819763,0.5010363459587097,0.0,0.0,0.0
gallery,186,0034_s004_v3_007.jpg,34,3,4,0.0004524641844909638,0.0002897116355597973,0.0002072734641842544,0.50226229429245,0.5014485716819763,0.5010363459587097,0.0,0.0,0.0
gallery,187,0034_s005_v1_008.jpg,34,1,5,0.0004524641844909638,0.0002897116355597973,0.00020727358059957623,0.50226229429245,0.5014485716819763,0.5010363459587097,0.0,0.0,0.0
gallery,188,0034_s005_v3_009.jpg,34,3,5,0.0004524642135947943,0.0002897116355597973,0.00020727352239191532,0.50226229429245,0.5014485716819763,0.5010363459587097,0.0,0.0,0.0
gallery,189,0034_s005_v7_010.jpg,34,7,5,0.0004524641844909638,0.0002897116937674582,0.00020727296941913664,0.50226229429245,0.5014485716819763,0.5010363459587097,0.0,0.0,0.0
gallery,190,0034_s009_v1_011.jpg,34,1,9,0.0004524642135947943,0.00028971160645596683,0.00020727420633193105,0.50226229429245,0.5014485716819763,0.5010363459587097,0.0,0.0,0.0
gallery,191,0034_s009_v3_012.jpg,34,3,9,0.0004524641844909638,0.0002897116355597973,0.0002072733041131869,0.50226229429245,0.5014485716819763,0.5010363459587097,0.0,0.0,0.0
gallery,192,0034_s014_v1_000.jpg,34,1,14,0.0004524641844909638,0.0002897116937674582,0.00020727291121147573,0.50226229429245,0.5014485716819763,0.5010363459587097,0.0,0.0,0.0
gallery,193,0034_s014_v3_001.jpg,34,3,14,0.0004524641844909638,0.0002897116937674582,0.00020727292576339096,0.50226229429245,0.5014485716819763,0.5010363459587097,0.0,0.0,0.0
gallery,194,0034_s014_v4_002.jpg,34,4,14,0.0004524641844909638,0.0002897116355597973,0.0002072736097034067,0.50226229429245,0.5014485716819763,0.5010363459587097,0.0,0.0,0.0
gallery,195,0034_s018_v1_003.jpg,34,1,18,0.0004524641844909638,0.00028971166466362774,0.0002072736679110676,0.50226229429245,0.5014485716819763,0.5010363459587097,0.0,0.0,0.0
gallery,196,0034_s018_v3_004.jpg,34,3,18,0.0004524641844909638,0.00028971166466362774,0.00020727301307488233,0.50226229429245,0.5014485716819763,0.5010363459587097,0.0,0.0,0.0
gallery,197,0034_s018_v5_005.jpg,34,5,18,0.0004524641844909638,0.0002897116937674582,0.00020727298397105187,0.50226229429245,0.5014485716819763,0.5010363459587097,0.0,0.0,0.0
gallery,198,0036_s000_v0_011.jpg,36,0,0,0.0004524642135947943,0.0002897116355597973,0.00020727375522255898,0.50226229429245,0.5014485716819763,0.5010363459587097,0.0,0.0,0.0
gallery,199,0036_s000_v1_015.jpg,36,1,0,0.0004524641844909638,0.00028971166466362774,0.00020727344963233918,0.50226229429245,0.5014485716819763,0.5010363459587097,0.0,0.0,0.0
gallery,200,0036_s000_v2_013.jpg,36,2,0,0.0004524641844909638,0.0002897116355597973,0.00020727282389998436,0.50226229429245,0.5014485716819763,0.5010363459587097,0.0,0.0,0.0
gallery,201,0036_s000_v3_016.jpg,36,3,0,0.0004524641844909638,0.0002897116355597973,0.00020727344963233918,0.50226229429245,0.5014485716819763,0.5010363459587097,0.0,0.0,0.0
gallery,202,0036_s000_v4_012.jpg,36,4,0,0.0004524641844909638,0.00028971166466362774,0.00020727368246298283,0.50226229429245,0.5014485716819763,0.5010363459587097,0.0,0.0,0.0
gallery,203,0036_s000_v5_017.jpg,36,5,0,0.0004524642135947943,0.0002897116355597973,0.00020727374067064375,0.50226229429245,0.5014485716819763,0.5010363459587097,0.0,0.0,0.0
gallery,204,0036_s000_v6_014.jpg,36,6,0,0.00045246415538713336,0.00028971178107894957,0.00020727244555018842,0.50226229429245,0.5014485716819763,0.5010363459587097,0.0,0.0,0.0
gallery,205,0036_s004_v1_003.jpg,36,1,4,0.00045246415538713336,0.0002897117519751191,0.00020727189257740974,0.50226229429245,0.5014485716819763,0.5010363459587097,0.0,0.0,0.0
gallery,206,0036_s004_v3_004.jpg,36,3,4,0.0004524641844909638,0.0002897116937674582,0.00020727257651742548,0.50226229429245,0.5014485716819763,0.5010363459587097,0.0,0.0,0.0
gallery,207,0036_s007_v6_005.jpg,36,6,7,0.00045246415538713336,0.00028971172287128866,0.00020727224182337523,0.50226229429245,0.5014485716819763,0.5010363459587097,0.0,0.0,0.0
gallery,208,0036_s008_v1_006.jpg,36,1,8,0.0004524641844909638,0.00028971172287128866,0.0002072724892059341,0.50226229429245,0.5014485716819763,0.5010363459587097,0.0,0.0,0.0
gallery,209,0036_s008_v7_007.jpg,36,7,8,0.00045246415538713336,0.0002897117519751191,0.0002072725910693407,0.50226229429245,0.5014485716819763,0.5010363459587097,0.0,0.0,0.0
gallery,210,0036_s009_v1_008.jpg,36,1,9,0.0004524641844909638,0.00028971172287128866,0.00020727231458295137,0.50226229429245,0.5014485716819763,0.5010363459587097,0.0,0.0,0.0
gallery,211,0036_s009_v4_009.jpg,36,4,9,0.0004524641844909638,0.00028971172287128866,0.00020727266382891685,0.50226229429245,0.5014485716819763,0.5010363459587097,0.0,0.0,0.0
gallery,212,0036_s009_v7_010.jpg,36,7,9,0.00045246415538713336,0.00028971178107894957,0.00020727215451188385,0.50226229429245,0.5014485716819763,0.5010363459587097,0.0,0.0,0.0
gallery,213,0036_s012_v1_000.jpg,36,1,12,0.0004524641844909638,0.00028971172287128866,0.00020727288210764527,0.50226229429245,0.5014485716819763,0.5010363459587097,0.0,0.0,0.0
gallery,214,0036_s012_v4_001.jpg,36,4,12,0.0004524641844909638,0.00028971172287128866,0.00020727262017317116,0.50226229429245,0.5014485716819763,0.5010363459587097,0.0,0.0,0.0
gallery,215,0036_s012_v7_002.jpg,36,7,12,0.00045246415538713336,0.0002897117519751191,0.00020727251830976456,0.50226229429245,0.5014485716819763,0.5010363459587097,0.0,0.0,0.0
gallery,216,0039_s004_v0_000.jpg,39,0,4,0.0004524642135947943,0.00028971160645596683,0.0002072736679110676,0.50226229429245,0.5014485716819763,0.5010363459587097,0.0,0.0,0.0
gallery,217,0039_s004_v2_001.jpg,39,2,4,0.0004524641844909638,0.0002897116355597973,0.0002072737697744742,0.50226229429245,0.5014485716819763,0.5010363459587097,0.0,0.0,0.0
gallery,218,0041_s005_v1_000.jpg,41,1,5,0.0004524642135947943,0.0002897115773521364,0.00020727363880723715,0.50226229429245,0.5014485716819763,0.5010363459587097,0.0,0.0,0.0
gallery,219,0041_s005_v7_001.jpg,41,7,5,0.0004524641844909638,0.0002897116355597973,0.00020727305673062801,0.50226229429245,0.5014485716819763,0.5010363459587097,0.0,0.0,0.0
gallery,220,0043_s005_v4_000.jpg,43,4,5,0.0004524641844909638,0.00028971166466362774,0.00020727295486722142,0.50226229429245,0.5014485716819763,0.5010363459587097,0.0,0.0,0.0
gallery,221,0043_s005_v7_001.jpg,43,7,5,0.0004524641844909638,0.0002897116937674582,0.00020727288210764527,0.50226229429245,0.5014485716819763,0.5010363459587097,0.0,0.0,0.0
gallery,222,0045_s005_v1_000.jpg,45,1,5,0.0004524641844909638,0.0002897116355597973,0.00020727312949020416,0.50226229429245,0.5014485716819763,0.5010363459587097,0.0,0.0,0.0
gallery,223,0045_s005_v3_001.jpg,45,3,5,0.0004524641844909638,0.0002897116355597973,0.00020727349328808486,0.50226229429245,0.5014485716819763,0.5010363459587097,0.0,0.0,0.0
gallery,224,0045_s005_v7_002.jpg,45,7,5,0.0004524641844909638,0.0002897116355597973,0.000207273566047661,0.50226229429245,0.5014485716819763,0.5010363459587097,0.0,0.0,0.0
gallery,225,0045_s009_v1_003.jpg,45,1,9,0.0004524642135947943,0.00028971160645596683,0.00020727365335915238,0.50226229429245,0.5014485716819763,0.5010363459587097,0.0,0.0,0.0
gallery,226,0045_s009_v3_004.jpg,45,3,9,0.0004524642135947943,0.00028971160645596683,0.00020727347873616964,0.50226229429245,0.5014485716819763,0.5010363459587097,0.0,0.0,0.0
gallery,227,0045_s009_v5_005.jpg,45,5,9,0.0004524641844909638,0.0002897116355597973,0.00020727328956127167,0.50226229429245,0.5014485716819763,0.5010363459587097,0.0,0.0,0.0
gallery,228,0047_s005_v1_003.jpg,47,1,5,0.0004524641844909638,0.00028971172287128866,0.00020727298397105187,0.50226229429245,0.5014485716819763,0.5010363459587097,0.0,0.0,0.0
gallery,229,0047_s005_v2_004.jpg,47,2,5,0.0004524641844909638,0.0002897116937674582,0.00020727323135361075,0.50226229429245,0.5014485716819763,0.5010363459587097,0.0,0.0,0.0
gallery,230,0047_s009_v1_005.jpg,47,1,9,0.0004524641844909638,0.00028971166466362774,0.0002072738134302199,0.50226229429245,0.5014485716819763,0.5010363459587097,0.0,0.0,0.0
gallery,231,0047_s009_v4_006.jpg,47,4,9,0.0004524641844909638,0.0002897116937674582,0.0002072732022497803,0.50226229429245,0.5014485716819763,0.5010363459587097,0.0,0.0,0.0
gallery,232,0047_s009_v7_007.jpg,47,7,9,0.0004524641844909638,0.00028971172287128866,0.00020727288210764527,0.50226229429245,0.5014485716819763,0.5010363459587097,0.0,0.0,0.0
gallery,233,0047_s018_v0_000.jpg,47,0,18,0.0004524641844909638,0.0002897116937674582,0.0002072732604574412,0.50226229429245,0.5014485716819763,0.5010363459587097,0.0,0.0,0.0
gallery,234,0047_s018_v1_001.jpg,47,1,18,0.0004524641844909638,0.00028971172287128866,0.0002072726347250864,0.50226229429245,0.5014485716819763,0.5010363459587097,0.0,0.0,0.0
gallery,235,0047_s018_v7_002.jpg,47,7,18,0.0004524641844909638,0.00028971166466362774,0.00020727342052850872,0.50226229429245,0.5014485716819763,0.5010363459587097,0.0,0.0,0.0
gallery,236,0049_s005_v0_000.jpg,49,0,5,0.0004524641844909638,0.00028971172287128866,0.00020727285300381482,0.50226229429245,0.5014485716819763,0.5010363459587097,0.0,0.0,0.0
gallery,237,0049_s005_v3_001.jpg,49,3,5,0.0004524641844909638,0.0002897116937674582,0.00020727302762679756,0.50226229429245,0.5014485716819763,0.5010363459587097,0.0,0.0,0.0
gallery,238,0051_s005_v2_000.jpg,51,2,5,0.0004524641844909638,0.0002897117519751191,0.00020727286755573004,0.50226229429245,0.5014485716819763,0.5010363459587097,0.0,0.0,0.0
gallery,239,0051_s005_v4_001.jpg,51,4,5,0.0004524641844909638,0.0002897116937674582,0.00020727311493828893,0.50226229429245,0.5014485716819763,0.5010363459587097,0.0,0.0,0.0
gallery,240,0053_s005_v1_000.jpg,53,1,5,0.0004524641844909638,0.00028971166466362774,0.00020727312949020416,0.50226229429245,0.5014485716819763,0.5010363459587097,0.0,0.0,0.0
gallery,241,0053_s005_v5_001.jpg,53,5,5,0.0004524641844909638,0.00028971172287128866,0.00020727298397105187,0.50226229429245,0.5014485716819763,0.5010363459587097,0.0,0.0,0.0
gallery,242,0053_s005_v7_002.jpg,53,7,5,0.0004524641844909638,0.00028971172287128866,0.00020727288210764527,0.50226229429245,0.5014485716819763,0.5010363459587097,0.0,0.0,0.0
gallery,243,0055_s005_v1_000.jpg,55,1,5,0.0004524642135947943,0.0002897116355597973,0.0002072738134302199,0.50226229429245,0.5014485716819763,0.5010363459587097,0.0,0.0,0.0
gallery,244,0055_s005_v3_001.jpg,55,3,5,0.0004524642135947943,0.0002897116355597973,0.0002072737115668133,0.50226229429245,0.5014485716819763,0.5010363459587097,0.0,0.0,0.0
gallery,245,0057_s007_v1_000.jpg,57,1,7,0.0004524641844909638,0.00028971166466362774,0.00020727291121147573,0.50226229429245,0.5014485716819763,0.5010363459587097,0.0,0.0,0.0
gallery,246,0057_s007_v4_001.jpg,57,4,7,0.0004524641844909638,0.0002897116355597973,0.00020727307128254324,0.50226229429245,0.5014485716819763,0.5010363459587097,0.0,0.0,0.0
gallery,247,0059_s007_v2_015.jpg,59,2,7,0.0004524641844909638,0.0002897116937674582,0.00020727246010210365,0.50226229429245,0.5014485716819763,0.5010363459587097,0.0,0.0,0.0
gallery,248,0059_s007_v7_016.jpg,59,7,7,0.0004524641844909638,0.0002897116937674582,0.00020727262017317116,0.50226229429245,0.5014485716819763,0.5010363459587097,0.0,0.0,0.0
gallery,249,0059_s011_v1_017.jpg,59,1,11,0.0004524641844909638,0.0002897116937674582,0.00020727280934806913,0.50226229429245,0.5014485716819763,0.5010363459587097,0.0,0.0,0.0
gallery,250,0059_s011_v5_018.jpg,59,5,11,0.0004524641844909638,0.0002897116937674582,0.00020727298397105187,0.50226229429245,0.5014485716819763,0.5010363459587097,0.0,0.0,0.0
gallery,251,0059_s011_v7_019.jpg,59,7,11,0.0004524641844909638,0.0002897116937674582,0.0002072727947961539,0.50226229429245,0.5014485716819763,0.5010363459587097,0.0,0.0,0.0
gallery,252,0059_s015_v1_000.jpg,59,1,15,0.0004524641844909638,0.0002897116355597973,0.00020727337687276304,0.50226229429245,0.5014485716819763,0.5010363459587097,0.0,0.0,0.0
gallery,253,0059_s015_v2_001.jpg,59,2,15,0.0004524641844909638,0.00028971166466362774,0.00020727298397105187,0.50226229429245,0.5014485716819763,0.5010363459587097,0.0,0.0,0.0
gallery,254,0059_s015_v6_002.jpg,59,6,15,0.0004524641844909638,0.00028971166466362774,0.0002072729403153062,0.50226229429245,0.5014485716819763,0.5010363459587097,0.0,0.0,0.0
gallery,255,0059_s016_v0_003.jpg,59,0,16,0.0004524641844909638,0.00028971166466362774,0.0002072727947961539,0.50226229429245,0.5014485716819763,0.5010363459587097,0.0,0.0,0.0
gallery,256,0059_s016_v7_004.jpg,59,7,16,0.0004524641844909638,0.00028971166466362774,0.0002072728966595605,0.50226229429245,0.5014485716819763,0.5010363459587097,0.0,0.0,0.0
gallery,257,0059_s021_v1_005.jpg,59,1,21,0.0004524641844909638,0.00028971166466362774,0.00020727301307488233,0.50226229429245,0.5014485716819763,0.5010363459587097,0.0,0.0,0.0
gallery,258,0059_s021_v2_006.jpg,59,2,21,0.00045246415538713336,0.0002897117519751191,0.00020727276569232345,0.50226229429245,0.5014485716819763,0.5010363459587097,0.0,0.0,0.0
gallery,259,0059_s021_v3_007.jpg,59,3,21,0.0004524641844909638,0.00028971172287128866,0.0002072725910693407,0.50226229429245,0.5014485716819763,0.5010363459587097,0.0,0.0,0.0
gallery,260,0059_s021_v7_008.jpg,59,7,21,0.0004524641844909638,0.0002897116937674582,0.00020727278024423867,0.50226229429245,0.5014485716819763,0.5010363459587097,0.0,0.0,0.0
gallery,261,0059_s028_v0_009.jpg,59,0,28,0.0004524641844909638,0.0002897116937674582,0.0002072727947961539,0.50226229429245,0.5014485716819763,0.5010363459587097,0.0,0.0,0.0
gallery,262,0059_s028_v1_010.jpg,59,1,28,0.0004524641844909638,0.0002897116937674582,0.00020727270748466253,0.50226229429245,0.5014485716819763,0.5010363459587097,0.0,0.0,0.0
gallery,263,0059_s028_v2_011.jpg,59,2,28,0.0004524641844909638,0.00028971172287128866,0.00020727267838083208,0.50226229429245,0.5014485716819763,0.5010363459587097,0.0,0.0,0.0
gallery,264,0059_s028_v5_012.jpg,59,5,28,0.0004524641844909638,0.00028971172287128866,0.00020727256196551025,0.50226229429245,0.5014485716819763,0.5010363459587097,0.0,0.0,0.0
gallery,265,0059_s028_v6_013.jpg,59,6,28,0.0004524641844909638,0.00028971172287128866,0.00020727247465401888,0.50226229429245,0.5014485716819763,0.5010363459587097,0.0,0.0,0.0
gallery,266,0059_s028_v7_014.jpg,59,7,28,0.0004524641844909638,0.00028971172287128866,0.00020727275114040822,0.50226229429245,0.5014485716819763,0.5010363459587097,0.0,0.0,0.0
gallery,267,0061_s007_v1_000.jpg,61,1,7,0.0004524642135947943,0.0002897115773521364,0.0002072736097034067,0.50226229429245,0.5014485716819763,0.5010363459587097,0.0,0.0,0.0
gallery,268,0061_s007_v3_001.jpg,61,3,7,0.0004524641844909638,0.0002897116355597973,0.00020727333321701735,0.50226229429245,0.5014485716819763,0.5010363459587097,0.0,0.0,0.0
gallery,269,0063_s007_v0_007.jpg,63,0,7,0.0004524641844909638,0.0002897116937674582,0.00020727256196551025,0.50226229429245,0.5014485716819763,0.5010363459587097,0.0,0.0,0.0
gallery,270,0063_s007_v2_008.jpg,63,2,7,0.00045246415538713336,0.00028971172287128866,0.00020727246010210365,0.50226229429245,0.5014485716819763,0.5010363459587097,0.0,0.0,0.0
gallery,271,0063_s007_v3_009.jpg,63,3,7,0.00045246415538713336,0.00028971172287128866,0.0002072724892059341,0.50226229429245,0.5014485716819763,0.5010363459587097,0.0,0.0,0.0
gallery,272,0063_s025_v0_000.jpg,63,0,25,0.0004524641844909638,0.00028971172287128866,0.00020727254741359502,0.50226229429245,0.5014485716819763,0.5010363459587097,0.0,0.0,0.0
gallery,273,0063_s025_v1_001.jpg,63,1,25,0.00045246415538713336,0.0002897117519751191,0.0002072722854791209,0.50226229429245,0.5014485716819763,0.5010363459587097,0.0,0.0,0.0
gallery,274,0063_s025_v3_002.jpg,63,3,25,0.00045246415538713336,0.0002897117519751191,0.00020727254741359502,0.50226229429245,0.5014485716819763,0.5010363459587097,0.0,0.0,0.0
gallery,275,0063_s025_v4_003.jpg,63,4,25,0.0004524641844909638,0.0002897116937674582,0.00020727280934806913,0.50226229429245,0.5014485716819763,0.5010363459587097,0.0,0.0,0.0
gallery,276,0063_s025_v5_004.jpg,63,5,25,0.00045246415538713336,0.0002897117519751191,0.00020727227092720568,0.50226229429245,0.5014485716819763,0.5010363459587097,0.0,0.0,0.0
gallery,277,0063_s025_v6_005.jpg,63,6,25,0.0004524641844909638,0.00028971172287128866,0.00020727254741359502,0.50226229429245,0.5014485716819763,0.5010363459587097,0.0,0.0,0.0
gallery,278,0063_s025_v7_006.jpg,63,7,25,0.00045246415538713336,0.0002897117519751191,0.00020727237279061228,0.50226229429245,0.5014485716819763,0.5010363459587097,0.0,0.0,0.0
gallery,279,0065_s007_v0_000.jpg,65,0,7,0.0004524641844909638,0.00028971160645596683,0.00020727328956127167,0.50226229429245,0.5014485716819763,0.5010363459587097,0.0,0.0,0.0
gallery,280,0065_s007_v3_001.jpg,65,3,7,0.0004524641844909638,0.0002897116355597973,0.00020727314404211938,0.50226229429245,0.5014485716819763,0.5010363459587097,0.0,0.0,0.0
gallery,281,0065_s007_v5_002.jpg,65,5,7,0.0004524641844909638,0.00028971160645596683,0.00020727352239191532,0.50226229429245,0.5014485716819763,0.5010363459587097,0.0,0.0,0.0
gallery,282,0069_s008_v2_003.jpg,69,2,8,0.0004524642135947943,0.00028971160645596683,0.00020727375522255898,0.50226229429245,0.5014485716819763,0.5010363459587097,0.0,0.0,0.0
gallery,283,0069_s008_v4_004.jpg,69,4,8,0.0004524641844909638,0.0002897116937674582,0.00020727308583445847,0.50226229429245,0.5014485716819763,0.5010363459587097,0.0,0.0,0.0
gallery,284,0069_s008_v7_005.jpg,69,7,8,0.0004524641844909638,0.0002897116355597973,0.00020727328956127167,0.50226229429245,0.5014485716819763,0.5010363459587097,0.0,0.0,0.0
gallery,285,0069_s012_v1_000.jpg,69,1,12,0.0004524642135947943,0.00028971160645596683,0.0002072738134302199,0.50226229429245,0.5014485716819763,0.5010363459587097,0.0,0.0,0.0
gallery,286,0069_s012_v5_001.jpg,69,5,12,0.0004524641844909638,0.00028971166466362774,0.00020727339142467827,0.50226229429245,0.5014485716819763,0.5010363459587097,0.0,0.0,0.0
gallery,287,0069_s012_v7_002.jpg,69,7,12,0.0004524641844909638,0.0002897116355597973,0.00020727342052850872,0.50226229429245,0.5014485716819763,0.5010363459587097,0.0,0.0,0.0
gallery,288,0075_s009_v3_016.jpg,75,3,9,0.0004524641844909638,0.00028971160645596683,0.00020727312949020416,0.50226229429245,0.5014485716819763,0.5010363459587097,0.0,0.0,0.0
gallery,289,0075_s009_v5_017.jpg,75,5,9,0.0004524642135947943,0.00028971160645596683,0.0002072732604574412,0.50226229429245,0.5014485716819763,0.5010363459587097,0.0,0.0,0.0
gallery,290,0075_s009_v7_018.jpg,75,7,9,0.0004524642135947943,0.0002897115482483059,0.00020727384253405035,0.50226229429245,0.5014485716819763,0.5010363459587097,0.0,0.0,0.0
gallery,291,0075_s012_v1_000.jpg,75,1,12,0.0004524642135947943,0.0002897115773521364,0.00020727324590552598,0.50226229429245,0.5014485716819763,0.5010363459587097,0.0,0.0,0.0
gallery,292,0075_s012_v3_001.jpg,75,3,12,0.0004524641844909638,0.00028971160645596683,0.00020727311493828893,0.50226229429245,0.5014485716819763,0.5010363459587097,0.0,0.0,0.0
gallery,293,0075_s012_v4_002.jpg,75,4,12,0.0004524642135947943,0.00028971160645596683,0.00020727324590552598,0.50226229429245,0.5014485716819763,0.5010363459587097,0.0,0.0,0.0
gallery,294,0075_s019_v0_003.jpg,75,0,19,0.0004524641844909638,0.00028971166466362774,0.00020727347873616964,0.50226229429245,0.5014485716819763,0.5010363459587097,0.0,0.0,0.0
gallery,295,0075_s019_v3_004.jpg,75,3,19,0.0004524641844909638,0.00028971166466362774,0.00020727298397105187,0.50226229429245,0.5014485716819763,0.5010363459587097,0.0,0.0,0.0
gallery,296,0075_s019_v5_005.jpg,75,5,19,0.0004524641844909638,0.00028971160645596683,0.00020727333321701735,0.50226229429245,0.5014485716819763,0.5010363459587097,0.0,0.0,0.0
gallery,297,0075_s021_v1_006.jpg,75,1,21,0.0004524642135947943,0.0002897115773521364,0.00020727372611872852,0.50226229429245,0.5014485716819763,0.5010363459587097,0.0,0.0,0.0
gallery,298,0075_s021_v5_007.jpg,75,5,21,0.0004524641844909638,0.0002897116355597973,0.00020727305673062801,0.50226229429245,0.5014485716819763,0.5010363459587097,0.0,0.0,0.0
gallery,299,0075_s021_v6_008.jpg,75,6,21,0.0004524641844909638,0.0002897116937674582,0.0002072726347250864,0.50226229429245,0.5014485716819763,0.5010363459587097,0.0,0.0,0.0
gallery,300,0075_s021_v7_009.jpg,75,7,21,0.0004524642135947943,0.00028971160645596683,0.00020727349328808486,0.50226229429245,0.5014485716819763,0.5010363459587097,0.0,0.0,0.0
gallery,301,0075_s029_v0_010.jpg,75,0,29,0.0004524641844909638,0.0002897116937674582,0.0002072728966595605,0.50226229429245,0.5014485716819763,0.5010363459587097,0.0,0.0,0.0
gallery,302,0075_s029_v1_011.jpg,75,1,29,0.0004524642135947943,0.0002897116355597973,0.0002072733623208478,0.50226229429245,0.5014485716819763,0.5010363459587097,0.0,0.0,0.0
gallery,303,0075_s029_v2_012.jpg,75,2,29,0.0004524641844909638,0.0002897116355597973,0.00020727349328808486,0.50226229429245,0.5014485716819763,0.5010363459587097,0.0,0.0,0.0
gallery,304,0075_s029_v3_013.jpg,75,3,29,0.0004524641844909638,0.00028971166466362774,0.00020727256196551025,0.50226229429245,0.5014485716819763,0.5010363459587097,0.0,0.0,0.0
gallery,305,0075_s029_v5_014.jpg,75,5,29,0.0004524641844909638,0.0002897116355597973,0.00020727317314594984,0.50226229429245,0.5014485716819763,0.5010363459587097,0.0,0.0,0.0
gallery,306,0075_s029_v6_015.jpg,75,6,29,0.0004524642135947943,0.00028971160645596683,0.00020727344963233918,0.50226229429245,0.5014485716819763,0.5010363459587097,0.0,0.0,0.0
gallery,307,0077_s009_v1_000.jpg,77,1,9,0.0004524641844909638,0.00028971166466362774,0.0002072737697744742,0.50226229429245,0.5014485716819763,0.5010363459587097,0.0,0.0,0.0
gallery,308,0077_s009_v3_001.jpg,77,3,9,0.0004524641844909638,0.00028971166466362774,0.0002072736097034067,0.50226229429245,0.5014485716819763,0.5010363459587097,0.0,0.0,0.0
gallery,309,0077_s009_v4_002.jpg,77,4,9,0.0004524641844909638,0.00028971166466362774,0.00020727311493828893,0.50226229429245,0.5014485716819763,0.5010363459587097,0.0,0.0,0.0
gallery,310,0079_s010_v1_006.jpg,79,1,10,0.0004524641844909638,0.0002897116355597973,0.00020727334776893258,0.50226229429245,0.5014485716819763,0.5010363459587097,0.0,0.0,0.0
gallery,311,0079_s010_v3_007.jpg,79,3,10,0.0004524641844909638,0.0002897116355597973,0.00020727305673062801,0.50226229429245,0.5014485716819763,0.5010363459587097,0.0,0.0,0.0
gallery,312,0079_s013_v1_000.jpg,79,1,13,0.0004524641844909638,0.00028971166466362774,0.00020727298397105187,0.50226229429245,0.5014485716819763,0.5010363459587097,0.0,0.0,0.0
gallery,313,0079_s013_v3_001.jpg,79,3,13,0.0004524641844909638,0.00028971166466362774,0.00020727302762679756,0.50226229429245,0.5014485716819763,0.5010363459587097,0.0,0.0,0.0
gallery,314,0079_s022_v1_002.jpg,79,1,22,0.0004524641844909638,0.00028971166466362774,0.00020727304217871279,0.50226229429245,0.5014485716819763,0.5010363459587097,0.0,0.0,0.0
gallery,315,0079_s022_v3_003.jpg,79,3,22,0.0004524641844909638,0.0002897116355597973,0.00020727305673062801,0.50226229429245,0.5014485716819763,0.5010363459587097,0.0,0.0,0.0
gallery,316,0079_s022_v4_004.jpg,79,4,22,0.0004524641844909638,0.00028971166466362774,0.00020727334776893258,0.50226229429245,0.5014485716819763,0.5010363459587097,0.0,0.0,0.0
gallery,317,0079_s022_v5_005.jpg,79,5,22,0.0004524641844909638,0.0002897116355597973,0.00020727334776893258,0.50226229429245,0.5014485716819763,0.5010363459587097,0.0,0.0,0.0
gallery,318,0081_s010_v1_000.jpg,81,1,10,0.0004524642135947943,0.0002897115482483059,0.00020727385708596557,0.50226229429245,0.5014485716819763,0.5010363459587097,0.0,0.0,0.0
gallery,319,0081_s010_v3_001.jpg,81,3,10,0.0004524642135947943,0.0002897115773521364,0.00020727353694383055,0.50226229429245,0.5014485716819763,0.5010363459587097,0.0,0.0,0.0
gallery,320,0084_s010_v1_000.jpg,84,1,10,0.0004524641844909638,0.0002897116937674582,0.00020727282389998436,0.50226229429245,0.5014485716819763,0.5010363459587097,0.0,0.0,0.0
gallery,321,0084_s010_v7_001.jpg,84,7,10,0.0004524641844909638,0.00028971172287128866,0.00020727276569232345,0.50226229429245,0.5014485716819763,0.5010363459587097,0.0,0.0,0.0
gallery,322,0086_s010_v3_000.jpg,86,3,10,0.0004524641844909638,0.0002897116355597973,0.00020727318769786507,0.50226229429245,0.5014485716819763,0.5010363459587097,0.0,0.0,0.0
gallery,323,0086_s010_v5_001.jpg,86,5,10,0.0004524641844909638,0.0002897116355597973,0.00020727328956127167,0.50226229429245,0.5014485716819763,0.5010363459587097,0.0,0.0,0.0
gallery,324,0086_s010_v7_002.jpg,86,7,10,0.0004524641844909638,0.00028971166466362774,0.00020727285300381482,0.50226229429245,0.5014485716819763,0.5010363459587097,0.0,0.0,0.0
gallery,325,0088_s010_v1_007.jpg,88,1,10,0.0004524641844909638,0.00028971166466362774,0.0002072727947961539,0.50226229429245,0.5014485716819763,0.5010363459587097,0.0,0.0,0.0
gallery,326,0088_s010_v3_008.jpg,88,3,10,0.0004524641844909638,0.00028971166466362774,0.00020727298397105187,0.50226229429245,0.5014485716819763,0.5010363459587097,0.0,0.0,0.0
gallery,327,0088_s010_v7_009.jpg,88,7,10,0.00045246415538713336,0.00028971172287128866,0.0002072723873425275,0.50226229429245,0.5014485716819763,0.5010363459587097,0.0,0.0,0.0
gallery,328,0088_s013_v2_000.jpg,88,2,13,0.0004524641844909638,0.00028971166466362774,0.00020727254741359502,0.50226229429245,0.5014485716819763,0.5010363459587097,0.0,0.0,0.0
gallery,329,0088_s013_v4_001.jpg,88,4,13,0.00045246415538713336,0.0002897117519751191,0.00020727237279061228,0.50226229429245,0.5014485716819763,0.5010363459587097,0.0,0.0,0.0
gallery,330,0088_s013_v7_002.jpg,88,7,13,0.00045246415538713336,0.0002897117519751191,0.00020727227092720568,0.50226229429245,0.5014485716819763,0.5010363459587097,0.0,0.0,0.0
gallery,331,0088_s015_v1_003.jpg,88,1,15,0.00045246415538713336,0.00028971178107894957,0.0002072721836157143,0.50226229429245,0.5014485716819763,0.5010363459587097,0.0,0.0,0.0
gallery,332,0088_s015_v7_004.jpg,88,7,15,0.00045246415538713336,0.0002897117519751191,0.00020727221271954477,0.50226229429245,0.5014485716819763,0.5010363459587097,0.0,0.0,0.0
gallery,333,0088_s022_v1_005.jpg,88,1,22,0.0004524641844909638,0.0002897116937674582,0.00020727251830976456,0.50226229429245,0.5014485716819763,0.5010363459587097,0.0,0.0,0.0
gallery,334,0088_s022_v7_006.jpg,88,7,22,0.0004524641844909638,0.00028971172287128866,0.00020727256196551025,0.50226229429245,0.5014485716819763,0.5010363459587097,0.0,0.0,0.0
gallery,335,0090_s000_v0_003.jpg,90,0,0,0.0004524641844909638,0.0002897117519751191,0.0002072728384518996,0.50226229429245,0.5014485716819763,0.5010363459587097,0.0,0.0,0.0
gallery,336,0090_s000_v1_007.jpg,90,1,0,0.0004524641844909638,0.00028971172287128866,0.00020727295486722142,0.50226229429245,0.5014485716819763,0.5010363459587097,0.0,0.0,0.0
gallery,337,0090_s000_v2_005.jpg,90,2,0,0.0004524641844909638,0.00028971172287128866,0.000207272736588493,0.50226229429245,0.5014485716819763,0.5010363459587097,0.0,0.0,0.0
gallery,338,0090_s000_v3_008.jpg,90,3,0,0.0004524641844909638,0.00028971166466362774,0.0002072732604574412,0.50226229429245,0.5014485716819763,0.5010363459587097,0.0,0.0,0.0
gallery,339,0090_s000_v4_004.jpg,90,4,0,0.0004524641844909638,0.00028971166466362774,0.00020727292576339096,0.50226229429245,0.5014485716819763,0.5010363459587097,0.0,0.0,0.0
gallery,340,0090_s000_v5_009.jpg,90,5,0,0.0004524641844909638,0.00028971166466362774,0.00020727333321701735,0.50226229429245,0.5014485716819763,0.5010363459587097,0.0,0.0,0.0
gallery,341,0090_s000_v6_006.jpg,90,6,0,0.0004524641844909638,0.0002897116937674582,0.00020727266382891685,0.50226229429245,0.5014485716819763,0.5010363459587097,0.0,0.0,0.0
gallery,342,0090_s000_v7_010.jpg,90,7,0,0.0004524641844909638,0.0002897117519751191,0.0002072728966595605,0.50226229429245,0.5014485716819763,0.5010363459587097,0.0,0.0,0.0
gallery,343,0090_s010_v1_000.jpg,90,1,10,0.00045246415538713336,0.0002897117519751191,0.0002072722854791209,0.50226229429245,0.5014485716819763,0.5010363459587097,0.0,0.0,0.0
gallery,344,0090_s010_v3_001.jpg,90,3,10,0.0004524641844909638,0.00028971172287128866,0.00020727288210764527,0.50226229429245,0.5014485716819763,0.5010363459587097,0.0,0.0,0.0
gallery,345,0090_s010_v5_002.jpg,90,5,10,0.0004524641844909638,0.0002897117519751191,0.0002072726347250864,0.50226229429245,0.5014485716819763,0.5010363459587097,0.0,0.0,0.0
gallery,346,0092_s010_v1_004.jpg,92,1,10,0.0004524642135947943,0.0002897115773521364,0.00020727334776893258,0.50226229429245,0.5014485716819763,0.5010363459587097,0.0,0.0,0.0
gallery,347,0092_s010_v4_005.jpg,92,4,10,0.0004524641844909638,0.0002897116355597973,0.00020727375522255898,0.50226229429245,0.5014485716819763,0.5010363459587097,0.0,0.0,0.0
gallery,348,0092_s010_v7_006.jpg,92,7,10,0.0004524642135947943,0.0002897115773521364,0.00020727374067064375,0.50226229429245,0.5014485716819763,0.5010363459587097,0.0,0.0,0.0
gallery,349,0092_s022_v0_000.jpg,92,0,22,0.0004524642135947943,0.0002897115773521364,0.00020727363880723715,0.50226229429245,0.5014485716819763,0.5010363459587097,0.0,0.0,0.0
gallery,350,0092_s022_v1_001.jpg,92,1,22,0.0004524642135947943,0.00028971160645596683,0.00020727349328808486,0.50226229429245,0.5014485716819763,0.5010363459587097,0.0,0.0,0.0
gallery,351,0092_s022_v3_002.jpg,92,3,22,0.0004524642135947943,0.00028971160645596683,0.0002072734059765935,0.50226229429245,0.5014485716819763,0.5010363459587097,0.0,0.0,0.0
gallery,352,0092_s022_v7_003.jpg,92,7,22,0.0004524641844909638,0.0002897116355597973,0.00020727327500935644,0.50226229429245,0.5014485716819763,0.5010363459587097,0.0,0.0,0.0
gallery,353,0094_s011_v0_020.jpg,94,0,11,0.0004524641844909638,0.0002897116355597973,0.0002072731585940346,0.50226229429245,0.5014485716819763,0.5010363459587097,0.0,0.0,0.0
gallery,354,0094_s011_v3_021.jpg,94,3,11,0.0004524642135947943,0.00028971160645596683,0.0002072732604574412,0.50226229429245,0.5014485716819763,0.5010363459587097,0.0,0.0,0.0
gallery,355,0094_s013_v4_000.jpg,94,4,13,0.0004524641844909638,0.00028971166466362774,0.00020727285300381482,0.50226229429245,0.5014485716819763,0.5010363459587097,0.0,0.0,0.0
gallery,356,0094_s013_v7_001.jpg,94,7,13,0.0004524641844909638,0.0002897116355597973,0.0002072729985229671,0.50226229429245,0.5014485716819763,0.5010363459587097,0.0,0.0,0.0
gallery,357,0094_s015_v4_002.jpg,94,4,15,0.0004524641844909638,0.00028971166466362774,0.00020727272203657776,0.50226229429245,0.5014485716819763,0.5010363459587097,0.0,0.0,0.0
gallery,358,0094_s015_v7_003.jpg,94,7,15,0.0004524641844909638,0.00028971160645596683,0.00020727328956127167,0.50226229429245,0.5014485716819763,0.5010363459587097,0.0,0.0,0.0
gallery,359,0094_s016_v1_004.jpg,94,1,16,0.0004524641844909638,0.0002897116355597973,0.00020727312949020416,0.50226229429245,0.5014485716819763,0.5010363459587097,0.0,0.0,0.0
gallery,360,0094_s016_v7_005.jpg,94,7,16,0.0004524641844909638,0.00028971166466362774,0.00020727304217871279,0.50226229429245,0.5014485716819763,0.5010363459587097,0.0,0.0,0.0
gallery,361,0094_s023_v0_006.jpg,94,0,23,0.0004524641844909638,0.00028971166466362774,0.00020727272203657776,0.50226229429245,0.5014485716819763,0.5010363459587097,0.0,0.0,0.0
gallery,362,0094_s023_v1_007.jpg,94,1,23,0.0004524641844909638,0.00028971166466362774,0.00020727298397105187,0.50226229429245,0.5014485716819763,0.5010363459587097,0.0,0.0,0.0
gallery,363,0094_s023_v2_008.jpg,94,2,23,0.0004524641844909638,0.0002897116355597973,0.00020727343508042395,0.50226229429245,0.5014485716819763,0.5010363459587097,0.0,0.0,0.0
gallery,364,0094_s023_v6_009.jpg,94,6,23,0.0004524641844909638,0.0002897116355597973,0.00020727323135361075,0.50226229429245,0.5014485716819763,0.5010363459587097,0.0,0.0,0.0
gallery,365,0094_s023_v6_010.jpg,94,6,23,0.0004524642135947943,0.0002897115773521364,0.00020727353694383055,0.50226229429245,0.5014485716819763,0.5010363459587097,0.0,0.0,0.0
gallery,366,0094_s024_v0_011.jpg,94,0,24,0.0004524641844909638,0.0002897116355597973,0.0002072733041131869,0.50226229429245,0.5014485716819763,0.5010363459587097,0.0,0.0,0.0
gallery,367,0094_s024_v1_012.jpg,94,1,24,0.0004524641844909638,0.0002897116355597973,0.0002072733623208478,0.50226229429245,0.5014485716819763,0.5010363459587097,0.0,0.0,0.0
gallery,368,0094_s024_v3_013.jpg,94,3,24,0.0004524641844909638,0.0002897116355597973,0.00020727342052850872,0.50226229429245,0.5014485716819763,0.5010363459587097,0.0,0.0,0.0
gallery,369,0094_s024_v4_014.jpg,94,4,24,0.0004524641844909638,0.0002897116355597973,0.00020727307128254324,0.50226229429245,0.5014485716819763,0.5010363459587097,0.0,0.0,0.0
gallery,370,0094_s024_v5_015.jpg,94,5,24,0.0004524642135947943,0.0002897115773521364,0.00020727355149574578,0.50226229429245,0.5014485716819763,0.5010363459587097,0.0,0.0,0.0
gallery,371,0094_s024_v7_016.jpg,94,7,24,0.0004524641844909638,0.00028971166466362774,0.00020727328956127167,0.50226229429245,0.5014485716819763,0.5010363459587097,0.0,0.0,0.0
gallery,372,0094_s028_v4_017.jpg,94,4,28,0.0004524641844909638,0.0002897116355597973,0.00020727327500935644,0.50226229429245,0.5014485716819763,0.5010363459587097,0.0,0.0,0.0
gallery,373,0094_s028_v6_018.jpg,94,6,28,0.0004524642135947943,0.0002897115773521364,0.00020727368246298283,0.50226229429245,0.5014485716819763,0.5010363459587097,0.0,0.0,0.0
gallery,374,0094_s028_v7_019.jpg,94,7,28,0.0004524642135947943,0.0002897115773521364,0.00020727343508042395,0.50226229429245,0.5014485716819763,0.5010363459587097,0.0,0.0,0.0
gallery,375,0096_s011_v3_010.jpg,96,3,11,0.0004524641844909638,0.00028971166466362774,0.00020727285300381482,0.50226229429245,0.5014485716819763,0.5010363459587097,0.0,0.0,0.0
gallery,376,0096_s011_v5_011.jpg,96,5,11,0.0004524641844909638,0.00028971166466362774,0.0002072726347250864,0.50226229429245,0.5014485716819763,0.5010363459587097,0.0,0.0,0.0
gallery,377,0096_s011_v7_012.jpg,96,7,11,0.0004524641844909638,0.00028971166466362774,0.00020727272203657776,0.50226229429245,0.5014485716819763,0.5010363459587097,0.0,0.0,0.0
gallery,378,0096_s015_v0_000.jpg,96,0,15,0.0004524641844909638,0.0002897116355597973,0.00020727324590552598,0.50226229429245,0.5014485716819763,0.5010363459587097,0.0,0.0,0.0
gallery,379,0096_s015_v4_001.jpg,96,4,15,0.0004524641844909638,0.00028971166466362774,0.00020727267838083208,0.50226229429245,0.5014485716819763,0.5010363459587097,0.0,0.0,0.0
gallery,380,0096_s015_v6_002.jpg,96,6,15,0.0004524642135947943,0.00028971160645596683,0.00020727323135361075,0.50226229429245,0.5014485716819763,0.5010363459587097,0.0,0.0,0.0
gallery,381,0096_s022_v4_003.jpg,96,4,22,0.0004524642135947943,0.0002897116355597973,0.00020727324590552598,0.50226229429245,0.5014485716819763,0.5010363459587097,0.0,0.0,0.0
gallery,382,0096_s022_v7_004.jpg,96,7,22,0.0004524641844909638,0.00028971166466362774,0.0002072729403153062,0.50226229429245,0.5014485716819763,0.5010363459587097,0.0,0.0,0.0
gallery,383,0096_s024_v5_005.jpg,96,5,24,0.0004524641844909638,0.0002897116355597973,0.0002072731003863737,0.50226229429245,0.5014485716819763,0.5010363459587097,0.0,0.0,0.0
gallery,384,0096_s024_v7_006.jpg,96,7,24,0.0004524641844909638,0.00028971160645596683,0.00020727327500935644,0.50226229429245,0.5014485716819763,0.5010363459587097,0.0,0.0,0.0
gallery,385,0096_s028_v0_007.jpg,96,0,28,0.0004524641844909638,0.0002897116937674582,0.00020727292576339096,0.50226229429245,0.5014485716819763,0.5010363459587097,0.0,0.0,0.0
gallery,386,0096_s028_v5_008.jpg,96,5,28,0.0004524641844909638,0.0002897116355597973,0.00020727324590552598,0.50226229429245,0.5014485716819763,0.5010363459587097,0.0,0.0,0.0
gallery,387,0096_s028_v7_009.jpg,96,7,28,0.0004524641844909638,0.0002897116355597973,0.0002072735078400001,0.50226229429245,0.5014485716819763,0.5010363459587097,0.0,0.0,0.0
gallery,388,0098_s011_v4_000.jpg,98,4,11,0.0004524641844909638,0.00028971166466362774,0.00020727312949020416,0.50226229429245,0.5014485716819763,0.5010363459587097,0.0,0.0,0.0
gallery,389,0098_s011_v6_001.jpg,98,6,11,0.0004524641844909638,0.00028971166466362774,0.00020727317314594984,0.50226229429245,0.5014485716819763,0.5010363459587097,0.0,0.0,0.0
gallery,390,0098_s011_v7_002.jpg,98,7,11,0.0004524641844909638,0.00028971166466362774,0.00020727308583445847,0.50226229429245,0.5014485716819763,0.5010363459587097,0.0,0.0,0.0
gallery,391,0100_s011_v1_010.jpg,100,1,11,0.0004524642135947943,0.00028971160645596683,0.00020727337687276304,0.50226229429245,0.5014485716819763,0.5010363459587097,0.0,0.0,0.0
gallery,392,0100_s011_v4_011.jpg,100,4,11,0.0004524642135947943,0.0002897115773521364,0.000207273566047661,0.50226229429245,0.5014485716819763,0.5010363459587097,0.0,0.0,0.0
gallery,393,0100_s017_v0_000.jpg,100,0,17,0.0004524641844909638,0.00028971160645596683,0.00020727324590552598,0.50226229429245,0.5014485716819763,0.5010363459587097,0.0,0.0,0.0
gallery,394,0100_s017_v1_001.jpg,100,1,17,0.0004524642135947943,0.0002897115773521364,0.00020727339142467827,0.50226229429245,0.5014485716819763,0.5010363459587097,0.0,0.0,0.0
gallery,395,0100_s017_v3_002.jpg,100,3,17,0.0004524642135947943,0.00028971160645596683,0.00020727337687276304,0.50226229429245,0.5014485716819763,0.5010363459587097,0.0,0.0,0.0
gallery,396,0100_s025_v0_003.jpg,100,0,25,0.0004524642135947943,0.00028971160645596683,0.0002072734059765935,0.50226229429245,0.5014485716819763,0.5010363459587097,0.0,0.0,0.0
gallery,397,0100_s025_v1_004.jpg,100,1,25,0.0004524642135947943,0.0002897115482483059,0.00020727359515149146,0.50226229429245,0.5014485716819763,0.5010363459587097,0.0,0.0,0.0
gallery,398,0100_s025_v2_005.jpg,100,2,25,0.0004524642135947943,0.0002897115773521364,0.00020727337687276304,0.50226229429245,0.5014485716819763,0.5010363459587097,0.0,0.0,0.0
gallery,399,0100_s025_v3_006.jpg,100,3,25,0.0004524642135947943,0.0002897115773521364,0.0002072736679110676,0.50226229429245,0.5014485716819763,0.5010363459587097,0.0,0.0,0.0
gallery,400,0100_s025_v4_007.jpg,100,4,25,0.0004524642135947943,0.00028971160645596683,0.00020727328956127167,0.50226229429245,0.5014485716819763,0.5010363459587097,0.0,0.0,0.0
gallery,401,0100_s025_v5_008.jpg,100,5,25,0.0004524641844909638,0.0002897116355597973,0.0002072732604574412,0.50226229429245,0.5014485716819763,0.5010363459587097,0.0,0.0,0.0
gallery,402,0100_s025_v7_009.jpg,100,7,25,0.0004524642135947943,0.0002897115773521364,0.00020727333321701735,0.50226229429245,0.5014485716819763,0.5010363459587097,0.0,0.0,0.0
gallery,403,0102_s011_v5_000.jpg,102,5,11,0.0004524642135947943,0.0002897115773521364,0.0002072736679110676,0.50226229429245,0.5014485716819763,0.5010363459587097,0.0,0.0,0.0
gallery,404,0102_s011_v7_001.jpg,102,7,11,0.0004524642135947943,0.00028971160645596683,0.00020727363880723715,0.50226229429245,0.5014485716819763,0.5010363459587097,0.0,0.0,0.0
gallery,405,0104_s011_v1_000.jpg,104,1,11,0.00045246415538713336,0.00028971181018278003,0.0002072720817523077,0.50226229429245,0.5014485716819763,0.5010363459587097,0.0,0.0,0.0
gallery,406,0104_s011_v3_001.jpg,104,3,11,0.00045246415538713336,0.0002897117519751191,0.00020727264927700162,0.50226229429245,0.5014485716819763,0.5010363459587097,0.0,0.0,0.0
gallery,407,0104_s011_v5_002.jpg,104,5,11,0.00045246415538713336,0.0002897117519751191,0.00020727257651742548,0.50226229429245,0.5014485716819763,0.5010363459587097,0.0,0.0,0.0
gallery,408,0104_s011_v7_003.jpg,104,7,11,0.00045246415538713336,0.00028971178107894957,0.0002072717616101727,0.50226229429245,0.5014485716819763,0.5010363459587097,0.0,0.0,0.0
gallery,409,0106_s011_v0_000.jpg,106,0,11,0.0004524641844909638,0.0002897116355597973,0.00020727355149574578,0.50226229429245,0.5014485716819763,0.5010363459587097,0.0,0.0,0.0
gallery,410,0106_s011_v2_001.jpg,106,2,11,0.0004524642135947943,0.0002897115773521364,0.00020727369701489806,0.50226229429245,0.5014485716819763,0.5010363459587097,0.0,0.0,0.0
gallery,411,0106_s011_v4_002.jpg,106,4,11,0.0004524641844909638,0.0002897116937674582,0.00020727311493828893,0.50226229429245,0.5014485716819763,0.5010363459587097,0.0,0.0,0.0
gallery,412,0108_s011_v2_000.jpg,108,2,11,0.00045246415538713336,0.0002897117519751191,0.0002072727947961539,0.50226229429245,0.5014485716819763,0.5010363459587097,0.0,0.0,0.0
gallery,413,0108_s011_v4_001.jpg,108,4,11,0.00045246415538713336,0.0002897117519751191,0.00020727256196551025,0.50226229429245,0.5014485716819763,0.5010363459587097,0.0,0.0,0.0
gallery,414,0108_s011_v5_002.jpg,108,5,11,0.0004524641844909638,0.0002897116937674582,0.00020727324590552598,0.50226229429245,0.5014485716819763,0.5010363459587097,0.0,0.0,0.0
gallery,415,0110_s011_v4_002.jpg,110,4,11,0.0004524642135947943,0.00028971160645596683,0.00020727365335915238,0.50226229429245,0.5014485716819763,0.5010363459587097,0.0,0.0,0.0
gallery,416,0110_s011_v6_003.jpg,110,6,11,0.0004524641844909638,0.00028971166466362774,0.00020727355149574578,0.50226229429245,0.5014485716819763,0.5010363459587097,0.0,0.0,0.0
gallery,417,0110_s011_v7_004.jpg,110,7,11,0.0004524641844909638,0.00028971166466362774,0.00020727352239191532,0.50226229429245,0.5014485716819763,0.5010363459587097,0.0,0.0,0.0
gallery,418,0110_s012_v0_000.jpg,110,0,12,0.0004524641844909638,0.00028971166466362774,0.00020727323135361075,0.50226229429245,0.5014485716819763,0.5010363459587097,0.0,0.0,0.0
gallery,419,0110_s012_v5_001.jpg,110,5,12,0.0004524641844909638,0.00028971166466362774,0.00020727327500935644,0.50226229429245,0.5014485716819763,0.5010363459587097,0.0,0.0,0.0
gallery,420,0112_s012_v0_000.jpg,112,0,12,0.0004524641844909638,0.0002897116937674582,0.00020727301307488233,0.50226229429245,0.5014485716819763,0.5010363459587097,0.0,0.0,0.0
gallery,421,0112_s012_v3_001.jpg,112,3,12,0.0004524641844909638,0.00028971166466362774,0.00020727318769786507,0.50226229429245,0.5014485716819763,0.5010363459587097,0.0,0.0,0.0
gallery,422,0112_s018_v0_002.jpg,112,0,18,0.0004524641844909638,0.0002897116355597973,0.0002072731003863737,0.50226229429245,0.5014485716819763,0.5010363459587097,0.0,0.0,0.0
gallery,423,0112_s018_v3_003.jpg,112,3,18,0.0004524641844909638,0.00028971166466362774,0.0002072729985229671,0.50226229429245,0.5014485716819763,0.5010363459587097,0.0,0.0,0.0
gallery,424,0112_s025_v1_004.jpg,112,1,25,0.0004524641844909638,0.00028971166466362774,0.00020727321680169553,0.50226229429245,0.5014485716819763,0.5010363459587097,0.0,0.0,0.0
gallery,425,0112_s025_v2_005.jpg,112,2,25,0.0004524641844909638,0.00028971166466362774,0.0002072728384518996,0.50226229429245,0.5014485716819763,0.5010363459587097,0.0,0.0,0.0
gallery,426,0112_s025_v3_006.jpg,112,3,25,0.0004524641844909638,0.0002897116937674582,0.00020727285300381482,0.50226229429245,0.5014485716819763,0.5010363459587097,0.0,0.0,0.0
gallery,427,0112_s025_v4_007.jpg,112,4,25,0.0004524641844909638,0.00028971172287128866,0.00020727251830976456,0.50226229429245,0.5014485716819763,0.5010363459587097,0.0,0.0,0.0
gallery,428,0112_s025_v5_008.jpg,112,5,25,0.0004524641844909638,0.00028971166466362774,0.0002072732022497803,0.50226229429245,0.5014485716819763,0.5010363459587097,0.0,0.0,0.0
gallery,429,0114_s012_v3_000.jpg,114,3,12,0.0004524641844909638,0.0002897116937674582,0.00020727328956127167,0.50226229429245,0.5014485716819763,0.5010363459587097,0.0,0.0,0.0
gallery,430,0114_s012_v5_001.jpg,114,5,12,0.0004524641844909638,0.0002897116355597973,0.0002072734641842544,0.50226229429245,0.5014485716819763,0.5010363459587097,0.0,0.0,0.0
gallery,431,0114_s016_v3_002.jpg,114,3,16,0.0004524641844909638,0.0002897116355597973,0.0002072734059765935,0.50226229429245,0.5014485716819763,0.5010363459587097,0.0,0.0,0.0
gallery,432,0114_s016_v5_003.jpg,114,5,16,0.0004524641844909638,0.0002897116355597973,0.00020727334776893258,0.50226229429245,0.5014485716819763,0.5010363459587097,0.0,0.0,0.0
gallery,433,0114_s018_v0_004.jpg,114,0,18,0.0004524641844909638,0.00028971166466362774,0.0002072731585940346,0.50226229429245,0.5014485716819763,0.5010363459587097,0.0,0.0,0.0
gallery,434,0114_s018_v1_005.jpg,114,1,18,0.0004524641844909638,0.0002897116937674582,0.0002072728966595605,0.50226229429245,0.5014485716819763,0.5010363459587097,0.0,0.0,0.0
gallery,435,0114_s018_v2_006.jpg,114,2,18,0.0004524641844909638,0.00028971166466362774,0.00020727337687276304,0.50226229429245,0.5014485716819763,0.5010363459587097,0.0,0.0,0.0
gallery,436,0114_s018_v6_007.jpg,114,6,18,0.0004524641844909638,0.00028971166466362774,0.00020727318769786507,0.50226229429245,0.5014485716819763,0.5010363459587097,0.0,0.0,0.0
gallery,437,0114_s019_v0_008.jpg,114,0,19,0.0004524642135947943,0.0002897115773521364,0.00020727374067064375,0.50226229429245,0.5014485716819763,0.5010363459587097,0.0,0.0,0.0
gallery,438,0114_s019_v1_009.jpg,114,1,19,0.0004524641844909638,0.00028971166466362774,0.00020727344963233918,0.50226229429245,0.5014485716819763,0.5010363459587097,0.0,0.0,0.0
gallery,439,0114_s019_v2_010.jpg,114,2,19,0.0004524641844909638,0.00028971166466362774,0.00020727343508042395,0.50226229429245,0.5014485716819763,0.5010363459587097,0.0,0.0,0.0
gallery,440,0114_s019_v4_011.jpg,114,4,19,0.0004524641844909638,0.00028971166466362774,0.00020727318769786507,0.50226229429245,0.5014485716819763,0.5010363459587097,0.0,0.0,0.0
gallery,441,0114_s019_v6_012.jpg,114,6,19,0.0004524641844909638,0.0002897116937674582,0.00020727344963233918,0.50226229429245,0.5014485716819763,0.5010363459587097,0.0,0.0,0.0
gallery,442,0116_s012_v0_000.jpg,116,0,12,0.0004524641844909638,0.0002897116937674582,0.000207272736588493,0.50226229429245,0.5014485716819763,0.5010363459587097,0.0,0.0,0.0
gallery,443,0116_s012_v4_001.jpg,116,4,12,0.0004524641844909638,0.0002897116355597973,0.00020727318769786507,0.50226229429245,0.5014485716819763,0.5010363459587097,0.0,0.0,0.0
gallery,444,0116_s012_v6_002.jpg,116,6,12,0.0004524641844909638,0.0002897116355597973,0.00020727312949020416,0.50226229429245,0.5014485716819763,0.5010363459587097,0.0,0.0,0.0
gallery,445,0116_s029_v1_003.jpg,116,1,29,0.0004524642135947943,0.00028971160645596683,0.00020727355149574578,0.50226229429245,0.5014485716819763,0.5010363459587097,0.0,0.0,0.0
gallery,446,0116_s029_v3_004.jpg,116,3,29,0.0004524642135947943,0.00028971160645596683,0.00020727363880723715,0.50226229429245,0.5014485716819763,0.5010363459587097,0.0,0.0,0.0
gallery,447,0116_s029_v5_005.jpg,116,5,29,0.0004524642135947943,0.0002897116355597973,0.00020727308583445847,0.50226229429245,0.5014485716819763,0.5010363459587097,0.0,0.0,0.0
gallery,448,0116_s029_v7_006.jpg,116,7,29,0.0004524642135947943,0.0002897116355597973,0.00020727334776893258,0.50226229429245,0.5014485716819763,0.5010363459587097,0.0,0.0,0.0
gallery,449,0118_s012_v5_000.jpg,118,5,12,0.0004524641844909638,0.0002897116355597973,0.0002072735078400001,0.50226229429245,0.5014485716819763,0.5010363459587097,0.0,0.0,0.0
gallery,450,0118_s012_v7_001.jpg,118,7,12,0.0004524641844909638,0.0002897116355597973,0.00020727343508042395,0.50226229429245,0.5014485716819763,0.5010363459587097,0.0,0.0,0.0
gallery,451,0120_s012_v0_000.jpg,120,0,12,0.0004524641844909638,0.0002897116355597973,0.00020727321680169553,0.50226229429245,0.5014485716819763,0.5010363459587097,0.0,0.0,0.0
gallery,452,0120_s012_v3_001.jpg,120,3,12,0.0004524641844909638,0.0002897116937674582,0.0002072729985229671,0.50226229429245,0.5014485716819763,0.5010363459587097,0.0,0.0,0.0
gallery,453,0120_s012_v5_002.jpg,120,5,12,0.0004524641844909638,0.00028971166466362774,0.00020727331866510212,0.50226229429245,0.5014485716819763,0.5010363459587097,0.0,0.0,0.0
gallery,454,0122_s012_v2_000.jpg,122,2,12,0.0004524641844909638,0.0002897116937674582,0.0002072729403153062,0.50226229429245,0.5014485716819763,0.5010363459587097,0.0,0.0,0.0
gallery,455,0122_s012_v5_001.jpg,122,5,12,0.0004524641844909638,0.00028971172287128866,0.00020727280934806913,0.50226229429245,0.5014485716819763,0.5010363459587097,0.0,0.0,0.0
gallery,456,0122_s012_v7_002.jpg,122,7,12,0.0004524641844909638,0.00028971172287128866,0.00020727251830976456,0.50226229429245,0.5014485716819763,0.5010363459587097,0.0,0.0,0.0
gallery,457,0122_s013_v0_003.jpg,122,0,13,0.0004524641844909638,0.0002897116355597973,0.00020727349328808486,0.50226229429245,0.5014485716819763,0.5010363459587097,0.0,0.0,0.0
gallery,458,0122_s013_v1_004.jpg,122,1,13,0.0004524641844909638,0.0002897116355597973,0.00020727321680169553,0.50226229429245,0.5014485716819763,0.5010363459587097,0.0,0.0,0.0
gallery,459,0122_s025_v0_005.jpg,122,0,25,0.0004524641844909638,0.0002897116355597973,0.00020727359515149146,0.50226229429245,0.5014485716819763,0.5010363459587097,0.0,0.0,0.0
gallery,460,0122_s025_v1_006.jpg,122,1,25,0.00045246415538713336,0.0002897117519751191,0.0002072725328616798,0.50226229429245,0.5014485716819763,0.5010363459587097,0.0,0.0,0.0
gallery,461,0122_s025_v2_007.jpg,122,2,25,0.0004524641844909638,0.00028971166466362774,0.00020727314404211938,0.50226229429245,0.5014485716819763,0.5010363459587097,0.0,0.0,0.0
gallery,462,0122_s025_v3_008.jpg,122,3,25,0.0004524641844909638,0.0002897116937674582,0.00020727308583445847,0.50226229429245,0.5014485716819763,0.5010363459587097,0.0,0.0,0.0
gallery,463,0122_s025_v4_009.jpg,122,4,25,0.0004524641844909638,0.0002897116937674582,0.0002072731003863737,0.50226229429245,0.5014485716819763,0.5010363459587097,0.0,0.0,0.0
gallery,464,0122_s025_v5_010.jpg,122,5,25,0.0004524641844909638,0.00028971172287128866,0.00020727278024423867,0.50226229429245,0.5014485716819763,0.5010363459587097,0.0,0.0,0.0
gallery,465,0122_s025_v6_011.jpg,122,6,25,0.0004524641844909638,0.00028971172287128866,0.00020727285300381482,0.50226229429245,0.5014485716819763,0.5010363459587097,0.0,0.0,0.0
gallery,466,0122_s025_v7_012.jpg,122,7,25,0.0004524641844909638,0.0002897116937674582,0.00020727318769786507,0.50226229429245,0.5014485716819763,0.5010363459587097,0.0,0.0,0.0
gallery,467,0124_s013_v0_000.jpg,124,0,13,0.0004524641844909638,0.0002897116937674582,0.00020727339142467827,0.50226229429245,0.5014485716819763,0.5010363459587097,0.0,0.0,0.0
gallery,468,0124_s013_v3_001.jpg,124,3,13,0.0004524641844909638,0.0002897116355597973,0.0002072733623208478,0.50226229429245,0.5014485716819763,0.5010363459587097,0.0,0.0,0.0
gallery,469,0127_s013_v0_000.jpg,127,0,13,0.0004524641844909638,0.00028971160645596683,0.00020727314404211938,0.50226229429245,0.5014485716819763,0.5010363459587097,0.0,0.0,0.0
gallery,470,0127_s013_v3_001.jpg,127,3,13,0.0004524641844909638,0.0002897116355597973,0.0002072733623208478,0.50226229429245,0.5014485716819763,0.5010363459587097,0.0,0.0,0.0
gallery,471,0127_s022_v4_002.jpg,127,4,22,0.0004524641844909638,0.00028971166466362774,0.00020727308583445847,0.50226229429245,0.5014485716819763,0.5010363459587097,0.0,0.0,0.0
gallery,472,0127_s022_v7_003.jpg,127,7,22,0.0004524641844909638,0.00028971166466362774,0.0002072726929327473,0.50226229429245,0.5014485716819763,0.5010363459587097,0.0,0.0,0.0
gallery,473,0127_s028_v3_004.jpg,127,3,28,0.0004524641844909638,0.0002897116355597973,0.00020727286755573004,0.50226229429245,0.5014485716819763,0.5010363459587097,0.0,0.0,0.0
gallery,474,0127_s028_v5_005.jpg,127,5,28,0.0004524641844909638,0.0002897116355597973,0.00020727296941913664,0.50226229429245,0.5014485716819763,0.5010363459587097,0.0,0.0,0.0
gallery,475,0129_s013_v0_000.jpg,129,0,13,0.0004524642135947943,0.00028971160645596683,0.0002072734059765935,0.50226229429245,0.5014485716819763,0.5010363459587097,0.0,0.0,0.0
gallery,476,0129_s013_v3_001.jpg,129,3,13,0.0004524641844909638,0.00028971166466362774,0.00020727278024423867,0.50226229429245,0.5014485716819763,0.5010363459587097,0.0,0.0,0.0
gallery,477,0129_s013_v5_002.jpg,129,5,13,0.0004524641844909638,0.00028971160645596683,0.00020727301307488233,0.50226229429245,0.5014485716819763,0.5010363459587097,0.0,0.0,0.0
gallery,478,0129_s015_v3_003.jpg,129,3,15,0.0004524642135947943,0.00028971160645596683,0.00020727333321701735,0.50226229429245,0.5014485716819763,0.5010363459587097,0.0,0.0,0.0
gallery,479,0129_s015_v5_004.jpg,129,5,15,0.0004524641844909638,0.00028971166466362774,0.00020727288210764527,0.50226229429245,0.5014485716819763,0.5010363459587097,0.0,0.0,0.0
gallery,480,0129_s015_v7_005.jpg,129,7,15,0.0004524641844909638,0.00028971160645596683,0.00020727339142467827,0.50226229429245,0.5014485716819763,0.5010363459587097,0.0,0.0,0.0
gallery,481,0129_s016_v1_006.jpg,129,1,16,0.0004524641844909638,0.00028971166466362774,0.00020727311493828893,0.50226229429245,0.5014485716819763,0.5010363459587097,0.0,0.0,0.0
gallery,482,0129_s016_v6_007.jpg,129,6,16,0.0004524641844909638,0.00028971166466362774,0.00020727304217871279,0.50226229429245,0.5014485716819763,0.5010363459587097,0.0,0.0,0.0
gallery,483,0129_s023_v0_008.jpg,129,0,23,0.0004524641844909638,0.00028971160645596683,0.00020727321680169553,0.50226229429245,0.5014485716819763,0.5010363459587097,0.0,0.0,0.0
gallery,484,0129_s023_v1_009.jpg,129,1,23,0.0004524641844909638,0.0002897116355597973,0.00020727343508042395,0.50226229429245,0.5014485716819763,0.5010363459587097,0.0,0.0,0.0
gallery,485,0129_s023_v3_010.jpg,129,3,23,0.0004524641844909638,0.00028971166466362774,0.00020727301307488233,0.50226229429245,0.5014485716819763,0.5010363459587097,0.0,0.0,0.0
gallery,486,0129_s023_v4_011.jpg,129,4,23,0.0004524641844909638,0.00028971166466362774,0.00020727280934806913,0.50226229429245,0.5014485716819763,0.5010363459587097,0.0,0.0,0.0
gallery,487,0129_s023_v5_012.jpg,129,5,23,0.0004524641844909638,0.0002897116355597973,0.00020727276569232345,0.50226229429245,0.5014485716819763,0.5010363459587097,0.0,0.0,0.0
gallery,488,0129_s024_v0_013.jpg,129,0,24,0.0004524642135947943,0.0002897115773521364,0.00020727321680169553,0.50226229429245,0.5014485716819763,0.5010363459587097,0.0,0.0,0.0
gallery,489,0129_s024_v4_014.jpg,129,4,24,0.0004524642135947943,0.00028971160645596683,0.00020727339142467827,0.50226229429245,0.5014485716819763,0.5010363459587097,0.0,0.0,0.0
gallery,490,0129_s024_v5_015.jpg,129,5,24,0.0004524641844909638,0.0002897116355597973,0.0002072732022497803,0.50226229429245,0.5014485716819763,0.5010363459587097,0.0,0.0,0.0
gallery,491,0131_s014_v5_000.jpg,131,5,14,0.0004524642135947943,0.00028971160645596683,0.00020727369701489806,0.50226229429245,0.5014485716819763,0.5010363459587097,0.0,0.0,0.0
gallery,492,0131_s014_v7_001.jpg,131,7,14,0.0004524642135947943,0.0002897115773521364,0.00020727352239191532,0.50226229429245,0.5014485716819763,0.5010363459587097,0.0,0.0,0.0
gallery,493,0133_s014_v1_000.jpg,133,1,14,0.0004524642135947943,0.00028971160645596683,0.00020727292576339096,0.50226229429245,0.5014485716819763,0.5010363459587097,0.0,0.0,0.0
gallery,494,0133_s014_v3_001.jpg,133,3,14,0.0004524642135947943,0.00028971160645596683,0.00020727307128254324,0.50226229429245,0.5014485716819763,0.5010363459587097,0.0,0.0,0.0
gallery,495,0133_s014_v4_002.jpg,133,4,14,0.0004524641844909638,0.0002897116937674582,0.0002072725910693407,0.50226229429245,0.5014485716819763,0.5010363459587097,0.0,0.0,0.0
gallery,496,0135_s015_v1_000.jpg,135,1,15,0.0004524641844909638,0.00028971160645596683,0.0002072732604574412,0.50226229429245,0.5014485716819763,0.5010363459587097,0.0,0.0,0.0
gallery,497,0135_s015_v5_001.jpg,135,5,15,0.0004524642135947943,0.00028971160645596683,0.00020727337687276304,0.50226229429245,0.5014485716819763,0.5010363459587097,0.0,0.0,0.0
gallery,498,0135_s015_v6_002.jpg,135,6,15,0.0004524641844909638,0.00028971166466362774,0.00020727266382891685,0.50226229429245,0.5014485716819763,0.5010363459587097,0.0,0.0,0.0
gallery,499,0137_s015_v0_000.jpg,137,0,15,0.0004524641844909638,0.00028971172287128866,0.0002072728384518996,0.50226229429245,0.5014485716819763,0.5010363459587097,0.0,0.0,0.0
gallery,500,0137_s015_v1_001.jpg,137,1,15,0.0004524641844909638,0.0002897116355597973,0.0002072733623208478,0.50226229429245,0.5014485716819763,0.5010363459587097,0.0,0.0,0.0
gallery,501,0137_s015_v3_002.jpg,137,3,15,0.0004524641844909638,0.00028971166466362774,0.00020727331866510212,0.50226229429245,0.5014485716819763,0.5010363459587097,0.0,0.0,0.0
gallery,502,0137_s015_v4_003.jpg,137,4,15,0.0004524641844909638,0.0002897116355597973,0.0002072734641842544,0.50226229429245,0.5014485716819763,0.5010363459587097,0.0,0.0,0.0
gallery,503,0139_s000_v0_002.jpg,139,0,0,0.0004524641844909638,0.00028971172287128866,0.00020727250375784934,0.50226229429245,0.5014485716819763,0.5010363459587097,0.0,0.0,0.0
gallery,504,0139_s000_v1_006.jpg,139,1,0,0.0004524641844909638,0.0002897116937674582,0.00020727286755573004,0.50226229429245,0.5014485716819763,0.5010363459587097,0.0,0.0,0.0
gallery,505,0139_s000_v2_004.jpg,139,2,0,0.0004524641844909638,0.00028971172287128866,0.000207272736588493,0.50226229429245,0.5014485716819763,0.5010363459587097,0.0,0.0,0.0
gallery,506,0139_s000_v3_007.jpg,139,3,0,0.0004524641844909638,0.0002897116937674582,0.00020727304217871279,0.50226229429245,0.5014485716819763,0.5010363459587097,0.0,0.0,0.0
gallery,507,0139_s000_v4_003.jpg,139,4,0,0.0004524641844909638,0.00028971166466362774,0.00020727286755573004,0.50226229429245,0.5014485716819763,0.5010363459587097,0.0,0.0,0.0
gallery,508,0139_s000_v5_008.jpg,139,5,0,0.0004524641844909638,0.00028971172287128866,0.00020727291121147573,0.50226229429245,0.5014485716819763,0.5010363459587097,0.0,0.0,0.0
gallery,509,0139_s000_v6_005.jpg,139,6,0,0.0004524641844909638,0.00028971172287128866,0.00020727240189444274,0.50226229429245,0.5014485716819763,0.5010363459587097,0.0,0.0,0.0
gallery,510,0139_s000_v7_009.jpg,139,7,0,0.0004524641844909638,0.00028971172287128866,0.000207272736588493,0.50226229429245,0.5014485716819763,0.5010363459587097,0.0,0.0,0.0
gallery,511,0139_s015_v1_000.jpg,139,1,15,0.0004524641844909638,0.0002897116937674582,0.00020727222727146,0.50226229429245,0.5014485716819763,0.5010363459587097,0.0,0.0,0.0
gallery,512,0139_s015_v7_001.jpg,139,7,15,0.00045246415538713336,0.0002897117519751191,0.00020727190712932497,0.50226229429245,0.5014485716819763,0.5010363459587097,0.0,0.0,0.0
gallery,513,0141_s015_v0_000.jpg,141,0,15,0.00045246415538713336,0.00028971181018278003,0.0002072721254080534,0.50226229429245,0.5014485716819763,0.5010363459587097,0.0,0.0,0.0
gallery,514,0141_s015_v3_001.jpg,141,3,15,0.00045246415538713336,0.00028971178107894957,0.00020727199444081634,0.50226229429245,0.5014485716819763,0.5010363459587097,0.0,0.0,0.0
gallery,515,0141_s015_v5_002.jpg,141,5,15,0.00045246415538713336,0.00028971181018278003,0.00020727183436974883,0.50226229429245,0.5014485716819763,0.5010363459587097,0.0,0.0,0.0
gallery,516,0141_s023_v0_003.jpg,141,0,23,0.00045246415538713336,0.00028971178107894957,0.00020727224182337523,0.50226229429245,0.5014485716819763,0.5010363459587097,0.0,0.0,0.0
gallery,517,0141_s023_v1_004.jpg,141,1,23,0.00045246415538713336,0.00028971172287128866,0.0002072724892059341,0.50226229429245,0.5014485716819763,0.5010363459587097,0.0,0.0,0.0
gallery,518,0141_s023_v3_005.jpg,141,3,23,0.00045246415538713336,0.00028971178107894957,0.00020727189257740974,0.50226229429245,0.5014485716819763,0.5010363459587097,0.0,0.0,0.0
gallery,519,0141_s023_v4_006.jpg,141,4,23,0.00045246415538713336,0.0002897117519751191,0.000207272736588493,0.50226229429245,0.5014485716819763,0.5010363459587097,0.0,0.0,0.0
gallery,520,0141_s023_v5_007.jpg,141,5,23,0.00045246415538713336,0.00028971181018278003,0.00020727211085613817,0.50226229429245,0.5014485716819763,0.5010363459587097,0.0,0.0,0.0
gallery,521,0143_s016_v0_000.jpg,143,0,16,0.00045246415538713336,0.00028971178107894957,0.00020727174705825746,0.50226229429245,0.5014485716819763,0.5010363459587097,0.0,0.0,0.0
gallery,522,0143_s016_v1_001.jpg,143,1,16,0.00045246415538713336,0.00028971172287128866,0.00020727209630422294,0.50226229429245,0.5014485716819763,0.5010363459587097,0.0,0.0,0.0
gallery,523,0143_s016_v3_002.jpg,143,3,16,0.00045246415538713336,0.00028971178107894957,0.00020727163064293563,0.50226229429245,0.5014485716819763,0.5010363459587097,0.0,0.0,0.0
gallery,524,0143_s016_v5_003.jpg,143,5,16,0.00045246415538713336,0.00028971178107894957,0.0002072718198178336,0.50226229429245,0.5014485716819763,0.5010363459587097,0.0,0.0,0.0
gallery,525,0143_s024_v0_004.jpg,143,0,24,0.00045246415538713336,0.00028971178107894957,0.00020727177616208792,0.50226229429245,0.5014485716819763,0.5010363459587097,0.0,0.0,0.0
gallery,526,0143_s024_v1_005.jpg,143,1,24,0.00045246415538713336,0.00028971172287128866,0.00020727221271954477,0.50226229429245,0.5014485716819763,0.5010363459587097,0.0,0.0,0.0
gallery,527,0143_s024_v3_006.jpg,143,3,24,0.00045246415538713336,0.0002897117519751191,0.00020727187802549452,0.50226229429245,0.5014485716819763,0.5010363459587097,0.0,0.0,0.0
gallery,528,0143_s024_v4_007.jpg,143,4,24,0.0004524641844909638,0.00028971166466362774,0.00020727246010210365,0.50226229429245,0.5014485716819763,0.5010363459587097,0.0,0.0,0.0
gallery,529,0143_s024_v7_008.jpg,143,7,24,0.00045246415538713336,0.0002897117519751191,0.00020727213995996863,0.50226229429245,0.5014485716819763,0.5010363459587097,0.0,0.0,0.0
gallery,530,0145_s016_v0_000.jpg,145,0,16,0.0004524641844909638,0.0002897116355597973,0.00020727295486722142,0.50226229429245,0.5014485716819763,0.5010363459587097,0.0,0.0,0.0
gallery,531,0145_s016_v3_001.jpg,145,3,16,0.0004524641844909638,0.0002897116937674582,0.00020727240189444274,0.50226229429245,0.5014485716819763,0.5010363459587097,0.0,0.0,0.0
gallery,532,0145_s016_v4_002.jpg,145,4,16,0.00045246415538713336,0.00028971172287128866,0.00020727237279061228,0.50226229429245,0.5014485716819763,0.5010363459587097,0.0,0.0,0.0
gallery,533,0145_s016_v5_003.jpg,145,5,16,0.0004524641844909638,0.00028971172287128866,0.0002072723873425275,0.50226229429245,0.5014485716819763,0.5010363459587097,0.0,0.0,0.0
gallery,534,0145_s016_v7_004.jpg,145,7,16,0.0004524641844909638,0.00028971166466362774,0.0002072733041131869,0.50226229429245,0.5014485716819763,0.5010363459587097,0.0,0.0,0.0
gallery,535,0145_s023_v0_005.jpg,145,0,23,0.0004524641844909638,0.00028971160645596683,0.0002072725910693407,0.50226229429245,0.5014485716819763,0.5010363459587097,0.0,0.0,0.0
gallery,536,0145_s023_v1_006.jpg,145,1,23,0.0004524641844909638,0.00028971166466362774,0.00020727266382891685,0.50226229429245,0.5014485716819763,0.5010363459587097,0.0,0.0,0.0
gallery,537,0145_s023_v3_007.jpg,145,3,23,0.0004524641844909638,0.0002897116937674582,0.00020727257651742548,0.50226229429245,0.5014485716819763,0.5010363459587097,0.0,0.0,0.0
gallery,538,0145_s023_v4_008.jpg,145,4,23,0.0004524641844909638,0.00028971166466362774,0.00020727298397105187,0.50226229429245,0.5014485716819763,0.5010363459587097,0.0,0.0,0.0
gallery,539,0145_s023_v7_009.jpg,145,7,23,0.0004524641844909638,0.00028971166466362774,0.0002072724309982732,0.50226229429245,0.5014485716819763,0.5010363459587097,0.0,0.0,0.0
gallery,540,0145_s024_v1_010.jpg,145,1,24,0.0004524641844909638,0.0002897116355597973,0.00020727314404211938,0.50226229429245,0.5014485716819763,0.5010363459587097,0.0,0.0,0.0
gallery,541,0145_s024_v3_011.jpg,145,3,24,0.0004524641844909638,0.0002897116355597973,0.00020727305673062801,0.50226229429245,0.5014485716819763,0.5010363459587097,0.0,0.0,0.0
gallery,542,0145_s024_v4_012.jpg,145,4,24,0.0004524641844909638,0.0002897116937674582,0.0002072727947961539,0.50226229429245,0.5014485716819763,0.5010363459587097,0.0,0.0,0.0
gallery,543,0145_s024_v5_013.jpg,145,5,24,0.0004524641844909638,0.0002897116355597973,0.00020727334776893258,0.50226229429245,0.5014485716819763,0.5010363459587097,0.0,0.0,0.0
gallery,544,0147_s016_v3_000.jpg,147,3,16,0.0004524641844909638,0.0002897116937674582,0.00020727301307488233,0.50226229429245,0.5014485716819763,0.5010363459587097,0.0,0.0,0.0
gallery,545,0147_s016_v5_001.jpg,147,5,16,0.0004524641844909638,0.0002897116937674582,0.0002072728384518996,0.50226229429245,0.5014485716819763,0.5010363459587097,0.0,0.0,0.0
gallery,546,0147_s016_v5_002.jpg,147,5,16,0.00045246415538713336,0.00028971172287128866,0.00020727257651742548,0.50226229429245,0.5014485716819763,0.5010363459587097,0.0,0.0,0.0
gallery,547,0147_s016_v7_003.jpg,147,7,16,0.0004524641844909638,0.00028971172287128866,0.00020727278024423867,0.50226229429245,0.5014485716819763,0.5010363459587097,0.0,0.0,0.0
gallery,548,0150_s000_v0_007.jpg,150,0,0,0.0004524641844909638,0.00028971172287128866,0.00020727260562125593,0.50226229429245,0.5014485716819763,0.5010363459587097,0.0,0.0,0.0
gallery,549,0150_s000_v1_011.jpg,150,1,0,0.0004524641844909638,0.00028971172287128866,0.00020727305673062801,0.50226229429245,0.5014485716819763,0.5010363459587097,0.0,0.0,0.0
gallery,550,0150_s000_v2_009.jpg,150,2,0,0.00045246415538713336,0.00028971172287128866,0.00020727197988890111,0.50226229429245,0.5014485716819763,0.5010363459587097,0.0,0.0,0.0
gallery,551,0150_s000_v3_012.jpg,150,3,0,0.00045246415538713336,0.0002897117519751191,0.00020727260562125593,0.50226229429245,0.5014485716819763,0.5010363459587097,0.0,0.0,0.0
gallery,552,0150_s000_v4_008.jpg,150,4,0,0.0004524641844909638,0.0002897116937674582,0.0002072726347250864,0.50226229429245,0.5014485716819763,0.5010363459587097,0.0,0.0,0.0
gallery,553,0150_s000_v5_013.jpg,150,5,0,0.0004524641844909638,0.00028971166466362774,0.0002072728384518996,0.50226229429245,0.5014485716819763,0.5010363459587097,0.0,0.0,0.0
gallery,554,0150_s000_v6_010.jpg,150,6,0,0.00045246415538713336,0.0002897117519751191,0.00020727230003103614,0.50226229429245,0.5014485716819763,0.5010363459587097,0.0,0.0,0.0
gallery,555,0150_s000_v7_014.jpg,150,7,0,0.0004524641844909638,0.0002897116937674582,0.00020727298397105187,0.50226229429245,0.5014485716819763,0.5010363459587097,0.0,0.0,0.0
gallery,556,0150_s016_v1_000.jpg,150,1,16,0.00045246415538713336,0.0002897117519751191,0.00020727254741359502,0.50226229429245,0.5014485716819763,0.5010363459587097,0.0,0.0,0.0
gallery,557,0150_s016_v4_001.jpg,150,4,16,0.0004524641844909638,0.0002897116355597973,0.00020727349328808486,0.50226229429245,0.5014485716819763,0.5010363459587097,0.0,0.0,0.0
gallery,558,0150_s016_v7_002.jpg,150,7,16,0.0004524641844909638,0.0002897116937674582,0.00020727327500935644,0.50226229429245,0.5014485716819763,0.5010363459587097,0.0,0.0,0.0
gallery,559,0150_s024_v0_003.jpg,150,0,24,0.0004524641844909638,0.0002897116937674582,0.00020727311493828893,0.50226229429245,0.5014485716819763,0.5010363459587097,0.0,0.0,0.0
gallery,560,0150_s024_v1_004.jpg,150,1,24,0.0004524641844909638,0.0002897116937674582,0.0002072734059765935,0.50226229429245,0.5014485716819763,0.5010363459587097,0.0,0.0,0.0
gallery,561,0150_s024_v3_005.jpg,150,3,24,0.0004524641844909638,0.0002897116937674582,0.0002072729403153062,0.50226229429245,0.5014485716819763,0.5010363459587097,0.0,0.0,0.0
gallery,562,0150_s024_v7_006.jpg,150,7,24,0.0004524641844909638,0.0002897116937674582,0.00020727286755573004,0.50226229429245,0.5014485716819763,0.5010363459587097,0.0,0.0,0.0
gallery,563,0152_s016_v1_000.jpg,152,1,16,0.0004524641844909638,0.00028971166466362774,0.00020727311493828893,0.50226229429245,0.5014485716819763,0.5010363459587097,0.0,0.0,0.0
gallery,564,0152_s018_v3_001.jpg,152,3,18,0.0004524642135947943,0.0002897116355597973,0.00020727331866510212,0.50226229429245,0.5014485716819763,0.5010363459587097,0.0,0.0,0.0
gallery,565,0152_s018_v5_002.jpg,152,5,18,0.0004524641844909638,0.0002897116355597973,0.00020727343508042395,0.50226229429245,0.5014485716819763,0.5010363459587097,0.0,0.0,0.0
gallery,566,0152_s018_v7_003.jpg,152,7,18,0.0004524641844909638,0.0002897116937674582,0.00020727304217871279,0.50226229429245,0.5014485716819763,0.5010363459587097,0.0,0.0,0.0
gallery,567,0154_s016_v0_000.jpg,154,0,16,0.00045246415538713336,0.00028971172287128866,0.0002072721836157143,0.50226229429245,0.5014485716819763,0.5010363459587097,0.0,0.0,0.0
gallery,568,0154_s016_v1_001.jpg,154,1,16,0.0004524641844909638,0.00028971172287128866,0.00020727230003103614,0.50226229429245,0.5014485716819763,0.5010363459587097,0.0,0.0,0.0
gallery,569,0154_s016_v7_002.jpg,154,7,16,0.00045246415538713336,0.00028971172287128866,0.00020727222727146,0.50226229429245,0.5014485716819763,0.5010363459587097,0.0,0.0,0.0
gallery,570,0156_s016_v1_000.jpg,156,1,16,0.00045246415538713336,0.0002897117519751191,0.0002072729985229671,0.50226229429245,0.5014485716819763,0.5010363459587097,0.0,0.0,0.0
gallery,571,0156_s016_v7_001.jpg,156,7,16,0.00045246415538713336,0.00028971178107894957,0.00020727280934806913,0.50226229429245,0.5014485716819763,0.5010363459587097,0.0,0.0,0.0
gallery,572,0158_s016_v1_000.jpg,158,1,16,0.0004524641844909638,0.00028971172287128866,0.00020727323135361075,0.50226229429245,0.5014485716819763,0.5010363459587097,0.0,0.0,0.0
gallery,573,0158_s016_v3_001.jpg,158,3,16,0.0004524641844909638,0.00028971172287128866,0.00020727318769786507,0.50226229429245,0.5014485716819763,0.5010363459587097,0.0,0.0,0.0
gallery,574,0160_s017_v0_000.jpg,160,0,17,0.0004524641844909638,0.0002897116937674582,0.00020727292576339096,0.50226229429245,0.5014485716819763,0.5010363459587097,0.0,0.0,0.0
gallery,575,0160_s017_v1_001.jpg,160,1,17,0.0004524641844909638,0.00028971166466362774,0.0002072731003863737,0.50226229429245,0.5014485716819763,0.5010363459587097,0.0,0.0,0.0
gallery,576,0160_s017_v3_002.jpg,160,3,17,0.0004524641844909638,0.0002897116937674582,0.00020727288210764527,0.50226229429245,0.5014485716819763,0.5010363459587097,0.0,0.0,0.0
gallery,577,0160_s029_v1_003.jpg,160,1,29,0.0004524641844909638,0.00028971166466362774,0.00020727312949020416,0.50226229429245,0.5014485716819763,0.5010363459587097,0.0,0.0,0.0
gallery,578,0160_s029_v3_004.jpg,160,3,29,0.0004524641844909638,0.00028971166466362774,0.00020727285300381482,0.50226229429245,0.5014485716819763,0.5010363459587097,0.0,0.0,0.0
gallery,579,0160_s029_v4_005.jpg,160,4,29,0.0004524641844909638,0.00028971166466362774,0.0002072728966595605,0.50226229429245,0.5014485716819763,0.5010363459587097,0.0,0.0,0.0
gallery,580,0160_s029_v5_006.jpg,160,5,29,0.00045246415538713336,0.0002897117519751191,0.00020727272203657776,0.50226229429245,0.5014485716819763,0.5010363459587097,0.0,0.0,0.0
gallery,581,0160_s029_v6_007.jpg,160,6,29,0.0004524641844909638,0.00028971166466362774,0.00020727344963233918,0.50226229429245,0.5014485716819763,0.5010363459587097,0.0,0.0,0.0
gallery,582,0160_s029_v7_008.jpg,160,7,29,0.0004524641844909638,0.0002897116937674582,0.00020727331866510212,0.50226229429245,0.5014485716819763,0.5010363459587097,0.0,0.0,0.0
gallery,583,0160_s030_v0_009.jpg,160,0,30,0.0004524641844909638,0.0002897116937674582,0.0002072733041131869,0.50226229429245,0.5014485716819763,0.5010363459587097,0.0,0.0,0.0
gallery,584,0160_s030_v1_010.jpg,160,1,30,0.0004524641844909638,0.0002897116355597973,0.0002072734059765935,0.50226229429245,0.5014485716819763,0.5010363459587097,0.0,0.0,0.0
gallery,585,0160_s030_v3_011.jpg,160,3,30,0.0004524641844909638,0.00028971166466362774,0.00020727349328808486,0.50226229429245,0.5014485716819763,0.5010363459587097,0.0,0.0,0.0
gallery,586,0160_s030_v4_012.jpg,160,4,30,0.0004524641844909638,0.00028971166466362774,0.00020727312949020416,0.50226229429245,0.5014485716819763,0.5010363459587097,0.0,0.0,0.0
gallery,587,0160_s030_v5_013.jpg,160,5,30,0.0004524641844909638,0.0002897116937674582,0.00020727314404211938,0.50226229429245,0.5014485716819763,0.5010363459587097,0.0,0.0,0.0
gallery,588,0160_s030_v6_014.jpg,160,6,30,0.0004524641844909638,0.00028971166466362774,0.00020727318769786507,0.50226229429245,0.5014485716819763,0.5010363459587097,0.0,0.0,0.0
gallery,589,0162_s017_v1_000.jpg,162,1,17,0.0004524641844909638,0.0002897116937674582,0.00020727302762679756,0.50226229429245,0.5014485716819763,0.5010363459587097,0.0,0.0,0.0
gallery,590,0162_s017_v3_001.jpg,162,3,17,0.0004524641844909638,0.00028971166466362774,0.00020727301307488233,0.50226229429245,0.5014485716819763,0.5010363459587097,0.0,0.0,0.0
gallery,591,0162_s017_v7_002.jpg,162,7,17,0.0004524641844909638,0.0002897116355597973,0.00020727304217871279,0.50226229429245,0.5014485716819763,0.5010363459587097,0.0,0.0,0.0
gallery,592,0164_s017_v0_000.jpg,164,0,17,0.0004524641844909638,0.0002897116355597973,0.0002072731585940346,0.50226229429245,0.5014485716819763,0.5010363459587097,0.0,0.0,0.0
gallery,593,0164_s017_v4_001.jpg,164,4,17,0.0004524642135947943,0.00028971160645596683,0.00020727339142467827,0.50226229429245,0.5014485716819763,0.5010363459587097,0.0,0.0,0.0
gallery,594,0164_s017_v5_002.jpg,164,5,17,0.0004524641844909638,0.0002897116355597973,0.00020727358059957623,0.50226229429245,0.5014485716819763,0.5010363459587097,0.0,0.0,0.0
gallery,595,0164_s017_v7_003.jpg,164,7,17,0.0004524641844909638,0.00028971166466362774,0.00020727314404211938,0.50226229429245,0.5014485716819763,0.5010363459587097,0.0,0.0,0.0
gallery,596,0166_s017_v1_000.jpg,166,1,17,0.0004524641844909638,0.00028971166466362774,0.00020727311493828893,0.50226229429245,0.5014485716819763,0.5010363459587097,0.0,0.0,0.0
gallery,597,0166_s017_v4_001.jpg,166,4,17,0.0004524641844909638,0.00028971166466362774,0.00020727312949020416,0.50226229429245,0.5014485716819763,0.5010363459587097,0.0,0.0,0.0
gallery,598,0166_s017_v7_002.jpg,166,7,17,0.0004524641844909638,0.00028971172287128866,0.00020727266382891685,0.50226229429245,0.5014485716819763,0.5010363459587097,0.0,0.0,0.0
gallery,599,0168_s018_v1_000.jpg,168,1,18,0.0004524642135947943,0.0002897115773521364,0.00020727349328808486,0.50226229429245,0.5014485716819763,0.5010363459587097,0.0,0.0,0.0
gallery,600,0168_s018_v3_001.jpg,168,3,18,0.0004524642135947943,0.0002897115773521364,0.00020727344963233918,0.50226229429245,0.5014485716819763,0.5010363459587097,0.0,0.0,0.0
gallery,601,0168_s018_v7_002.jpg,168,7,18,0.0004524642135947943,0.00028971160645596683,0.0002072734059765935,0.50226229429245,0.5014485716819763,0.5010363459587097,0.0,0.0,0.0
gallery,602,0170_s018_v0_000.jpg,170,0,18,0.00045246415538713336,0.00028971172287128866,0.00020727250375784934,0.50226229429245,0.5014485716819763,0.5010363459587097,0.0,0.0,0.0
gallery,603,0170_s018_v5_001.jpg,170,5,18,0.0004524641844909638,0.00028971166466362774,0.00020727295486722142,0.50226229429245,0.5014485716819763,0.5010363459587097,0.0,0.0,0.0
gallery,604,0170_s027_v0_002.jpg,170,0,27,0.0004524641844909638,0.0002897116355597973,0.00020727311493828893,0.50226229429245,0.5014485716819763,0.5010363459587097,0.0,0.0,0.0
gallery,605,0170_s027_v1_003.jpg,170,1,27,0.0004524641844909638,0.00028971166466362774,0.00020727295486722142,0.50226229429245,0.5014485716819763,0.5010363459587097,0.0,0.0,0.0
gallery,606,0170_s027_v2_004.jpg,170,2,27,0.0004524641844909638,0.00028971166466362774,0.00020727282389998436,0.50226229429245,0.5014485716819763,0.5010363459587097,0.0,0.0,0.0
gallery,607,0170_s027_v3_005.jpg,170,3,27,0.0004524641844909638,0.0002897116355597973,0.00020727312949020416,0.50226229429245,0.5014485716819763,0.5010363459587097,0.0,0.0,0.0
gallery,608,0170_s027_v4_006.jpg,170,4,27,0.0004524641844909638,0.00028971166466362774,0.00020727307128254324,0.50226229429245,0.5014485716819763,0.5010363459587097,0.0,0.0,0.0
gallery,609,0170_s027_v7_007.jpg,170,7,27,0.0004524641844909638,0.00028971166466362774,0.00020727308583445847,0.50226229429245,0.5014485716819763,0.5010363459587097,0.0,0.0,0.0
gallery,610,0172_s018_v1_000.jpg,172,1,18,0.0004524641844909638,0.00028971166466362774,0.00020727312949020416,0.50226229429245,0.5014485716819763,0.5010363459587097,0.0,0.0,0.0
gallery,611,0172_s018_v2_001.jpg,172,2,18,0.0004524641844909638,0.0002897116937674582,0.0002072729985229671,0.50226229429245,0.5014485716819763,0.5010363459587097,0.0,0.0,0.0
gallery,612,0172_s018_v4_002.jpg,172,4,18,0.0004524641844909638,0.0002897116937674582,0.00020727288210764527,0.50226229429245,0.5014485716819763,0.5010363459587097,0.0,0.0,0.0
gallery,613,0174_s018_v0_000.jpg,174,0,18,0.0004524641844909638,0.0002897116937674582,0.00020727254741359502,0.50226229429245,0.5014485716819763,0.5010363459587097,0.0,0.0,0.0
gallery,614,0174_s018_v5_001.jpg,174,5,18,0.0004524641844909638,0.0002897116937674582,0.00020727276569232345,0.50226229429245,0.5014485716819763,0.5010363459587097,0.0,0.0,0.0
gallery,615,0176_s019_v0_000.jpg,176,0,19,0.00045246415538713336,0.00028971178107894957,0.00020727234368678182,0.50226229429245,0.5014485716819763,0.5010363459587097,0.0,0.0,0.0
gallery,616,0176_s019_v1_001.jpg,176,1,19,0.0004524641844909638,0.0002897116937674582,0.0002072728384518996,0.50226229429245,0.5014485716819763,0.5010363459587097,0.0,0.0,0.0
gallery,617,0176_s019_v4_002.jpg,176,4,19,0.00045246415538713336,0.00028971172287128866,0.00020727234368678182,0.50226229429245,0.5014485716819763,0.5010363459587097,0.0,0.0,0.0
gallery,618,0176_s019_v5_003.jpg,176,5,19,0.0004524641844909638,0.00028971172287128866,0.0002072723873425275,0.50226229429245,0.5014485716819763,0.5010363459587097,0.0,0.0,0.0
gallery,619,0176_s029_v1_004.jpg,176,1,29,0.0004524641844909638,0.00028971166466362774,0.0002072729403153062,0.50226229429245,0.5014485716819763,0.5010363459587097,0.0,0.0,0.0
gallery,620,0176_s029_v3_005.jpg,176,3,29,0.0004524641844909638,0.0002897116937674582,0.00020727291121147573,0.50226229429245,0.5014485716819763,0.5010363459587097,0.0,0.0,0.0
gallery,621,0176_s029_v5_006.jpg,176,5,29,0.0004524641844909638,0.00028971166466362774,0.00020727296941913664,0.50226229429245,0.5014485716819763,0.5010363459587097,0.0,0.0,0.0
gallery,622,0176_s029_v6_007.jpg,176,6,29,0.0004524641844909638,0.0002897116937674582,0.0002072731585940346,0.50226229429245,0.5014485716819763,0.5010363459587097,0.0,0.0,0.0
gallery,623,0176_s029_v7_008.jpg,176,7,29,0.0004524641844909638,0.0002897116355597973,0.00020727321680169553,0.50226229429245,0.5014485716819763,0.5010363459587097,0.0,0.0,0.0
gallery,624,0178_s019_v1_000.jpg,178,1,19,0.00045246415538713336,0.0002897117519751191,0.00020727275114040822,0.50226229429245,0.5014485716819763,0.5010363459587097,0.0,0.0,0.0
gallery,625,0178_s019_v2_001.jpg,178,2,19,0.00045246415538713336,0.00028971172287128866,0.00020727240189444274,0.50226229429245,0.5014485716819763,0.5010363459587097,0.0,0.0,0.0
gallery,626,0178_s019_v4_002.jpg,178,4,19,0.00045246415538713336,0.0002897117519751191,0.0002072724892059341,0.50226229429245,0.5014485716819763,0.5010363459587097,0.0,0.0,0.0
gallery,627,0178_s019_v7_003.jpg,178,7,19,0.00045246415538713336,0.0002897117519751191,0.00020727262017317116,0.50226229429245,0.5014485716819763,0.5010363459587097,0.0,0.0,0.0
gallery,628,0178_s022_v3_004.jpg,178,3,22,0.0004524641844909638,0.00028971172287128866,0.00020727260562125593,0.50226229429245,0.5014485716819763,0.5010363459587097,0.0,0.0,0.0
gallery,629,0178_s022_v4_005.jpg,178,4,22,0.0004524641844909638,0.0002897116937674582,0.00020727291121147573,0.50226229429245,0.5014485716819763,0.5010363459587097,0.0,0.0,0.0
gallery,630,0180_s020_v1_000.jpg,180,1,20,0.0004524641844909638,0.00028971166466362774,0.0002072731003863737,0.50226229429245,0.5014485716819763,0.5010363459587097,0.0,0.0,0.0
gallery,631,0180_s020_v2_001.jpg,180,2,20,0.0004524641844909638,0.00028971166466362774,0.00020727328956127167,0.50226229429245,0.5014485716819763,0.5010363459587097,0.0,0.0,0.0
gallery,632,0180_s020_v3_002.jpg,180,3,20,0.0004524641844909638,0.00028971166466362774,0.0002072732022497803,0.50226229429245,0.5014485716819763,0.5010363459587097,0.0,0.0,0.0
gallery,633,0182_s020_v1_000.jpg,182,1,20,0.0004524642135947943,0.0002897115482483059,0.0002072739735012874,0.50226229429245,0.5014485716819763,0.5010363459587097,0.0,0.0,0.0
gallery,634,0182_s020_v2_001.jpg,182,2,20,0.0004524642135947943,0.0002897115482483059,0.00020727390074171126,0.50226229429245,0.5014485716819763,0.5010363459587097,0.0,0.0,0.0
gallery,635,0182_s020_v4_002.jpg,182,4,20,0.0004524642135947943,0.0002897115773521364,0.00020727390074171126,0.50226229429245,0.5014485716819763,0.5010363459587097,0.0,0.0,0.0
gallery,636,0182_s020_v5_003.jpg,182,5,20,0.0004524642135947943,0.0002897115482483059,0.00020727403170894831,0.50226229429245,0.5014485716819763,0.5010363459587097,0.0,0.0,0.0
gallery,637,0185_s020_v1_000.jpg,185,1,20,0.0004524641844909638,0.0002897116937674582,0.0002072729985229671,0.50226229429245,0.5014485716819763,0.5010363459587097,0.0,0.0,0.0
gallery,638,0185_s020_v2_001.jpg,185,2,20,0.0004524641844909638,0.00028971172287128866,0.00020727251830976456,0.50226229429245,0.5014485716819763,0.5010363459587097,0.0,0.0,0.0
gallery,639,0185_s020_v3_002.jpg,185,3,20,0.0004524641844909638,0.0002897116355597973,0.00020727337687276304,0.50226229429245,0.5014485716819763,0.5010363459587097,0.0,0.0,0.0
gallery,640,0187_s020_v5_000.jpg,187,5,20,0.0004524641844909638,0.00028971172287128866,0.0002072726929327473,0.50226229429245,0.5014485716819763,0.5010363459587097,0.0,0.0,0.0
gallery,641,0187_s020_v6_001.jpg,187,6,20,0.0004524641844909638,0.0002897117519751191,0.0002072729403153062,0.50226229429245,0.5014485716819763,0.5010363459587097,0.0,0.0,0.0
gallery,642,0187_s020_v7_002.jpg,187,7,20,0.0004524641844909638,0.00028971172287128866,0.0002072728966595605,0.50226229429245,0.5014485716819763,0.5010363459587097,0.0,0.0,0.0
gallery,643,0190_s020_v3_000.jpg,190,3,20,0.0004524641844909638,0.00028971166466362774,0.00020727323135361075,0.50226229429245,0.5014485716819763,0.5010363459587097,0.0,0.0,0.0
gallery,644,0190_s020_v4_001.jpg,190,4,20,0.0004524641844909638,0.0002897116355597973,0.00020727355149574578,0.50226229429245,0.5014485716819763,0.5010363459587097,0.0,0.0,0.0
gallery,645,0190_s020_v5_002.jpg,190,5,20,0.0004524641844909638,0.00028971166466362774,0.00020727321680169553,0.50226229429245,0.5014485716819763,0.5010363459587097,0.0,0.0,0.0
gallery,646,0190_s020_v7_003.jpg,190,7,20,0.0004524641844909638,0.00028971166466362774,0.00020727324590552598,0.50226229429245,0.5014485716819763,0.5010363459587097,0.0,0.0,0.0
gallery,647,0192_s021_v3_000.jpg,192,3,21,0.0004524641844909638,0.0002897116937674582,0.00020727311493828893,0.50226229429245,0.5014485716819763,0.5010363459587097,0.0,0.0,0.0
gallery,648,0192_s021_v6_001.jpg,192,6,21,0.0004524641844909638,0.00028971172287128866,0.0002072733041131869,0.50226229429245,0.5014485716819763,0.5010363459587097,0.0,0.0,0.0
gallery,649,0194_s022_v0_000.jpg,194,0,22,0.0004524641844909638,0.00028971166466362774,0.00020727317314594984,0.50226229429245,0.5014485716819763,0.5010363459587097,0.0,0.0,0.0
gallery,650,0194_s022_v4_001.jpg,194,4,22,0.0004524641844909638,0.0002897116355597973,0.00020727308583445847,0.50226229429245,0.5014485716819763,0.5010363459587097,0.0,0.0,0.0
gallery,651,0194_s022_v6_002.jpg,194,6,22,0.0004524641844909638,0.0002897116355597973,0.00020727295486722142,0.50226229429245,0.5014485716819763,0.5010363459587097,0.0,0.0,0.0
gallery,652,0196_s000_v0_002.jpg,196,0,0,0.0004524641844909638,0.0002897116355597973,0.0002072731003863737,0.50226229429245,0.5014485716819763,0.5010363459587097,0.0,0.0,0.0
gallery,653,0196_s000_v1_004.jpg,196,1,0,0.0004524641844909638,0.00028971166466362774,0.0002072733623208478,0.50226229429245,0.5014485716819763,0.5010363459587097,0.0,0.0,0.0
gallery,654,0196_s000_v2_003.jpg,196,2,0,0.0004524642135947943,0.00028971160645596683,0.0002072734059765935,0.50226229429245,0.5014485716819763,0.5010363459587097,0.0,0.0,0.0
gallery,655,0196_s022_v0_000.jpg,196,0,22,0.0004524641844909638,0.0002897116355597973,0.00020727343508042395,0.50226229429245,0.5014485716819763,0.5010363459587097,0.0,0.0,0.0
gallery,656,0196_s022_v7_001.jpg,196,7,22,0.0004524641844909638,0.00028971166466362774,0.00020727296941913664,0.50226229429245,0.5014485716819763,0.5010363459587097,0.0,0.0,0.0
gallery,657,0199_s022_v3_000.jpg,199,3,22,0.00045246415538713336,0.0002897117519751191,0.00020727262017317116,0.50226229429245,0.5014485716819763,0.5010363459587097,0.0,0.0,0.0
gallery,658,0199_s022_v4_001.jpg,199,4,22,0.0004524641844909638,0.0002897117519751191,0.0002072728966595605,0.50226229429245,0.5014485716819763,0.5010363459587097,0.0,0.0,0.0
gallery,659,0199_s022_v5_002.jpg,199,5,22,0.00045246415538713336,0.00028971172287128866,0.0002072725328616798,0.50226229429245,0.5014485716819763,0.5010363459587097,0.0,0.0,0.0
gallery,660,0204_s022_v0_000.jpg,204,0,22,0.0004524641844909638,0.00028971166466362774,0.00020727312949020416,0.50226229429245,0.5014485716819763,0.5010363459587097,0.0,0.0,0.0
gallery,661,0204_s022_v5_001.jpg,204,5,22,0.0004524641844909638,0.0002897116937674582,0.00020727295486722142,0.50226229429245,0.5014485716819763,0.5010363459587097,0.0,0.0,0.0
gallery,662,0204_s022_v6_002.jpg,204,6,22,0.0004524641844909638,0.0002897116355597973,0.00020727339142467827,0.50226229429245,0.5014485716819763,0.5010363459587097,0.0,0.0,0.0
gallery,663,0204_s022_v7_003.jpg,204,7,22,0.0004524641844909638,0.0002897116355597973,0.0002072732604574412,0.50226229429245,0.5014485716819763,0.5010363459587097,0.0,0.0,0.0
gallery,664,0204_s024_v1_004.jpg,204,1,24,0.0004524641844909638,0.0002897116355597973,0.00020727291121147573,0.50226229429245,0.5014485716819763,0.5010363459587097,0.0,0.0,0.0
gallery,665,0204_s024_v3_005.jpg,204,3,24,0.0004524641844909638,0.0002897116937674582,0.0002072725328616798,0.50226229429245,0.5014485716819763,0.5010363459587097,0.0,0.0,0.0
gallery,666,0207_s022_v1_000.jpg,207,1,22,0.0004524641844909638,0.00028971166466362774,0.0002072728384518996,0.50226229429245,0.5014485716819763,0.5010363459587097,0.0,0.0,0.0
gallery,667,0207_s022_v3_001.jpg,207,3,22,0.0004524641844909638,0.0002897116937674582,0.0002072727947961539,0.50226229429245,0.5014485716819763,0.5010363459587097,0.0,0.0,0.0
gallery,668,0211_s022_v1_000.jpg,211,1,22,0.00045246415538713336,0.00028971178107894957,0.00020727177616208792,0.50226229429245,0.5014485716819763,0.5010363459587097,0.0,0.0,0.0
gallery,669,0211_s022_v3_001.jpg,211,3,22,0.00045246415538713336,0.0002897117519751191,0.00020727200899273157,0.50226229429245,0.5014485716819763,0.5010363459587097,0.0,0.0,0.0
gallery,670,0213_s022_v1_000.jpg,213,1,22,0.0004524641844909638,0.00028971172287128866,0.0002072725328616798,0.50226229429245,0.5014485716819763,0.5010363459587097,0.0,0.0,0.0
gallery,671,0213_s022_v4_001.jpg,213,4,22,0.0004524641844909638,0.00028971166466362774,0.0002072731003863737,0.50226229429245,0.5014485716819763,0.5010363459587097,0.0,0.0,0.0
gallery,672,0216_s022_v0_000.jpg,216,0,22,0.0004524642135947943,0.00028971160645596683,0.00020727308583445847,0.50226229429245,0.5014485716819763,0.5010363459587097,0.0,0.0,0.0
gallery,673,0216_s022_v6_001.jpg,216,6,22,0.0004524641844909638,0.00028971166466362774,0.00020727244555018842,0.50226229429245,0.5014485716819763,0.5010363459587097,0.0,0.0,0.0
gallery,674,0218_s023_v0_000.jpg,218,0,23,0.00045246415538713336,0.00028971172287128866,0.0002072721254080534,0.50226229429245,0.5014485716819763,0.5010363459587097,0.0,0.0,0.0
gallery,675,0218_s023_v1_001.jpg,218,1,23,0.0004524641844909638,0.00028971166466362774,0.00020727266382891685,0.50226229429245,0.5014485716819763,0.5010363459587097,0.0,0.0,0.0
gallery,676,0218_s023_v3_002.jpg,218,3,23,0.00045246415538713336,0.0002897117519751191,0.0002072721254080534,0.50226229429245,0.5014485716819763,0.5010363459587097,0.0,0.0,0.0
gallery,677,0218_s023_v4_003.jpg,218,4,23,0.0004524641844909638,0.0002897116937674582,0.00020727254741359502,0.50226229429245,0.5014485716819763,0.5010363459587097,0.0,0.0,0.0
gallery,678,0218_s023_v7_004.jpg,218,7,23,0.00045246415538713336,0.00028971172287128866,0.00020727227092720568,0.50226229429245,0.5014485716819763,0.5010363459587097,0.0,0.0,0.0
gallery,679,0220_s023_v0_000.jpg,220,0,23,0.0004524641844909638,0.00028971166466362774,0.00020727302762679756,0.50226229429245,0.5014485716819763,0.5010363459587097,0.0,0.0,0.0
gallery,680,0220_s023_v1_001.jpg,220,1,23,0.0004524642135947943,0.00028971160645596683,0.00020727337687276304,0.50226229429245,0.5014485716819763,0.5010363459587097,0.0,0.0,0.0
gallery,681,0220_s023_v3_002.jpg,220,3,23,0.0004524641844909638,0.00028971166466362774,0.00020727312949020416,0.50226229429245,0.5014485716819763,0.5010363459587097,0.0,0.0,0.0
gallery,682,0220_s023_v4_003.jpg,220,4,23,0.0004524641844909638,0.00028971166466362774,0.00020727296941913664,0.50226229429245,0.5014485716819763,0.5010363459587097,0.0,0.0,0.0
gallery,683,0220_s023_v5_004.jpg,220,5,23,0.0004524641844909638,0.00028971172287128866,0.0002072728384518996,0.50226229429245,0.5014485716819763,0.5010363459587097,0.0,0.0,0.0
gallery,684,0220_s023_v6_005.jpg,220,6,23,0.0004524641844909638,0.00028971166466362774,0.00020727307128254324,0.50226229429245,0.5014485716819763,0.5010363459587097,0.0,0.0,0.0
gallery,685,0220_s023_v7_006.jpg,220,7,23,0.0004524641844909638,0.00028971166466362774,0.00020727276569232345,0.50226229429245,0.5014485716819763,0.5010363459587097,0.0,0.0,0.0
gallery,686,0220_s024_v0_007.jpg,220,0,24,0.0004524642135947943,0.00028971160645596683,0.00020727328956127167,0.50226229429245,0.5014485716819763,0.5010363459587097,0.0,0.0,0.0
gallery,687,0220_s024_v1_008.jpg,220,1,24,0.0004524641844909638,0.00028971160645596683,0.00020727308583445847,0.50226229429245,0.5014485716819763,0.5010363459587097,0.0,0.0,0.0
gallery,688,0220_s024_v2_009.jpg,220,2,24,0.0004524641844909638,0.00028971160645596683,0.00020727331866510212,0.50226229429245,0.5014485716819763,0.5010363459587097,0.0,0.0,0.0
gallery,689,0220_s024_v3_010.jpg,220,3,24,0.0004524641844909638,0.0002897116355597973,0.00020727337687276304,0.50226229429245,0.5014485716819763,0.5010363459587097,0.0,0.0,0.0
gallery,690,0222_s023_v1_000.jpg,222,1,23,0.0004524641844909638,0.00028971166466362774,0.00020727318769786507,0.50226229429245,0.5014485716819763,0.5010363459587097,0.0,0.0,0.0
gallery,691,0222_s023_v4_001.jpg,222,4,23,0.0004524641844909638,0.00028971166466362774,0.00020727285300381482,0.50226229429245,0.5014485716819763,0.5010363459587097,0.0,0.0,0.0
gallery,692,0222_s023_v6_002.jpg,222,6,23,0.0004524641844909638,0.00028971166466362774,0.00020727276569232345,0.50226229429245,0.5014485716819763,0.5010363459587097,0.0,0.0,0.0
gallery,693,0222_s023_v7_003.jpg,222,7,23,0.0004524641844909638,0.00028971172287128866,0.00020727276569232345,0.50226229429245,0.5014485716819763,0.5010363459587097,0.0,0.0,0.0
gallery,694,0224_s024_v0_000.jpg,224,0,24,0.0004524641844909638,0.0002897116355597973,0.00020727296941913664,0.50226229429245,0.5014485716819763,0.5010363459587097,0.0,0.0,0.0
gallery,695,0224_s024_v1_001.jpg,224,1,24,0.0004524641844909638,0.0002897116355597973,0.00020727312949020416,0.50226229429245,0.5014485716819763,0.5010363459587097,0.0,0.0,0.0
gallery,696,0224_s024_v5_002.jpg,224,5,24,0.00045246415538713336,0.00028971172287128866,0.0002072725328616798,0.50226229429245,0.5014485716819763,0.5010363459587097,0.0,0.0,0.0
gallery,697,0224_s024_v7_003.jpg,224,7,24,0.0004524641844909638,0.00028971166466362774,0.00020727314404211938,0.50226229429245,0.5014485716819763,0.5010363459587097,0.0,0.0,0.0
gallery,698,0226_s024_v1_000.jpg,226,1,24,0.0004524642135947943,0.00028971160645596683,0.0002072731585940346,0.50226229429245,0.5014485716819763,0.5010363459587097,0.0,0.0,0.0
gallery,699,0226_s024_v2_001.jpg,226,2,24,0.0004524641844909638,0.00028971166466362774,0.00020727285300381482,0.50226229429245,0.5014485716819763,0.5010363459587097,0.0,0.0,0.0
gallery,700,0226_s024_v3_002.jpg,226,3,24,0.0004524641844909638,0.00028971166466362774,0.00020727288210764527,0.50226229429245,0.5014485716819763,0.5010363459587097,0.0,0.0,0.0
gallery,701,0226_s024_v4_003.jpg,226,4,24,0.0004524642135947943,0.00028971160645596683,0.00020727311493828893,0.50226229429245,0.5014485716819763,0.5010363459587097,0.0,0.0,0.0
gallery,702,0228_s026_v2_000.jpg,228,2,26,0.0004524641844909638,0.00028971166466362774,0.00020727358059957623,0.50226229429245,0.5014485716819763,0.5010363459587097,0.0,0.0,0.0
gallery,703,0228_s026_v3_001.jpg,228,3,26,0.0004524641844909638,0.00028971166466362774,0.00020727353694383055,0.50226229429245,0.5014485716819763,0.5010363459587097,0.0,0.0,0.0
gallery,704,0228_s026_v4_002.jpg,228,4,26,0.0004524642135947943,0.0002897116355597973,0.00020727355149574578,0.50226229429245,0.5014485716819763,0.5010363459587097,0.0,0.0,0.0
gallery,705,0228_s026_v5_003.jpg,228,5,26,0.0004524642135947943,0.00028971160645596683,0.00020727394439745694,0.50226229429245,0.5014485716819763,0.5010363459587097,0.0,0.0,0.0
gallery,706,0228_s026_v6_004.jpg,228,6,26,0.0004524641844909638,0.00028971166466362774,0.00020727353694383055,0.50226229429245,0.5014485716819763,0.5010363459587097,0.0,0.0,0.0
gallery,707,0228_s030_v2_005.jpg,228,2,30,0.0004524641844909638,0.00028971166466362774,0.0002072735078400001,0.50226229429245,0.5014485716819763,0.5010363459587097,0.0,0.0,0.0
gallery,708,0228_s030_v3_006.jpg,228,3,30,0.0004524641844909638,0.0002897116937674582,0.00020727334776893258,0.50226229429245,0.5014485716819763,0.5010363459587097,0.0,0.0,0.0
gallery,709,0228_s030_v4_007.jpg,228,4,30,0.0004524641844909638,0.0002897116355597973,0.00020727337687276304,0.50226229429245,0.5014485716819763,0.5010363459587097,0.0,0.0,0.0
gallery,710,0228_s030_v5_008.jpg,228,5,30,0.0004524642135947943,0.00028971160645596683,0.00020727379887830466,0.50226229429245,0.5014485716819763,0.5010363459587097,0.0,0.0,0.0
gallery,711,0228_s030_v6_009.jpg,228,6,30,0.0004524641844909638,0.00028971166466362774,0.00020727331866510212,0.50226229429245,0.5014485716819763,0.5010363459587097,0.0,0.0,0.0
gallery,712,0228_s030_v7_010.jpg,228,7,30,0.0004524641844909638,0.0002897116355597973,0.00020727365335915238,0.50226229429245,0.5014485716819763,0.5010363459587097,0.0,0.0,0.0
gallery,713,0230_s026_v0_000.jpg,230,0,26,0.0004524641844909638,0.0002897116937674582,0.0002072726347250864,0.50226229429245,0.5014485716819763,0.5010363459587097,0.0,0.0,0.0
gallery,714,0230_s026_v4_001.jpg,230,4,26,0.0004524641844909638,0.0002897116937674582,0.00020727278024423867,0.50226229429245,0.5014485716819763,0.5010363459587097,0.0,0.0,0.0
gallery,715,0230_s026_v5_002.jpg,230,5,26,0.0004524641844909638,0.00028971166466362774,0.00020727328956127167,0.50226229429245,0.5014485716819763,0.5010363459587097,0.0,0.0,0.0
gallery,716,0230_s026_v7_003.jpg,230,7,26,0.0004524641844909638,0.00028971166466362774,0.00020727275114040822,0.50226229429245,0.5014485716819763,0.5010363459587097,0.0,0.0,0.0
gallery,717,0233_s027_v1_000.jpg,233,1,27,0.0004524641844909638,0.00028971166466362774,0.00020727291121147573,0.50226229429245,0.5014485716819763,0.5010363459587097,0.0,0.0,0.0
gallery,718,0233_s027_v2_001.jpg,233,2,27,0.0004524641844909638,0.00028971172287128866,0.00020727292576339096,0.50226229429245,0.5014485716819763,0.5010363459587097,0.0,0.0,0.0
gallery,719,0233_s027_v3_002.jpg,233,3,27,0.0004524641844909638,0.00028971166466362774,0.00020727321680169553,0.50226229429245,0.5014485716819763,0.5010363459587097,0.0,0.0,0.0
gallery,720,0235_s028_v0_000.jpg,235,0,28,0.0004524641844909638,0.0002897116937674582,0.0002072731585940346,0.50226229429245,0.5014485716819763,0.5010363459587097,0.0,0.0,0.0
gallery,721,0235_s028_v2_001.jpg,235,2,28,0.0004524641844909638,0.00028971166466362774,0.00020727298397105187,0.50226229429245,0.5014485716819763,0.5010363459587097,0.0,0.0,0.0
gallery,722,0235_s028_v3_002.jpg,235,3,28,0.0004524641844909638,0.0002897116937674582,0.0002072728966595605,0.50226229429245,0.5014485716819763,0.5010363459587097,0.0,0.0,0.0
gallery,723,0235_s028_v5_003.jpg,235,5,28,0.0004524641844909638,0.0002897116937674582,0.00020727291121147573,0.50226229429245,0.5014485716819763,0.5010363459587097,0.0,0.0,0.0
gallery,724,0235_s028_v7_004.jpg,235,7,28,0.00045246415538713336,0.0002897117519751191,0.0002072728384518996,0.50226229429245,0.5014485716819763,0.5010363459587097,0.0,0.0,0.0
gallery,725,0237_s028_v0_000.jpg,237,0,28,0.0004524641844909638,0.0002897116355597973,0.00020727314404211938,0.50226229429245,0.5014485716819763,0.5010363459587097,0.0,0.0,0.0
gallery,726,0237_s028_v1_001.jpg,237,1,28,0.0004524641844909638,0.0002897116355597973,0.00020727317314594984,0.50226229429245,0.5014485716819763,0.5010363459587097,0.0,0.0,0.0
gallery,727,0237_s028_v3_002.jpg,237,3,28,0.0004524641844909638,0.00028971160645596683,0.00020727317314594984,0.50226229429245,0.5014485716819763,0.5010363459587097,0.0,0.0,0.0
gallery,728,0237_s028_v4_003.jpg,237,4,28,0.0004524641844909638,0.00028971160645596683,0.00020727308583445847,0.50226229429245,0.5014485716819763,0.5010363459587097,0.0,0.0,0.0
gallery,729,0239_s028_v3_000.jpg,239,3,28,0.00045246415538713336,0.0002897117519751191,0.00020727250375784934,0.50226229429245,0.5014485716819763,0.5010363459587097,0.0,0.0,0.0
gallery,730,0239_s028_v5_001.jpg,239,5,28,0.0004524641844909638,0.0002897116937674582,0.000207272736588493,0.50226229429245,0.5014485716819763,0.5010363459587097,0.0,0.0,0.0
gallery,731,0239_s028_v6_002.jpg,239,6,28,0.0004524641844909638,0.00028971172287128866,0.00020727295486722142,0.50226229429245,0.5014485716819763,0.5010363459587097,0.0,0.0,0.0
gallery,732,0239_s029_v3_003.jpg,239,3,29,0.0004524641844909638,0.00028971166466362774,0.00020727337687276304,0.50226229429245,0.5014485716819763,0.5010363459587097,0.0,0.0,0.0
gallery,733,0239_s029_v4_004.jpg,239,4,29,0.0004524641844909638,0.00028971172287128866,0.0002072724309982732,0.50226229429245,0.5014485716819763,0.5010363459587097,0.0,0.0,0.0
gallery,734,0241_s028_v1_000.jpg,241,1,28,0.0004524641844909638,0.00028971172287128866,0.00020727295486722142,0.50226229429245,0.5014485716819763,0.5010363459587097,0.0,0.0,0.0
gallery,735,0241_s028_v2_001.jpg,241,2,28,0.0004524641844909638,0.00028971172287128866,0.0002072726929327473,0.50226229429245,0.5014485716819763,0.5010363459587097,0.0,0.0,0.0
gallery,736,0241_s028_v3_002.jpg,241,3,28,0.0004524641844909638,0.00028971172287128866,0.00020727285300381482,0.50226229429245,0.5014485716819763,0.5010363459587097,0.0,0.0,0.0
gallery,737,0241_s028_v5_003.jpg,241,5,28,0.0004524641844909638,0.00028971172287128866,0.00020727254741359502,0.50226229429245,0.5014485716819763,0.5010363459587097,0.0,0.0,0.0
gallery,738,0241_s028_v7_004.jpg,241,7,28,0.0004524641844909638,0.0002897116937674582,0.00020727286755573004,0.50226229429245,0.5014485716819763,0.5010363459587097,0.0,0.0,0.0
gallery,739,0241_s029_v0_005.jpg,241,0,29,0.00045246415538713336,0.00028971178107894957,0.00020727183436974883,0.50226229429245,0.5014485716819763,0.5010363459587097,0.0,0.0,0.0
gallery,740,0241_s029_v3_006.jpg,241,3,29,0.0004524641844909638,0.00028971172287128866,0.00020727251830976456,0.50226229429245,0.5014485716819763,0.5010363459587097,0.0,0.0,0.0
gallery,741,0241_s029_v5_007.jpg,241,5,29,0.0004524641844909638,0.0002897116937674582,0.00020727304217871279,0.50226229429245,0.5014485716819763,0.5010363459587097,0.0,0.0,0.0
gallery,742,0241_s029_v7_008.jpg,241,7,29,0.00045246415538713336,0.0002897117519751191,0.00020727221271954477,0.50226229429245,0.5014485716819763,0.5010363459587097,0.0,0.0,0.0
gallery,743,0243_s029_v0_000.jpg,243,0,29,0.0004524642135947943,0.00028971160645596683,0.0002072734641842544,0.50226229429245,0.5014485716819763,0.5010363459587097,0.0,0.0,0.0
gallery,744,0243_s029_v1_001.jpg,243,1,29,0.0004524642135947943,0.0002897115773521364,0.00020727398805320263,0.50226229429245,0.5014485716819763,0.5010363459587097,0.0,0.0,0.0
gallery,745,0243_s029_v3_002.jpg,243,3,29,0.0004524642135947943,0.0002897115773521364,0.0002072738134302199,0.50226229429245,0.5014485716819763,0.5010363459587097,0.0,0.0,0.0
gallery,746,0243_s029_v5_003.jpg,243,5,29,0.0004524642135947943,0.0002897115482483059,0.00020727410446852446,0.50226229429245,0.5014485716819763,0.5010363459587097,0.0,0.0,0.0
gallery,747,0243_s029_v7_004.jpg,243,7,29,0.0004524642135947943,0.0002897115773521364,0.00020727420633193105,0.50226229429245,0.5014485716819763,0.5010363459587097,0.0,0.0,0.0
gallery,748,0245_s029_v1_000.jpg,245,1,29,0.0004524641844909638,0.0002897116355597973,0.0002072731585940346,0.50226229429245,0.5014485716819763,0.5010363459587097,0.0,0.0,0.0
gallery,749,0245_s029_v3_001.jpg,245,3,29,0.0004524642135947943,0.00028971160645596683,0.0002072734641842544,0.50226229429245,0.5014485716819763,0.5010363459587097,0.0,0.0,0.0
gallery,750,0245_s029_v5_002.jpg,245,5,29,0.0004524641844909638,0.00028971166466362774,0.00020727334776893258,0.50226229429245,0.5014485716819763,0.5010363459587097,0.0,0.0,0.0
gallery,751,0245_s029_v6_003.jpg,245,6,29,0.0004524641844909638,0.00028971166466362774,0.00020727304217871279,0.50226229429245,0.5014485716819763,0.5010363459587097,0.0,0.0,0.0
gallery,752,0245_s029_v7_004.jpg,245,7,29,0.0004524641844909638,0.00028971166466362774,0.00020727318769786507,0.50226229429245,0.5014485716819763,0.5010363459587097,0.0,0.0,0.0
gallery,753,0247_s029_v1_000.jpg,247,1,29,0.0004524641844909638,0.0002897116937674582,0.00020727292576339096,0.50226229429245,0.5014485716819763,0.5010363459587097,0.0,0.0,0.0
gallery,754,0247_s029_v4_001.jpg,247,4,29,0.0004524641844909638,0.00028971166466362774,0.0002072729403153062,0.50226229429245,0.5014485716819763,0.5010363459587097,0.0,0.0,0.0
gallery,755,0247_s029_v5_002.jpg,247,5,29,0.0004524641844909638,0.00028971166466362774,0.00020727298397105187,0.50226229429245,0.5014485716819763,0.5010363459587097,0.0,0.0,0.0
gallery,756,0247_s029_v6_003.jpg,247,6,29,0.0004524641844909638,0.00028971172287128866,0.00020727286755573004,0.50226229429245,0.5014485716819763,0.5010363459587097,0.0,0.0,0.0
gallery,757,0247_s029_v7_004.jpg,247,7,29,0.0004524641844909638,0.00028971172287128866,0.00020727286755573004,0.50226229429245,0.5014485716819763,0.5010363459587097,0.0,0.0,0.0
gallery,758,0249_s029_v1_000.jpg,249,1,29,0.0004524641844909638,0.00028971166466362774,0.00020727369701489806,0.50226229429245,0.5014485716819763,0.5010363459587097,0.0,0.0,0.0
gallery,759,0249_s029_v3_001.jpg,249,3,29,0.0004524641844909638,0.00028971166466362774,0.00020727311493828893,0.50226229429245,0.5014485716819763,0.5010363459587097,0.0,0.0,0.0
gallery,760,0249_s029_v5_002.jpg,249,5,29,0.0004524641844909638,0.0002897116937674582,0.00020727291121147573,0.50226229429245,0.5014485716819763,0.5010363459587097,0.0,0.0,0.0
gallery,761,0249_s029_v7_003.jpg,249,7,29,0.0004524641844909638,0.00028971166466362774,0.0002072734059765935,0.50226229429245,0.5014485716819763,0.5010363459587097,0.0,0.0,0.0
gallery,762,0251_s030_v1_000.jpg,251,1,30,0.0004524641844909638,0.0002897116355597973,0.00020727301307488233,0.50226229429245,0.5014485716819763,0.5010363459587097,0.0,0.0,0.0
gallery,763,0251_s030_v2_001.jpg,251,2,30,0.0004524641844909638,0.0002897116355597973,0.0002072731003863737,0.50226229429245,0.5014485716819763,0.5010363459587097,0.0,0.0,0.0
gallery,764,0251_s030_v3_002.jpg,251,3,30,0.0004524641844909638,0.00028971160645596683,0.0002072734059765935,0.50226229429245,0.5014485716819763,0.5010363459587097,0.0,0.0,0.0
gallery,765,0251_s030_v4_003.jpg,251,4,30,0.0004524641844909638,0.00028971166466362774,0.0002072732022497803,0.50226229429245,0.5014485716819763,0.5010363459587097,0.0,0.0,0.0
gallery,766,0251_s030_v7_004.jpg,251,7,30,0.0004524641844909638,0.0002897116355597973,0.00020727307128254324,0.50226229429245,0.5014485716819763,0.5010363459587097,0.0,0.0,0.0
gallery,767,0253_s000_v0_004.jpg,253,0,0,0.00045246415538713336,0.00028971172287128866,0.0002072723873425275,0.50226229429245,0.5014485716819763,0.5010363459587097,0.0,0.0,0.0
gallery,768,0253_s000_v1_007.jpg,253,1,0,0.0004524641844909638,0.0002897116937674582,0.00020727278024423867,0.50226229429245,0.5014485716819763,0.5010363459587097,0.0,0.0,0.0
gallery,769,0253_s000_v2_006.jpg,253,2,0,0.0004524641844909638,0.0002897116355597973,0.00020727318769786507,0.50226229429245,0.5014485716819763,0.5010363459587097,0.0,0.0,0.0
gallery,770,0253_s000_v4_005.jpg,253,4,0,0.0004524641844909638,0.00028971172287128866,0.0002072726347250864,0.50226229429245,0.5014485716819763,0.5010363459587097,0.0,0.0,0.0
gallery,771,0253_s000_v7_009.jpg,253,7,0,0.0004524641844909638,0.0002897116355597973,0.0002072729403153062,0.50226229429245,0.5014485716819763,0.5010363459587097,0.0,0.0,0.0
gallery,772,0253_s001_v0_004.jpg,253,0,1,0.0004524641844909638,0.00028971166466362774,0.0002072728966595605,0.50226229429245,0.5014485716819763,0.5010363459587097,0.0,0.0,0.0
gallery,773,0253_s001_v1_008.jpg,253,1,1,0.0004524641844909638,0.00028971166466362774,0.0002072729403153062,0.50226229429245,0.5014485716819763,0.5010363459587097,0.0,0.0,0.0
gallery,774,0253_s001_v2_006.jpg,253,2,1,0.0004524641844909638,0.0002897116937674582,0.00020727292576339096,0.50226229429245,0.5014485716819763,0.5010363459587097,0.0,0.0,0.0
gallery,775,0253_s001_v3_009.jpg,253,3,1,0.0004524641844909638,0.00028971166466362774,0.00020727334776893258,0.50226229429245,0.5014485716819763,0.5010363459587097,0.0,0.0,0.0
gallery,776,0253_s001_v4_005.jpg,253,4,1,0.0004524641844909638,0.0002897116937674582,0.00020727276569232345,0.50226229429245,0.5014485716819763,0.5010363459587097,0.0,0.0,0.0
gallery,777,0253_s001_v5_010.jpg,253,5,1,0.0004524641844909638,0.00028971166466362774,0.00020727327500935644,0.50226229429245,0.5014485716819763,0.5010363459587097,0.0,0.0,0.0
gallery,778,0253_s001_v6_007.jpg,253,6,1,0.0004524641844909638,0.00028971166466362774,0.00020727331866510212,0.50226229429245,0.5014485716819763,0.5010363459587097,0.0,0.0,0.0
gallery,779,0253_s001_v7_011.jpg,253,7,1,0.0004524641844909638,0.00028971166466362774,0.00020727321680169553,0.50226229429245,0.5014485716819763,0.5010363459587097,0.0,0.0,0.0
gallery,780,0253_s030_v1_000.jpg,253,1,30,0.00045246415538713336,0.0002897117519751191,0.00020727272203657776,0.50226229429245,0.5014485716819763,0.5010363459587097,0.0,0.0,0.0
gallery,781,0253_s030_v3_001.jpg,253,3,30,0.0004524641844909638,0.00028971166466362774,0.0002072733623208478,0.50226229429245,0.5014485716819763,0.5010363459587097,0.0,0.0,0.0
gallery,782,0253_s030_v5_002.jpg,253,5,30,0.0004524641844909638,0.0002897116937674582,0.0002072728384518996,0.50226229429245,0.5014485716819763,0.5010363459587097,0.0,0.0,0.0
gallery,783,0253_s030_v7_003.jpg,253,7,30,0.0004524641844909638,0.0002897116937674582,0.00020727334776893258,0.50226229429245,0.5014485716819763,0.5010363459587097,0.0,0.0,0.0
gallery,784,0255_s000_v0_000.jpg,255,0,0,0.0004524641844909638,0.00028971166466362774,0.00020727301307488233,0.50226229429245,0.5014485716819763,0.5010363459587097,0.0,0.0,0.0
gallery,785,0255_s000_v1_003.jpg,255,1,0,0.0004524641844909638,0.00028971172287128866,0.00020727266382891685,0.50226229429245,0.5014485716819763,0.5010363459587097,0.0,0.0,0.0
gallery,786,0255_s000_v2_002.jpg,255,2,0,0.0004524641844909638,0.0002897116937674582,0.00020727282389998436,0.50226229429245,0.5014485716819763,0.5010363459587097,0.0,0.0,0.0
gallery,787,0255_s000_v3_004.jpg,255,3,0,0.0004524642135947943,0.00028971160645596683,0.00020727305673062801,0.50226229429245,0.5014485716819763,0.5010363459587097,0.0,0.0,0.0
gallery,788,0255_s000_v4_001.jpg,255,4,0,0.0004524641844909638,0.00028971166466362774,0.00020727291121147573,0.50226229429245,0.5014485716819763,0.5010363459587097,0.0,0.0,0.0
gallery,789,0255_s000_v5_005.jpg,255,5,0,0.0004524641844909638,0.0002897116937674582,0.00020727272203657776,0.50226229429245,0.5014485716819763,0.5010363459587097,0.0,0.0,0.0
gallery,790,0257_s000_v0_000.jpg,257,0,0,0.0004524641844909638,0.0002897116355597973,0.0002072731585940346,0.50226229429245,0.5014485716819763,0.5010363459587097,0.0,0.0,0.0
gallery,791,0257_s000_v1_004.jpg,257,1,0,0.0004524641844909638,0.0002897116355597973,0.00020727321680169553,0.50226229429245,0.5014485716819763,0.5010363459587097,0.0,0.0,0.0
gallery,792,0257_s000_v2_002.jpg,257,2,0,0.0004524641844909638,0.0002897116355597973,0.00020727298397105187,0.50226229429245,0.5014485716819763,0.5010363459587097,0.0,0.0,0.0
gallery,793,0257_s000_v3_005.jpg,257,3,0,0.0004524641844909638,0.0002897116355597973,0.00020727363880723715,0.50226229429245,0.5014485716819763,0.5010363459587097,0.0,0.0,0.0
gallery,794,0257_s000_v4_001.jpg,257,4,0,0.0004524641844909638,0.0002897116937674582,0.00020727323135361075,0.50226229429245,0.5014485716819763,0.5010363459587097,0.0,0.0,0.0
gallery,795,0257_s000_v5_006.jpg,257,5,0,0.0004524641844909638,0.00028971166466362774,0.00020727343508042395,0.50226229429245,0.5014485716819763,0.5010363459587097,0.0,0.0,0.0
gallery,796,0257_s000_v6_003.jpg,257,6,0,0.0004524641844909638,0.00028971166466362774,0.00020727308583445847,0.50226229429245,0.5014485716819763,0.5010363459587097,0.0,0.0,0.0
gallery,797,0257_s000_v7_007.jpg,257,7,0,0.0004524641844909638,0.0002897116355597973,0.00020727331866510212,0.50226229429245,0.5014485716819763,0.5010363459587097,0.0,0.0,0.0
gallery,798,0259_s000_v0_000.jpg,259,0,0,0.0004524641844909638,0.00028971172287128866,0.00020727286755573004,0.50226229429245,0.5014485716819763,0.5010363459587097,0.0,0.0,0.0
gallery,799,0259_s000_v1_004.jpg,259,1,0,0.0004524641844909638,0.0002897116937674582,0.00020727296941913664,0.50226229429245,0.5014485716819763,0.5010363459587097,0.0,0.0,0.0
gallery,800,0259_s000_v2_002.jpg,259,2,0,0.0004524641844909638,0.0002897116355597973,0.00020727328956127167,0.50226229429245,0.5014485716819763,0.5010363459587097,0.0,0.0,0.0
gallery,801,0259_s000_v3_005.jpg,259,3,0,0.0004524641844909638,0.00028971166466362774,0.0002072731585940346,0.50226229429245,0.5014485716819763,0.5010363459587097,0.0,0.0,0.0
gallery,802,0259_s000_v4_001.jpg,259,4,0,0.0004524641844909638,0.0002897116937674582,0.0002072729403153062,0.50226229429245,0.5014485716819763,0.5010363459587097,0.0,0.0,0.0
gallery,803,0259_s000_v5_006.jpg,259,5,0,0.0004524641844909638,0.00028971166466362774,0.00020727295486722142,0.50226229429245,0.5014485716819763,0.5010363459587097,0.0,0.0,0.0
gallery,804,0259_s000_v6_003.jpg,259,6,0,0.0004524641844909638,0.0002897116937674582,0.0002072727947961539,0.50226229429245,0.5014485716819763,0.5010363459587097,0.0,0.0,0.0
gallery,805,0259_s000_v7_007.jpg,259,7,0,0.0004524641844909638,0.0002897116355597973,0.00020727311493828893,0.50226229429245,0.5014485716819763,0.5010363459587097,0.0,0.0,0.0
gallery,806,0261_s000_v0_000.jpg,261,0,0,0.0004524641844909638,0.00028971166466362774,0.0002072728966595605,0.50226229429245,0.5014485716819763,0.5010363459587097,0.0,0.0,0.0
gallery,807,0261_s000_v1_004.jpg,261,1,0,0.0004524641844909638,0.00028971160645596683,0.00020727304217871279,0.50226229429245,0.5014485716819763,0.5010363459587097,0.0,0.0,0.0
gallery,808,0261_s000_v2_002.jpg,261,2,0,0.0004524641844909638,0.00028971166466362774,0.00020727285300381482,0.50226229429245,0.5014485716819763,0.5010363459587097,0.0,0.0,0.0
gallery,809,0261_s000_v3_005.jpg,261,3,0,0.0004524641844909638,0.0002897116355597973,0.00020727282389998436,0.50226229429245,0.5014485716819763,0.5010363459587097,0.0,0.0,0.0
gallery,810,0261_s000_v4_001.jpg,261,4,0,0.0004524642135947943,0.00028971160645596683,0.0002072736097034067,0.50226229429245,0.5014485716819763,0.5010363459587097,0.0,0.0,0.0
gallery,811,0261_s000_v5_006.jpg,261,5,0,0.0004524642135947943,0.00028971160645596683,0.00020727333321701735,0.50226229429245,0.5014485716819763,0.5010363459587097,0.0,0.0,0.0
gallery,812,0261_s000_v6_003.jpg,261,6,0,0.0004524641844909638,0.0002897116937674582,0.0002072725328616798,0.50226229429245,0.5014485716819763,0.5010363459587097,0.0,0.0,0.0
gallery,813,0261_s000_v7_007.jpg,261,7,0,0.0004524641844909638,0.00028971166466362774,0.00020727318769786507,0.50226229429245,0.5014485716819763,0.5010363459587097,0.0,0.0,0.0
gallery,814,0263_s000_v0_000.jpg,263,0,0,0.0004524642135947943,0.00028971160645596683,0.0002072737115668133,0.50226229429245,0.5014485716819763,0.5010363459587097,0.0,0.0,0.0
gallery,815,0263_s000_v1_002.jpg,263,1,0,0.0004524641844909638,0.0002897116355597973,0.00020727334776893258,0.50226229429245,0.5014485716819763,0.5010363459587097,0.0,0.0,0.0
gallery,816,0263_s000_v2_001.jpg,263,2,0,0.0004524641844909638,0.0002897116355597973,0.0002072731585940346,0.50226229429245,0.5014485716819763,0.5010363459587097,0.0,0.0,0.0
gallery,817,0263_s000_v3_003.jpg,263,3,0,0.0004524641844909638,0.00028971166466362774,0.00020727327500935644,0.50226229429245,0.5014485716819763,0.5010363459587097,0.0,0.0,0.0
gallery,818,0265_s000_v0_000.jpg,265,0,0,0.0004524641844909638,0.00028971160645596683,0.00020727318769786507,0.50226229429245,0.5014485716819763,0.5010363459587097,0.0,0.0,0.0
gallery,819,0265_s000_v1_003.jpg,265,1,0,0.0004524642135947943,0.0002897115773521364,0.00020727342052850872,0.50226229429245,0.5014485716819763,0.5010363459587097,0.0,0.0,0.0
gallery,820,0265_s000_v3_004.jpg,265,3,0,0.0004524641844909638,0.0002897116937674582,0.00020727215451188385,0.50226229429245,0.5014485716819763,0.5010363459587097,0.0,0.0,0.0
gallery,821,0265_s000_v4_001.jpg,265,4,0,0.0004524641844909638,0.0002897116937674582,0.00020727304217871279,0.50226229429245,0.5014485716819763,0.5010363459587097,0.0,0.0,0.0
gallery,822,0265_s000_v5_005.jpg,265,5,0,0.0004524641844909638,0.00028971166466362774,0.0002072732022497803,0.50226229429245,0.5014485716819763,0.5010363459587097,0.0,0.0,0.0
gallery,823,0265_s000_v6_002.jpg,265,6,0,0.0004524641844909638,0.0002897116937674582,0.00020727262017317116,0.50226229429245,0.5014485716819763,0.5010363459587097,0.0,0.0,0.0
gallery,824,0265_s000_v7_006.jpg,265,7,0,0.0004524642135947943,0.00028971160645596683,0.00020727334776893258,0.50226229429245,0.5014485716819763,0.5010363459587097,0.0,0.0,0.0
gallery,825,0267_s000_v0_000.jpg,267,0,0,0.0004524642135947943,0.0002897116355597973,0.0002072734059765935,0.50226229429245,0.5014485716819763,0.5010363459587097,0.0,0.0,0.0
gallery,826,0267_s000_v1_004.jpg,267,1,0,0.0004524641844909638,0.0002897116937674582,0.00020727314404211938,0.50226229429245,0.5014485716819763,0.5010363459587097,0.0,0.0,0.0
gallery,827,0267_s000_v2_002.jpg,267,2,0,0.0004524641844909638,0.0002897116937674582,0.0002072727947961539,0.50226229429245,0.5014485716819763,0.5010363459587097,0.0,0.0,0.0
gallery,828,0267_s000_v3_005.jpg,267,3,0,0.0004524641844909638,0.0002897116937674582,0.0002072725910693407,0.50226229429245,0.5014485716819763,0.5010363459587097,0.0,0.0,0.0
gallery,829,0267_s000_v4_001.jpg,267,4,0,0.0004524641844909638,0.0002897116937674582,0.00020727250375784934,0.50226229429245,0.5014485716819763,0.5010363459587097,0.0,0.0,0.0
gallery,830,0267_s000_v5_006.jpg,267,5,0,0.0004524641844909638,0.00028971172287128866,0.00020727285300381482,0.50226229429245,0.5014485716819763,0.5010363459587097,0.0,0.0,0.0
gallery,831,0267_s000_v6_003.jpg,267,6,0,0.0004524641844909638,0.00028971172287128866,0.00020727272203657776,0.50226229429245,0.5014485716819763,0.5010363459587097,0.0,0.0,0.0
gallery,832,0267_s000_v7_007.jpg,267,7,0,0.0004524641844909638,0.0002897116355597973,0.00020727323135361075,0.50226229429245,0.5014485716819763,0.5010363459587097,0.0,0.0,0.0
gallery,833,0269_s000_v0_000.jpg,269,0,0,0.0004524642135947943,0.00028971160645596683,0.0002072732022497803,0.50226229429245,0.5014485716819763,0.5010363459587097,0.0,0.0,0.0
gallery,834,0269_s000_v1_003.jpg,269,1,0,0.0004524641844909638,0.0002897116355597973,0.00020727288210764527,0.50226229429245,0.5014485716819763,0.5010363459587097,0.0,0.0,0.0
gallery,835,0269_s000_v2_001.jpg,269,2,0,0.0004524641844909638,0.00028971166466362774,0.00020727270748466253,0.50226229429245,0.5014485716819763,0.5010363459587097,0.0,0.0,0.0
gallery,836,0269_s000_v3_004.jpg,269,3,0,0.0004524641844909638,0.0002897116355597973,0.0002072726929327473,0.50226229429245,0.5014485716819763,0.5010363459587097,0.0,0.0,0.0
gallery,837,0269_s000_v5_005.jpg,269,5,0,0.0004524641844909638,0.0002897116355597973,0.0002072728966595605,0.50226229429245,0.5014485716819763,0.5010363459587097,0.0,0.0,0.0
gallery,838,0269_s000_v6_002.jpg,269,6,0,0.0004524641844909638,0.00028971166466362774,0.00020727251830976456,0.50226229429245,0.5014485716819763,0.5010363459587097,0.0,0.0,0.0
gallery,839,0269_s000_v7_006.jpg,269,7,0,0.0004524641844909638,0.0002897116937674582,0.00020727231458295137,0.50226229429245,0.5014485716819763,0.5010363459587097,0.0,0.0,0.0
gallery,840,0271_s000_v0_000.jpg,271,0,0,0.0004524642135947943,0.00028971160645596683,0.00020727331866510212,0.50226229429245,0.5014485716819763,0.5010363459587097,0.0,0.0,0.0
gallery,841,0271_s000_v1_003.jpg,271,1,0,0.0004524642135947943,0.0002897115773521364,0.00020727334776893258,0.50226229429245,0.5014485716819763,0.5010363459587097,0.0,0.0,0.0
gallery,842,0271_s000_v3_004.jpg,271,3,0,0.0004524642135947943,0.0002897115773521364,0.0002072733623208478,0.50226229429245,0.5014485716819763,0.5010363459587097,0.0,0.0,0.0
gallery,843,0271_s000_v4_001.jpg,271,4,0,0.0004524641844909638,0.0002897116355597973,0.00020727314404211938,0.50226229429245,0.5014485716819763,0.5010363459587097,0.0,0.0,0.0
gallery,844,0271_s000_v5_005.jpg,271,5,0,0.0004524642135947943,0.00028971160645596683,0.0002072731003863737,0.50226229429245,0.5014485716819763,0.5010363459587097,0.0,0.0,0.0
gallery,845,0271_s000_v6_002.jpg,271,6,0,0.0004524641844909638,0.00028971160645596683,0.00020727305673062801,0.50226229429245,0.5014485716819763,0.5010363459587097,0.0,0.0,0.0
gallery,846,0271_s000_v7_006.jpg,271,7,0,0.0004524642135947943,0.0002897115773521364,0.0002072733623208478,0.50226229429245,0.5014485716819763,0.5010363459587097,0.0,0.0,0.0
gallery,847,0273_s000_v0_000.jpg,273,0,0,0.0004524641844909638,0.0002897116937674582,0.00020727282389998436,0.50226229429245,0.5014485716819763,0.5010363459587097,0.0,0.0,0.0
gallery,848,0273_s000_v1_004.jpg,273,1,0,0.0004524641844909638,0.00028971160645596683,0.0002072733041131869,0.50226229429245,0.5014485716819763,0.5010363459587097,0.0,0.0,0.0
gallery,849,0273_s000_v2_002.jpg,273,2,0,0.0004524641844909638,0.0002897116937674582,0.00020727288210764527,0.50226229429245,0.5014485716819763,0.5010363459587097,0.0,0.0,0.0
gallery,850,0273_s000_v3_005.jpg,273,3,0,0.0004524641844909638,0.00028971166466362774,0.00020727285300381482,0.50226229429245,0.5014485716819763,0.5010363459587097,0.0,0.0,0.0
gallery,851,0273_s000_v4_001.jpg,273,4,0,0.0004524641844909638,0.00028971166466362774,0.0002072728966595605,0.50226229429245,0.5014485716819763,0.5010363459587097,0.0,0.0,0.0
gallery,852,0273_s000_v5_006.jpg,273,5,0,0.0004524641844909638,0.0002897116355597973,0.0002072729403153062,0.50226229429245,0.5014485716819763,0.5010363459587097,0.0,0.0,0.0
gallery,853,0273_s000_v6_003.jpg,273,6,0,0.00045246415538713336,0.00028971172287128866,0.00020727270748466253,0.50226229429245,0.5014485716819763,0.5010363459587097,0.0,0.0,0.0
gallery,854,0273_s000_v7_007.jpg,273,7,0,0.0004524641844909638,0.0002897116937674582,0.00020727264927700162,0.50226229429245,0.5014485716819763,0.5010363459587097,0.0,0.0,0.0
gallery,855,0275_s000_v0_000.jpg,275,0,0,0.0004524642135947943,0.0002897115773521364,0.00020727410446852446,0.50226229429245,0.5014485716819763,0.5010363459587097,0.0,0.0,0.0
gallery,856,0275_s000_v1_004.jpg,275,1,0,0.0004524642135947943,0.0002897115773521364,0.00020727406081277877,0.50226229429245,0.5014485716819763,0.5010363459587097,0.0,0.0,0.0
gallery,857,0275_s000_v2_002.jpg,275,2,0,0.0004524642135947943,0.00028971160645596683,0.00020727382798213512,0.50226229429245,0.5014485716819763,0.5010363459587097,0.0,0.0,0.0
gallery,858,0275_s000_v3_005.jpg,275,3,0,0.0004524642135947943,0.0002897116355597973,0.00020727390074171126,0.50226229429245,0.5014485716819763,0.5010363459587097,0.0,0.0,0.0
gallery,859,0275_s000_v4_001.jpg,275,4,0,0.0004524642135947943,0.00028971160645596683,0.00020727358059957623,0.50226229429245,0.5014485716819763,0.5010363459587097,0.0,0.0,0.0
gallery,860,0275_s000_v5_006.jpg,275,5,0,0.0004524642135947943,0.00028971160645596683,0.00020727388618979603,0.50226229429245,0.5014485716819763,0.5010363459587097,0.0,0.0,0.0
gallery,861,0275_s000_v6_003.jpg,275,6,0,0.0004524642135947943,0.0002897116355597973,0.00020727358059957623,0.50226229429245,0.5014485716819763,0.5010363459587097,0.0,0.0,0.0
gallery,862,0277_s000_v0_000.jpg,277,0,0,0.0004524641844909638,0.0002897116937674582,0.00020727334776893258,0.50226229429245,0.5014485716819763,0.5010363459587097,0.0,0.0,0.0
gallery,863,0277_s000_v1_003.jpg,277,1,0,0.0004524642135947943,0.0002897116355597973,0.00020727358059957623,0.50226229429245,0.5014485716819763,0.5010363459587097,0.0,0.0,0.0
gallery,864,0277_s000_v2_002.jpg,277,2,0,0.0004524642135947943,0.0002897116355597973,0.00020727343508042395,0.50226229429245,0.5014485716819763,0.5010363459587097,0.0,0.0,0.0
gallery,865,0277_s000_v3_004.jpg,277,3,0,0.0004524642135947943,0.0002897116355597973,0.00020727359515149146,0.50226229429245,0.5014485716819763,0.5010363459587097,0.0,0.0,0.0
gallery,866,0277_s000_v4_001.jpg,277,4,0,0.0004524641844909638,0.0002897116355597973,0.00020727368246298283,0.50226229429245,0.5014485716819763,0.5010363459587097,0.0,0.0,0.0
gallery,867,0277_s000_v5_005.jpg,277,5,0,0.0004524641844909638,0.0002897116355597973,0.00020727343508042395,0.50226229429245,0.5014485716819763,0.5010363459587097,0.0,0.0,0.0
gallery,868,0279_s000_v0_000.jpg,279,0,0,0.0004524642135947943,0.0002897115773521364,0.0002072734059765935,0.50226229429245,0.5014485716819763,0.5010363459587097,0.0,0.0,0.0
gallery,869,0279_s000_v1_003.jpg,279,1,0,0.0004524642135947943,0.00028971160645596683,0.00020727314404211938,0.50226229429245,0.5014485716819763,0.5010363459587097,0.0,0.0,0.0
gallery,870,0279_s000_v2_001.jpg,279,2,0,0.0004524641844909638,0.0002897116355597973,0.0002072731585940346,0.50226229429245,0.5014485716819763,0.5010363459587097,0.0,0.0,0.0
gallery,871,0279_s000_v3_004.jpg,279,3,0,0.0004524641844909638,0.00028971166466362774,0.0002072729985229671,0.50226229429245,0.5014485716819763,0.5010363459587097,0.0,0.0,0.0
gallery,872,0279_s000_v5_005.jpg,279,5,0,0.0004524641844909638,0.00028971166466362774,0.00020727296941913664,0.50226229429245,0.5014485716819763,0.5010363459587097,0.0,0.0,0.0
gallery,873,0279_s000_v6_002.jpg,279,6,0,0.0004524641844909638,0.0002897116355597973,0.00020727298397105187,0.50226229429245,0.5014485716819763,0.5010363459587097,0.0,0.0,0.0
gallery,874,0279_s000_v7_006.jpg,279,7,0,0.0004524642135947943,0.00028971160645596683,0.0002072731585940346,0.50226229429245,0.5014485716819763,0.5010363459587097,0.0,0.0,0.0
gallery,875,0281_s000_v0_000.jpg,281,0,0,0.0004524641844909638,0.0002897116355597973,0.00020727333321701735,0.50226229429245,0.5014485716819763,0.5010363459587097,0.0,0.0,0.0
gallery,876,0281_s000_v1_004.jpg,281,1,0,0.0004524642135947943,0.0002897116355597973,0.0002072735078400001,0.50226229429245,0.5014485716819763,0.5010363459587097,0.0,0.0,0.0
gallery,877,0281_s000_v2_002.jpg,281,2,0,0.0004524641844909638,0.00028971166466362774,0.00020727328956127167,0.50226229429245,0.5014485716819763,0.5010363459587097,0.0,0.0,0.0
gallery,878,0281_s000_v3_005.jpg,281,3,0,0.0004524642135947943,0.00028971160645596683,0.0002072733041131869,0.50226229429245,0.5014485716819763,0.5010363459587097,0.0,0.0,0.0
gallery,879,0281_s000_v4_001.jpg,281,4,0,0.0004524641844909638,0.0002897116355597973,0.00020727347873616964,0.50226229429245,0.5014485716819763,0.5010363459587097,0.0,0.0,0.0
gallery,880,0281_s000_v5_006.jpg,281,5,0,0.0004524642135947943,0.0002897116355597973,0.00020727347873616964,0.50226229429245,0.5014485716819763,0.5010363459587097,0.0,0.0,0.0
gallery,881,0281_s000_v6_003.jpg,281,6,0,0.0004524641844909638,0.0002897116937674582,0.00020727317314594984,0.50226229429245,0.5014485716819763,0.5010363459587097,0.0,0.0,0.0
gallery,882,0281_s000_v7_007.jpg,281,7,0,0.0004524641844909638,0.00028971166466362774,0.00020727318769786507,0.50226229429245,0.5014485716819763,0.5010363459587097,0.0,0.0,0.0
gallery,883,0283_s000_v0_000.jpg,283,0,0,0.0004524641844909638,0.0002897116937674582,0.00020727312949020416,0.50226229429245,0.5014485716819763,0.5010363459587097,0.0,0.0,0.0
gallery,884,0283_s000_v1_004.jpg,283,1,0,0.0004524641844909638,0.0002897116937674582,0.00020727358059957623,0.50226229429245,0.5014485716819763,0.5010363459587097,0.0,0.0,0.0
gallery,885,0283_s000_v2_002.jpg,283,2,0,0.0004524641844909638,0.00028971172287128866,0.00020727312949020416,0.50226229429245,0.5014485716819763,0.5010363459587097,0.0,0.0,0.0
gallery,886,0283_s000_v3_005.jpg,283,3,0,0.0004524641844909638,0.00028971166466362774,0.00020727353694383055,0.50226229429245,0.5014485716819763,0.5010363459587097,0.0,0.0,0.0
gallery,887,0283_s000_v4_001.jpg,283,4,0,0.0004524641844909638,0.0002897116937674582,0.00020727302762679756,0.50226229429245,0.5014485716819763,0.5010363459587097,0.0,0.0,0.0
gallery,888,0283_s000_v5_006.jpg,283,5,0,0.0004524641844909638,0.0002897116937674582,0.00020727318769786507,0.50226229429245,0.5014485716819763,0.5010363459587097,0.0,0.0,0.0
gallery,889,0283_s000_v6_003.jpg,283,6,0,0.0004524641844909638,0.00028971172287128866,0.00020727307128254324,0.50226229429245,0.5014485716819763,0.5010363459587097,0.0,0.0,0.0
gallery,890,0285_s000_v0_000.jpg,285,0,0,0.0004524641844909638,0.0002897116355597973,0.00020727305673062801,0.50226229429245,0.5014485716819763,0.5010363459587097,0.0,0.0,0.0
gallery,891,0285_s000_v1_003.jpg,285,1,0,0.0004524642135947943,0.0002897115773521364,0.00020727331866510212,0.50226229429245,0.5014485716819763,0.5010363459587097,0.0,0.0,0.0
gallery,892,0285_s000_v4_001.jpg,285,4,0,0.0004524641844909638,0.0002897116355597973,0.00020727292576339096,0.50226229429245,0.5014485716819763,0.5010363459587097,0.0,0.0,0.0
gallery,893,0285_s000_v5_004.jpg,285,5,0,0.0004524641844909638,0.0002897116937674582,0.000207272736588493,0.50226229429245,0.5014485716819763,0.5010363459587097,0.0,0.0,0.0
gallery,894,0285_s000_v6_002.jpg,285,6,0,0.0004524641844909638,0.00028971166466362774,0.00020727305673062801,0.50226229429245,0.5014485716819763,0.5010363459587097,0.0,0.0,0.0
gallery,895,0285_s000_v7_005.jpg,285,7,0,0.0004524641844909638,0.0002897116355597973,0.00020727296941913664,0.50226229429245,0.5014485716819763,0.5010363459587097,0.0,0.0,0.0
gallery,896,0287_s000_v0_000.jpg,287,0,0,0.0004524642135947943,0.0002897115773521364,0.00020727352239191532,0.50226229429245,0.5014485716819763,0.5010363459587097,0.0,0.0,0.0
gallery,897,0287_s000_v1_004.jpg,287,1,0,0.0004524642135947943,0.0002897116355597973,0.00020727342052850872,0.50226229429245,0.5014485716819763,0.5010363459587097,0.0,0.0,0.0
gallery,898,0287_s000_v2_002.jpg,287,2,0,0.0004524642135947943,0.0002897115773521364,0.00020727359515149146,0.50226229429245,0.5014485716819763,0.5010363459587097,0.0,0.0,0.0
gallery,899,0287_s000_v3_005.jpg,287,3,0,0.0004524641844909638,0.00028971166466362774,0.00020727298397105187,0.50226229429245,0.5014485716819763,0.5010363459587097,0.0,0.0,0.0
gallery,900,0287_s000_v4_001.jpg,287,4,0,0.0004524641844909638,0.0002897116355597973,0.00020727305673062801,0.50226229429245,0.5014485716819763,0.5010363459587097,0.0,0.0,0.0
gallery,901,0287_s000_v5_006.jpg,287,5,0,0.0004524641844909638,0.00028971166466362774,0.00020727288210764527,0.50226229429245,0.5014485716819763,0.5010363459587097,0.0,0.0,0.0
gallery,902,0287_s000_v6_003.jpg,287,6,0,0.0004524641844909638,0.0002897116355597973,0.0002072732022497803,0.50226229429245,0.5014485716819763,0.5010363459587097,0.0,0.0,0.0
gallery,903,0287_s000_v7_007.jpg,287,7,0,0.0004524641844909638,0.00028971166466362774,0.00020727278024423867,0.50226229429245,0.5014485716819763,0.5010363459587097,0.0,0.0,0.0
gallery,904,0289_s000_v0_000.jpg,289,0,0,0.0004524641844909638,0.0002897116937674582,0.00020727349328808486,0.50226229429245,0.5014485716819763,0.5010363459587097,0.0,0.0,0.0
gallery,905,0289_s000_v1_003.jpg,289,1,0,0.0004524641844909638,0.0002897116937674582,0.00020727270748466253,0.50226229429245,0.5014485716819763,0.5010363459587097,0.0,0.0,0.0
gallery,906,0289_s000_v2_001.jpg,289,2,0,0.0004524641844909638,0.00028971166466362774,0.0002072729985229671,0.50226229429245,0.5014485716819763,0.5010363459587097,0.0,0.0,0.0
gallery,907,0289_s000_v3_004.jpg,289,3,0,0.0004524641844909638,0.00028971166466362774,0.00020727308583445847,0.50226229429245,0.5014485716819763,0.5010363459587097,0.0,0.0,0.0
gallery,908,0289_s000_v5_005.jpg,289,5,0,0.0004524641844909638,0.0002897116937674582,0.00020727308583445847,0.50226229429245,0.5014485716819763,0.5010363459587097,0.0,0.0,0.0
gallery,909,0289_s000_v6_002.jpg,289,6,0,0.00045246415538713336,0.0002897117519751191,0.0002072725328616798,0.50226229429245,0.5014485716819763,0.5010363459587097,0.0,0.0,0.0
gallery,910,0289_s000_v7_006.jpg,289,7,0,0.0004524641844909638,0.00028971166466362774,0.0002072732604574412,0.50226229429245,0.5014485716819763,0.5010363459587097,0.0,0.0,0.0
gallery,911,0291_s000_v0_000.jpg,291,0,0,0.0004524641844909638,0.0002897116937674582,0.00020727288210764527,0.50226229429245,0.5014485716819763,0.5010363459587097,0.0,0.0,0.0
gallery,912,0291_s000_v1_003.jpg,291,1,0,0.0004524641844909638,0.00028971166466362774,0.00020727291121147573,0.50226229429245,0.5014485716819763,0.5010363459587097,0.0,0.0,0.0
gallery,913,0291_s000_v3_004.jpg,291,3,0,0.0004524642135947943,0.0002897115773521364,0.0002072732604574412,0.50226229429245,0.5014485716819763,0.5010363459587097,0.0,0.0,0.0
gallery,914,0291_s000_v4_001.jpg,291,4,0,0.0004524641844909638,0.00028971166466362774,0.00020727292576339096,0.50226229429245,0.5014485716819763,0.5010363459587097,0.0,0.0,0.0
gallery,915,0291_s000_v5_005.jpg,291,5,0,0.0004524641844909638,0.00028971166466362774,0.00020727254741359502,0.50226229429245,0.5014485716819763,0.5010363459587097,0.0,0.0,0.0
gallery,916,0291_s000_v6_002.jpg,291,6,0,0.0004524641844909638,0.00028971172287128866,0.0002072725328616798,0.50226229429245,0.5014485716819763,0.5010363459587097,0.0,0.0,0.0
gallery,917,0293_s000_v0_000.jpg,293,0,0,0.0004524641844909638,0.00028971166466362774,0.00020727323135361075,0.50226229429245,0.5014485716819763,0.5010363459587097,0.0,0.0,0.0
gallery,918,0293_s000_v1_004.jpg,293,1,0,0.0004524641844909638,0.0002897116937674582,0.00020727288210764527,0.50226229429245,0.5014485716819763,0.5010363459587097,0.0,0.0,0.0
gallery,919,0293_s000_v2_002.jpg,293,2,0,0.0004524641844909638,0.0002897116937674582,0.0002072725910693407,0.50226229429245,0.5014485716819763,0.5010363459587097,0.0,0.0,0.0
gallery,920,0293_s000_v3_005.jpg,293,3,0,0.0004524641844909638,0.0002897116937674582,0.00020727260562125593,0.50226229429245,0.5014485716819763,0.5010363459587097,0.0,0.0,0.0
gallery,921,0293_s000_v4_001.jpg,293,4,0,0.0004524641844909638,0.00028971166466362774,0.0002072729985229671,0.50226229429245,0.5014485716819763,0.5010363459587097,0.0,0.0,0.0
gallery,922,0293_s000_v5_006.jpg,293,5,0,0.0004524641844909638,0.0002897116937674582,0.00020727262017317116,0.50226229429245,0.5014485716819763,0.5010363459587097,0.0,0.0,0.0
gallery,923,0293_s000_v6_003.jpg,293,6,0,0.0004524641844909638,0.00028971166466362774,0.00020727305673062801,0.50226229429245,0.5014485716819763,0.5010363459587097,0.0,0.0,0.0
gallery,924,0293_s000_v7_007.jpg,293,7,0,0.0004524641844909638,0.00028971166466362774,0.00020727292576339096,0.50226229429245,0.5014485716819763,0.5010363459587097,0.0,0.0,0.0
gallery,925,0295_s000_v0_000.jpg,295,0,0,0.0004524641844909638,0.0002897116937674582,0.00020727288210764527,0.50226229429245,0.5014485716819763,0.5010363459587097,0.0,0.0,0.0
gallery,926,0295_s000_v1_004.jpg,295,1,0,0.0004524641844909638,0.0002897116355597973,0.00020727337687276304,0.50226229429245,0.5014485716819763,0.5010363459587097,0.0,0.0,0.0
gallery,927,0295_s000_v2_002.jpg,295,2,0,0.0004524641844909638,0.00028971166466362774,0.00020727312949020416,0.50226229429245,0.5014485716819763,0.5010363459587097,0.0,0.0,0.0
gallery,928,0295_s000_v3_005.jpg,295,3,0,0.0004524641844909638,0.0002897116355597973,0.0002072731585940346,0.50226229429245,0.5014485716819763,0.5010363459587097,0.0,0.0,0.0
gallery,929,0295_s000_v4_001.jpg,295,4,0,0.0004524641844909638,0.00028971166466362774,0.0002072731585940346,0.50226229429245,0.5014485716819763,0.5010363459587097,0.0,0.0,0.0
gallery,930,0295_s000_v5_006.jpg,295,5,0,0.0004524641844909638,0.0002897116355597973,0.00020727318769786507,0.50226229429245,0.5014485716819763,0.5010363459587097,0.0,0.0,0.0
gallery,931,0295_s000_v6_003.jpg,295,6,0,0.0004524641844909638,0.0002897116355597973,0.0002072736679110676,0.50226229429245,0.5014485716819763,0.5010363459587097,0.0,0.0,0.0
gallery,932,0295_s000_v7_007.jpg,295,7,0,0.0004524641844909638,0.00028971166466362774,0.00020727301307488233,0.50226229429245,0.5014485716819763,0.5010363459587097,0.0,0.0,0.0
gallery,933,0297_s000_v0_000.jpg,297,0,0,0.0004524641844909638,0.00028971166466362774,0.00020727286755573004,0.50226229429245,0.5014485716819763,0.5010363459587097,0.0,0.0,0.0
gallery,934,0297_s000_v1_004.jpg,297,1,0,0.0004524641844909638,0.00028971172287128866,0.00020727260562125593,0.50226229429245,0.5014485716819763,0.5010363459587097,0.0,0.0,0.0
gallery,935,0297_s000_v2_002.jpg,297,2,0,0.00045246415538713336,0.0002897117519751191,0.00020727250375784934,0.50226229429245,0.5014485716819763,0.5010363459587097,0.0,0.0,0.0
gallery,936,0297_s000_v3_005.jpg,297,3,0,0.0004524641844909638,0.00028971172287128866,0.00020727231458295137,0.50226229429245,0.5014485716819763,0.5010363459587097,0.0,0.0,0.0
gallery,937,0297_s000_v4_001.jpg,297,4,0,0.0004524641844909638,0.00028971166466362774,0.00020727275114040822,0.50226229429245,0.5014485716819763,0.5010363459587097,0.0,0.0,0.0
gallery,938,0297_s000_v5_006.jpg,297,5,0,0.0004524641844909638,0.00028971172287128866,0.00020727264927700162,0.50226229429245,0.5014485716819763,0.5010363459587097,0.0,0.0,0.0
gallery,939,0297_s000_v6_003.jpg,297,6,0,0.00045246415538713336,0.0002897117519751191,0.0002072722854791209,0.50226229429245,0.5014485716819763,0.5010363459587097,0.0,0.0,0.0
gallery,940,0297_s000_v7_007.jpg,297,7,0,0.0004524641844909638,0.00028971172287128866,0.00020727257651742548,0.50226229429245,0.5014485716819763,0.5010363459587097,0.0,0.0,0.0
gallery,941,0299_s000_v0_000.jpg,299,0,0,0.0004524642135947943,0.00028971160645596683,0.0002072735078400001,0.50226229429245,0.5014485716819763,0.5010363459587097,0.0,0.0,0.0
gallery,942,0299_s000_v1_004.jpg,299,1,0,0.0004524642135947943,0.00028971160645596683,0.00020727365335915238,0.50226229429245,0.5014485716819763,0.5010363459587097,0.0,0.0,0.0
gallery,943,0299_s000_v2_002.jpg,299,2,0,0.0004524642135947943,0.0002897115773521364,0.0002072737697744742,0.50226229429245,0.5014485716819763,0.5010363459587097,0.0,0.0,0.0
gallery,944,0299_s000_v3_005.jpg,299,3,0,0.0004524642135947943,0.0002897115773521364,0.00020727363880723715,0.50226229429245,0.5014485716819763,0.5010363459587097,0.0,0.0,0.0
gallery,945,0299_s000_v4_001.jpg,299,4,0,0.0004524641844909638,0.00028971166466362774,0.00020727318769786507,0.50226229429245,0.5014485716819763,0.5010363459587097,0.0,0.0,0.0
gallery,946,0299_s000_v5_006.jpg,299,5,0,0.0004524642135947943,0.00028971160645596683,0.00020727372611872852,0.50226229429245,0.5014485716819763,0.5010363459587097,0.0,0.0,0.0
gallery,947,0299_s000_v6_003.jpg,299,6,0,0.0004524642135947943,0.0002897115773521364,0.00020727352239191532,0.50226229429245,0.5014485716819763,0.5010363459587097,0.0,0.0,0.0
gallery,948,0299_s000_v7_007.jpg,299,7,0,0.0004524642135947943,0.00028971160645596683,0.00020727349328808486,0.50226229429245,0.5014485716819763,0.5010363459587097,0.0,0.0,0.0
gallery,949,0301_s000_v0_000.jpg,301,0,0,0.0004524641844909638,0.0002897116355597973,0.0002072737115668133,0.50226229429245,0.5014485716819763,0.5010363459587097,0.0,0.0,0.0
gallery,950,0301_s000_v1_003.jpg,301,1,0,0.0004524641844909638,0.0002897116355597973,0.00020727343508042395,0.50226229429245,0.5014485716819763,0.5010363459587097,0.0,0.0,0.0
gallery,951,0301_s000_v2_002.jpg,301,2,0,0.0004524641844909638,0.00028971160645596683,0.0002072736097034067,0.50226229429245,0.5014485716819763,0.5010363459587097,0.0,0.0,0.0
gallery,952,0301_s000_v3_004.jpg,301,3,0,0.0004524642135947943,0.0002897115773521364,0.00020727372611872852,0.50226229429245,0.5014485716819763,0.5010363459587097,0.0,0.0,0.0
gallery,953,0301_s000_v4_001.jpg,301,4,0,0.0004524642135947943,0.00028971160645596683,0.0002072736097034067,0.50226229429245,0.5014485716819763,0.5010363459587097,0.0,0.0,0.0
gallery,954,0301_s000_v5_005.jpg,301,5,0,0.0004524641844909638,0.0002897116355597973,0.0002072736097034067,0.50226229429245,0.5014485716819763,0.5010363459587097,0.0,0.0,0.0
gallery,955,0301_s000_v7_006.jpg,301,7,0,0.0004524641844909638,0.00028971166466362774,0.00020727331866510212,0.50226229429245,0.5014485716819763,0.5010363459587097,0.0,0.0,0.0
gallery,956,0303_s000_v0_000.jpg,303,0,0,0.0004524641844909638,0.00028971172287128866,0.00020727272203657776,0.50226229429245,0.5014485716819763,0.5010363459587097,0.0,0.0,0.0
gallery,957,0303_s000_v1_002.jpg,303,1,0,0.0004524641844909638,0.00028971166466362774,0.00020727331866510212,0.50226229429245,0.5014485716819763,0.5010363459587097,0.0,0.0,0.0
gallery,958,0303_s000_v2_001.jpg,303,2,0,0.0004524641844909638,0.0002897116937674582,0.00020727275114040822,0.50226229429245,0.5014485716819763,0.5010363459587097,0.0,0.0,0.0
gallery,959,0305_s000_v0_000.jpg,305,0,0,0.0004524642135947943,0.00028971160645596683,0.00020727334776893258,0.50226229429245,0.5014485716819763,0.5010363459587097,0.0,0.0,0.0
gallery,960,0305_s000_v1_004.jpg,305,1,0,0.0004524641844909638,0.00028971172287128866,0.0002072724892059341,0.50226229429245,0.5014485716819763,0.5010363459587097,0.0,0.0,0.0
gallery,961,0305_s000_v2_002.jpg,305,2,0,0.0004524642135947943,0.00028971160645596683,0.00020727353694383055,0.50226229429245,0.5014485716819763,0.5010363459587097,0.0,0.0,0.0
gallery,962,0305_s000_v3_005.jpg,305,3,0,0.0004524641844909638,0.0002897116355597973,0.00020727292576339096,0.50226229429245,0.5014485716819763,0.5010363459587097,0.0,0.0,0.0
gallery,963,0305_s000_v4_001.jpg,305,4,0,0.0004524641844909638,0.00028971160645596683,0.00020727308583445847,0.50226229429245,0.5014485716819763,0.5010363459587097,0.0,0.0,0.0
gallery,964,0305_s000_v5_006.jpg,305,5,0,0.0004524642135947943,0.00028971160645596683,0.00020727328956127167,0.50226229429245,0.5014485716819763,0.5010363459587097,0.0,0.0,0.0
gallery,965,0305_s000_v6_003.jpg,305,6,0,0.0004524642135947943,0.0002897115773521364,0.00020727337687276304,0.50226229429245,0.5014485716819763,0.5010363459587097,0.0,0.0,0.0
gallery,966,0305_s000_v7_007.jpg,305,7,0,0.0004524641844909638,0.00028971160645596683,0.00020727292576339096,0.50226229429245,0.5014485716819763,0.5010363459587097,0.0,0.0,0.0
gallery,967,0307_s000_v0_000.jpg,307,0,0,0.00045246415538713336,0.0002897117519751191,0.0002072727947961539,0.50226229429245,0.5014485716819763,0.5010363459587097,0.0,0.0,0.0
gallery,968,0307_s000_v1_004.jpg,307,1,0,0.00045246415538713336,0.00028971178107894957,0.0002072724309982732,0.50226229429245,0.5014485716819763,0.5010363459587097,0.0,0.0,0.0
gallery,969,0307_s000_v2_002.jpg,307,2,0,0.0004524641844909638,0.00028971172287128866,0.000207272736588493,0.50226229429245,0.5014485716819763,0.5010363459587097,0.0,0.0,0.0
gallery,970,0307_s000_v3_005.jpg,307,3,0,0.0004524641844909638,0.0002897116937674582,0.00020727286755573004,0.50226229429245,0.5014485716819763,0.5010363459587097,0.0,0.0,0.0
gallery,971,0307_s000_v4_001.jpg,307,4,0,0.00045246415538713336,0.00028971178107894957,0.0002072724309982732,0.50226229429245,0.5014485716819763,0.5010363459587097,0.0,0.0,0.0
gallery,972,0307_s000_v5_006.jpg,307,5,0,0.0004524641844909638,0.00028971172287128866,0.00020727246010210365,0.50226229429245,0.5014485716819763,0.5010363459587097,0.0,0.0,0.0
gallery,973,0307_s000_v6_003.jpg,307,6,0,0.00045246415538713336,0.00028971178107894957,0.00020727235823869705,0.50226229429245,0.5014485716819763,0.5010363459587097,0.0,0.0,0.0
gallery,974,0307_s000_v7_007.jpg,307,7,0,0.0004524641844909638,0.00028971172287128866,0.00020727234368678182,0.50226229429245,0.5014485716819763,0.5010363459587097,0.0,0.0,0.0
gallery,975,0309_s000_v0_000.jpg,309,0,0,0.0004524641844909638,0.00028971172287128866,0.00020727276569232345,0.50226229429245,0.5014485716819763,0.5010363459587097,0.0,0.0,0.0
gallery,976,0309_s000_v1_004.jpg,309,1,0,0.0004524641844909638,0.0002897116937674582,0.00020727254741359502,0.50226229429245,0.5014485716819763,0.5010363459587097,0.0,0.0,0.0
gallery,977,0309_s000_v2_002.jpg,309,2,0,0.0004524641844909638,0.00028971172287128866,0.00020727251830976456,0.50226229429245,0.5014485716819763,0.5010363459587097,0.0,0.0,0.0
gallery,978,0309_s000_v3_005.jpg,309,3,0,0.0004524641844909638,0.0002897116355597973,0.00020727311493828893,0.50226229429245,0.5014485716819763,0.5010363459587097,0.0,0.0,0.0
gallery,979,0309_s000_v4_001.jpg,309,4,0,0.0004524641844909638,0.0002897116937674582,0.00020727275114040822,0.50226229429245,0.5014485716819763,0.5010363459587097,0.0,0.0,0.0
gallery,980,0309_s000_v6_003.jpg,309,6,0,0.00045246415538713336,0.0002897117519751191,0.00020727260562125593,0.50226229429245,0.5014485716819763,0.5010363459587097,0.0,0.0,0.0
gallery,981,0309_s000_v7_006.jpg,309,7,0,0.0004524641844909638,0.00028971172287128866,0.00020727254741359502,0.50226229429245,0.5014485716819763,0.5010363459587097,0.0,0.0,0.0
gallery,982,0311_s000_v0_000.jpg,311,0,0,0.0004524641844909638,0.00028971172287128866,0.0002072725910693407,0.50226229429245,0.5014485716819763,0.5010363459587097,0.0,0.0,0.0
gallery,983,0311_s000_v4_001.jpg,311,4,0,0.0004524641844909638,0.00028971172287128866,0.0002072733041131869,0.50226229429245,0.5014485716819763,0.5010363459587097,0.0,0.0,0.0
gallery,984,0311_s000_v5_003.jpg,311,5,0,0.00045246415538713336,0.00028971172287128866,0.00020727276569232345,0.50226229429245,0.5014485716819763,0.5010363459587097,0.0,0.0,0.0
gallery,985,0311_s000_v6_002.jpg,311,6,0,0.00045246415538713336,0.00028971172287128866,0.00020727286755573004,0.50226229429245,0.5014485716819763,0.5010363459587097,0.0,0.0,0.0
gallery,986,0311_s000_v7_004.jpg,311,7,0,0.00045246415538713336,0.00028971172287128866,0.00020727260562125593,0.50226229429245,0.5014485716819763,0.5010363459587097,0.0,0.0,0.0
gallery,987,0313_s000_v0_000.jpg,313,0,0,0.0004524641844909638,0.0002897116937674582,0.0002072733041131869,0.50226229429245,0.5014485716819763,0.5010363459587097,0.0,0.0,0.0
gallery,988,0313_s000_v1_004.jpg,313,1,0,0.0004524641844909638,0.0002897116937674582,0.0002072733623208478,0.50226229429245,0.5014485716819763,0.5010363459587097,0.0,0.0,0.0
gallery,989,0313_s000_v2_002.jpg,313,2,0,0.0004524641844909638,0.0002897116937674582,0.0002072732604574412,0.50226229429245,0.5014485716819763,0.5010363459587097,0.0,0.0,0.0
gallery,990,0313_s000_v3_005.jpg,313,3,0,0.0004524641844909638,0.0002897116937674582,0.0002072729403153062,0.50226229429245,0.5014485716819763,0.5010363459587097,0.0,0.0,0.0
gallery,991,0313_s000_v4_001.jpg,313,4,0,0.0004524641844909638,0.0002897116937674582,0.00020727278024423867,0.50226229429245,0.5014485716819763,0.5010363459587097,0.0,0.0,0.0
gallery,992,0313_s000_v5_006.jpg,313,5,0,0.0004524641844909638,0.00028971172287128866,0.000207272736588493,0.50226229429245,0.5014485716819763,0.5010363459587097,0.0,0.0,0.0
gallery,993,0313_s000_v6_003.jpg,313,6,0,0.0004524641844909638,0.0002897116937674582,0.00020727327500935644,0.50226229429245,0.5014485716819763,0.5010363459587097,0.0,0.0,0.0
gallery,994,0313_s000_v7_007.jpg,313,7,0,0.0004524642135947943,0.0002897116355597973,0.00020727368246298283,0.50226229429245,0.5014485716819763,0.5010363459587097,0.0,0.0,0.0
gallery,995,0315_s000_v0_000.jpg,315,0,0,0.0004524641844909638,0.0002897116937674582,0.00020727307128254324,0.50226229429245,0.5014485716819763,0.5010363459587097,0.0,0.0,0.0
gallery,996,0315_s000_v1_004.jpg,315,1,0,0.0004524641844909638,0.00028971166466362774,0.00020727334776893258,0.50226229429245,0.5014485716819763,0.5010363459587097,0.0,0.0,0.0
gallery,997,0315_s000_v2_002.jpg,315,2,0,0.0004524641844909638,0.00028971172287128866,0.0002072729985229671,0.50226229429245,0.5014485716819763,0.5010363459587097,0.0,0.0,0.0
gallery,998,0315_s000_v3_005.jpg,315,3,0,0.0004524641844909638,0.00028971172287128866,0.0002072728384518996,0.50226229429245,0.5014485716819763,0.5010363459587097,0.0,0.0,0.0
gallery,999,0315_s000_v4_001.jpg,315,4,0,0.0004524641844909638,0.0002897116937674582,0.00020727288210764527,0.50226229429245,0.5014485716819763,0.5010363459587097,0.0,0.0,0.0
gallery,1000,0315_s000_v5_006.jpg,315,5,0,0.0004524641844909638,0.00028971166466362774,0.00020727312949020416,0.50226229429245,0.5014485716819763,0.5010363459587097,0.0,0.0,0.0
gallery,1001,0315_s000_v6_003.jpg,315,6,0,0.0004524641844909638,0.0002897116937674582,0.00020727307128254324,0.50226229429245,0.5014485716819763,0.5010363459587097,0.0,0.0,0.0
gallery,1002,0315_s000_v7_007.jpg,315,7,0,0.00045246415538713336,0.0002897117519751191,0.0002072726929327473,0.50226229429245,0.5014485716819763,0.5010363459587097,0.0,0.0,0.0
gallery,1003,0317_s000_v0_000.jpg,317,0,0,0.0004524641844909638,0.0002897116355597973,0.00020727314404211938,0.50226229429245,0.5014485716819763,0.5010363459587097,0.0,0.0,0.0
gallery,1004,0317_s000_v1_002.jpg,317,1,0,0.0004524641844909638,0.0002897116937674582,0.0002072728384518996,0.50226229429245,0.5014485716819763,0.5010363459587097,0.0,0.0,0.0
gallery,1005,0317_s000_v2_001.jpg,317,2,0,0.0004524641844909638,0.0002897116355597973,0.00020727321680169553,0.50226229429245,0.5014485716819763,0.5010363459587097,0.0,0.0,0.0
gallery,1006,0319_s000_v0_000.jpg,319,0,0,0.0004524641844909638,0.0002897116355597973,0.0002072732022497803,0.50226229429245,0.5014485716819763,0.5010363459587097,0.0,0.0,0.0
gallery,1007,0319_s000_v1_004.jpg,319,1,0,0.0004524641844909638,0.00028971166466362774,0.00020727266382891685,0.50226229429245,0.5014485716819763,0.5010363459587097,0.0,0.0,0.0
gallery,1008,0319_s000_v2_002.jpg,319,2,0,0.0004524641844909638,0.00028971172287128866,0.00020727262017317116,0.50226229429245,0.5014485716819763,0.5010363459587097,0.0,0.0,0.0
gallery,1009,0319_s000_v3_005.jpg,319,3,0,0.0004524641844909638,0.0002897116937674582,0.00020727288210764527,0.50226229429245,0.5014485716819763,0.5010363459587097,0.0,0.0,0.0
gallery,1010,0319_s000_v4_001.jpg,319,4,0,0.0004524641844909638,0.00028971166466362774,0.00020727292576339096,0.50226229429245,0.5014485716819763,0.5010363459587097,0.0,0.0,0.0
gallery,1011,0319_s000_v5_006.jpg,319,5,0,0.0004524641844909638,0.00028971166466362774,0.0002072728966595605,0.50226229429245,0.5014485716819763,0.5010363459587097,0.0,0.0,0.0
gallery,1012,0319_s000_v6_003.jpg,319,6,0,0.0004524641844909638,0.0002897116937674582,0.0002072726929327473,0.50226229429245,0.5014485716819763,0.5010363459587097,0.0,0.0,0.0
gallery,1013,0319_s000_v7_007.jpg,319,7,0,0.0004524641844909638,0.00028971166466362774,0.00020727272203657776,0.50226229429245,0.5014485716819763,0.5010363459587097,0.0,0.0,0.0
gallery,1014,0321_s000_v0_000.jpg,321,0,0,0.0004524641844909638,0.00028971166466362774,0.0002072725910693407,0.50226229429245,0.5014485716819763,0.5010363459587097,0.0,0.0,0.0
gallery,1015,0321_s000_v1_003.jpg,321,1,0,0.0004524642135947943,0.0002897115773521364,0.0002072733623208478,0.50226229429245,0.5014485716819763,0.5010363459587097,0.0,0.0,0.0
gallery,1016,0321_s000_v3_004.jpg,321,3,0,0.0004524642135947943,0.00028971160645596683,0.0002072734059765935,0.50226229429245,0.5014485716819763,0.5010363459587097,0.0,0.0,0.0
gallery,1017,0321_s000_v4_001.jpg,321,4,0,0.0004524641844909638,0.00028971166466362774,0.00020727278024423867,0.50226229429245,0.5014485716819763,0.5010363459587097,0.0,0.0,0.0
gallery,1018,0321_s000_v5_005.jpg,321,5,0,0.0004524641844909638,0.0002897116355597973,0.00020727318769786507,0.50226229429245,0.5014485716819763,0.5010363459587097,0.0,0.0,0.0
gallery,1019,0321_s000_v6_002.jpg,321,6,0,0.0004524641844909638,0.0002897116937674582,0.00020727251830976456,0.50226229429245,0.5014485716819763,0.5010363459587097,0.0,0.0,0.0
gallery,1020,0321_s000_v7_006.jpg,321,7,0,0.0004524641844909638,0.0002897116355597973,0.00020727291121147573,0.50226229429245,0.5014485716819763,0.5010363459587097,0.0,0.0,0.0
gallery,1021,0323_s000_v0_000.jpg,323,0,0,0.00045246415538713336,0.0002897117519751191,0.00020727237279061228,0.50226229429245,0.5014485716819763,0.5010363459587097,0.0,0.0,0.0
gallery,1022,0323_s000_v1_003.jpg,323,1,0,0.0004524641844909638,0.00028971166466362774,0.0002072732022497803,0.50226229429245,0.5014485716819763,0.5010363459587097,0.0,0.0,0.0
gallery,1023,0323_s000_v2_002.jpg,323,2,0,0.0004524641844909638,0.00028971166466362774,0.00020727323135361075,0.50226229429245,0.5014485716819763,0.5010363459587097,0.0,0.0,0.0
gallery,1024,0323_s000_v3_004.jpg,323,3,0,0.0004524642135947943,0.00028971160645596683,0.00020727324590552598,0.50226229429245,0.5014485716819763,0.5010363459587097,0.0,0.0,0.0
gallery,1025,0323_s000_v4_001.jpg,323,4,0,0.0004524642135947943,0.00028971160645596683,0.00020727347873616964,0.50226229429245,0.5014485716819763,0.5010363459587097,0.0,0.0,0.0
gallery,1026,0323_s000_v5_005.jpg,323,5,0,0.0004524642135947943,0.00028971160645596683,0.00020727342052850872,0.50226229429245,0.5014485716819763,0.5010363459587097,0.0,0.0,0.0
gallery,1027,0325_s000_v0_000.jpg,325,0,0,0.0004524642135947943,0.00028971160645596683,0.00020727342052850872,0.50226229429245,0.5014485716819763,0.5010363459587097,0.0,0.0,0.0
gallery,1028,0325_s000_v1_003.jpg,325,1,0,0.0004524641844909638,0.0002897116355597973,0.00020727288210764527,0.50226229429245,0.5014485716819763,0.5010363459587097,0.0,0.0,0.0
gallery,1029,0325_s000_v2_002.jpg,325,2,0,0.0004524641844909638,0.0002897116937674582,0.0002072728966595605,0.50226229429245,0.5014485716819763,0.5010363459587097,0.0,0.0,0.0
gallery,1030,0325_s000_v3_004.jpg,325,3,0,0.0004524641844909638,0.00028971172287128866,0.0002072726347250864,0.50226229429245,0.5014485716819763,0.5010363459587097,0.0,0.0,0.0
gallery,1031,0325_s000_v4_001.jpg,325,4,0,0.0004524641844909638,0.00028971172287128866,0.00020727291121147573,0.50226229429245,0.5014485716819763,0.5010363459587097,0.0,0.0,0.0
gallery,1032,0325_s000_v5_005.jpg,325,5,0,0.0004524641844909638,0.00028971172287128866,0.0002072728384518996,0.50226229429245,0.5014485716819763,0.5010363459587097,0.0,0.0,0.0
gallery,1033,0325_s000_v7_006.jpg,325,7,0,0.0004524641844909638,0.0002897116355597973,0.00020727308583445847,0.50226229429245,0.5014485716819763,0.5010363459587097,0.0,0.0,0.0
gallery,1034,0327_s000_v0_000.jpg,327,0,0,0.0004524642135947943,0.0002897116355597973,0.00020727352239191532,0.50226229429245,0.5014485716819763,0.5010363459587097,0.0,0.0,0.0
gallery,1035,0327_s000_v1_004.jpg,327,1,0,0.0004524641844909638,0.00028971166466362774,0.00020727349328808486,0.50226229429245,0.5014485716819763,0.5010363459587097,0.0,0.0,0.0
gallery,1036,0327_s000_v2_002.jpg,327,2,0,0.0004524641844909638,0.00028971172287128866,0.00020727307128254324,0.50226229429245,0.5014485716819763,0.5010363459587097,0.0,0.0,0.0
gallery,1037,0327_s000_v3_005.jpg,327,3,0,0.0004524641844909638,0.0002897116937674582,0.0002072731585940346,0.50226229429245,0.5014485716819763,0.5010363459587097,0.0,0.0,0.0
gallery,1038,0327_s000_v4_001.jpg,327,4,0,0.0004524641844909638,0.00028971166466362774,0.0002072734641842544,0.50226229429245,0.5014485716819763,0.5010363459587097,0.0,0.0,0.0
gallery,1039,0327_s000_v5_006.jpg,327,5,0,0.0004524641844909638,0.0002897116355597973,0.0002072734641842544,0.50226229429245,0.5014485716819763,0.5010363459587097,0.0,0.0,0.0
gallery,1040,0327_s000_v6_003.jpg,327,6,0,0.0004524641844909638,0.0002897116937674582,0.0002072732604574412,0.50226229429245,0.5014485716819763,0.5010363459587097,0.0,0.0,0.0
gallery,1041,0327_s000_v7_007.jpg,327,7,0,0.0004524641844909638,0.0002897116937674582,0.0002072732604574412,0.50226229429245,0.5014485716819763,0.5010363459587097,0.0,0.0,0.0
gallery,1042,0329_s000_v0_000.jpg,329,0,0,0.0004524641844909638,0.0002897116937674582,0.0002072731585940346,0.50226229429245,0.5014485716819763,0.5010363459587097,0.0,0.0,0.0
gallery,1043,0329_s000_v2_002.jpg,329,2,0,0.00045246415538713336,0.0002897117519751191,0.00020727304217871279,0.50226229429245,0.5014485716819763,0.5010363459587097,0.0,0.0,0.0
gallery,1044,0329_s000_v4_001.jpg,329,4,0,0.00045246415538713336,0.00028971178107894957,0.0002072728384518996,0.50226229429245,0.5014485716819763,0.5010363459587097,0.0,0.0,0.0
gallery,1045,0329_s000_v5_003.jpg,329,5,0,0.0004524641844909638,0.0002897116937674582,0.00020727355149574578,0.50226229429245,0.5014485716819763,0.5010363459587097,0.0,0.0,0.0
gallery,1046,0329_s000_v7_004.jpg,329,7,0,0.00045246415538713336,0.0002897117519751191,0.00020727288210764527,0.50226229429245,0.5014485716819763,0.5010363459587097,0.0,0.0,0.0
gallery,1047,0331_s000_v0_000.jpg,331,0,0,0.0004524641844909638,0.0002897116355597973,0.0002072729403153062,0.50226229429245,0.5014485716819763,0.5010363459587097,0.0,0.0,0.0
gallery,1048,0331_s000_v1_004.jpg,331,1,0,0.0004524641844909638,0.0002897116937674582,0.00020727285300381482,0.50226229429245,0.5014485716819763,0.5010363459587097,0.0,0.0,0.0
gallery,1049,0331_s000_v2_002.jpg,331,2,0,0.0004524641844909638,0.00028971166466362774,0.00020727317314594984,0.50226229429245,0.5014485716819763,0.5010363459587097,0.0,0.0,0.0
gallery,1050,0331_s000_v3_005.jpg,331,3,0,0.0004524641844909638,0.0002897116355597973,0.00020727343508042395,0.50226229429245,0.5014485716819763,0.5010363459587097,0.0,0.0,0.0
gallery,1051,0331_s000_v4_001.jpg,331,4,0,0.0004524641844909638,0.00028971166466362774,0.0002072727947961539,0.50226229429245,0.5014485716819763,0.5010363459587097,0.0,0.0,0.0
gallery,1052,0331_s000_v5_006.jpg,331,5,0,0.0004524641844909638,0.0002897116355597973,0.00020727342052850872,0.50226229429245,0.5014485716819763,0.5010363459587097,0.0,0.0,0.0
gallery,1053,0331_s000_v6_003.jpg,331,6,0,0.0004524641844909638,0.0002897116937674582,0.0002072733041131869,0.50226229429245,0.5014485716819763,0.5010363459587097,0.0,0.0,0.0
gallery,1054,0331_s000_v7_007.jpg,331,7,0,0.0004524642135947943,0.00028971160645596683,0.00020727349328808486,0.50226229429245,0.5014485716819763,0.5010363459587097,0.0,0.0,0.0
