query_index,name,identity,camera,scene,valid,relevant_gallery,kept_gallery,AP,INP,first_match,last_match,Rank-1,Rank-5,Rank-10,Rank-20
0,0002_s002_v0_000.jpg,2,0,2,True,2,1053,1.0,1.0,1,2,1,1,1,1
1,0002_s002_v3_001.jpg,2,3,2,True,2,1053,0.75,0.5,1,4,1,1,1,1
2,0002_s013_v1_002.jpg,2,1,13,True,2,1053,1.0,1.0,1,2,1,1,1,1
3,0002_s013_v4_003.jpg,2,4,13,True,2,1053,0.75,0.5,1,4,1,1,1,1
4,0004_s002_v3_000.jpg,4,3,2,True,11,1054,0.6922653101619478,0.16176470588235295,1,68,1,1,1,1
5,0004_s007_v1_010.jpg,4,1,7,True,10,1053,0.9540404040404041,0.8333333333333334,1,12,1,1,1,1
6,0004_s007_v6_011.jpg,4,6,7,True,10,1053,0.48696084927923255,0.0970873786407767,1,103,1,1,1,1
7,0004_s021_v1_001.jpg,4,1,21,True,10,1053,0.8544444444444445,0.5,1,20,1,1,1,1
8,0004_s021_v7_002.jpg,4,7,21,True,10,1053,0.7630372852953498,0.3225806451612903,1,31,1,1,1,1
9,0004_s022_v3_003.jpg,4,3,22,True,10,1053,0.33406265031265037,0.10101010101010101,4,99,0,1,1,1
10,0004_s022_v4_004.jpg,4,4,22,True,10,1053,0.19669357294033737,0.06666666666666667,4,150,0,1,1,1
11,0004_s026_v0_005.jpg,4,0,26,True,7,1050,0.7430641821946169,0.10144927536231885,1,69,1,1,1,1
12,0004_s026_v1_006.jpg,4,1,26,True,7,1050,0.5564070432491485,0.1111111111111111,1,63,1,1,1,1
13,0004_s026_v2_007.jpg,4,2,26,True,7,1050,0.20822264660053963,0.03910614525139665,6,179,0,0,1,1
14,0004_s026_v6_008.jpg,4,6,26,True,7,1050,0.7422702414299053,0.4117647058823529,1,17,1,1,1,1
15,0004_s026_v7_009.jpg,4,7,26,True,7,1050,0.7466124661246613,0.17073170731707318,1,41,1,1,1,1
16,0006_s002_v1_000.jpg,6,1,2,True,14,1053,0.13114369633098238,0.04827586206896552,2,290,0,1,1,1
17,0006_s002_v7_001.jpg,6,7,2,True,14,1053,0.228809788821545,0.09210526315789473,2,152,0,1,1,1
18,0006_s007_v0_012.jpg,6,0,7,True,12,1051,0.28307425791367274,0.1643835616438356,5,73,0,1,1,1
19,0006_s007_v4_013.jpg,6,4,7,True,12,1051,0.5820487149097643,0.14457831325301204,1,83,1,1,1,1
20,0006_s007_v5_014.jpg,6,5,7,True,12,1051,0.40592452890247005,0.1875,4,64,0,1,1,1
21,0006_s007_v6_015.jpg,6,6,7,True,12,1051,0.49568198005698005,0.2,1,60,1,1,1,1
22,0006_s027_v1_002.jpg,6,1,27,True,10,1049,0.5498762157382846,0.07692307692307693,1,130,1,1,1,1
23,0006_s027_v2_003.jpg,6,2,27,True,10,1049,0.6119250194250194,0.042735042735042736,1,234,1,1,1,1
24,0006_s027_v3_004.jpg,6,3,27,True,10,1049,0.7101309614686331,0.0684931506849315,1,146,1,1,1,1
25,0006_s027_v4_005.jpg,6,4,27,True,10,1049,0.6465646388862396,0.0546448087431694,1,183,1,1,1,1
26,0006_s027_v5_006.jpg,6,5,27,True,10,1049,0.5050884571822787,0.03076923076923077,1,325,1,1,1,1
27,0006_s027_v7_007.jpg,6,7,27,True,10,1049,0.26825772725089825,0.06896551724137931,4,145,0,1,1,1
28,0006_s028_v2_008.jpg,6,2,28,True,12,1051,0.639422182349814,0.10526315789473684,1,114,1,1,1,1
29,0006_s028_v3_009.jpg,6,3,28,True,12,1051,0.6170155808580328,0.07407407407407407,1,162,1,1,1,1
30,0006_s028_v4_010.jpg,6,4,28,True,12,1051,0.6188298630979939,0.05150214592274678,1,233,1,1,1,1
31,0006_s028_v5_011.jpg,6,5,28,True,12,1051,0.7456811072007151,0.11538461538461539,1,104,1,1,1,1
32,0008_s002_v0_000.jpg,8,0,2,True,12,1052,0.1366210688456629,0.06349206349206349,3,189,0,1,1,1
33,0008_s002_v3_001.jpg,8,3,2,True,12,1052,0.08658374185362856,0.06666666666666667,15,180,0,0,0,1
34,0008_s002_v5_002.jpg,8,5,2,True,12,1052,0.26235380541157943,0.11764705882352941,2,102,0,1,1,1
35,0008_s005_v3_013.jpg,8,3,5,True,13,1053,0.14094578463546187,0.034759358288770054,2,374,0,1,1,1
36,0008_s005_v5_014.jpg,8,5,5,True,13,1053,0.24380173145019782,0.06598984771573604,1,197,1,1,1,1
37,0008_s018_v4_003.jpg,8,4,18,True,13,1053,0.12720711576729657,0.05,4,260,0,1,1,1
38,0008_s018_v5_004.jpg,8,5,18,True,13,1053,0.18253732250430318,0.04797047970479705,1,271,1,1,1,1
39,0008_s025_v0_005.jpg,8,0,25,True,7,1047,0.10585171579406556,0.020114942528735632,2,348,0,1,1,1
40,0008_s025_v1_006.jpg,8,1,25,True,7,1047,0.028228469194491408,0.02356902356902357,26,297,0,0,0,0
41,0008_s025_v2_007.jpg,8,2,25,True,7,1047,0.008791471657082967,0.00842358604091456,144,831,0,0,0,0
42,0008_s025_v3_008.jpg,8,3,25,True,7,1047,0.033878824868409194,0.0219435736677116,38,319,0,0,0,0
43,0008_s025_v4_009.jpg,8,4,25,True,7,1047,0.05378584438803304,0.041176470588235294,14,170,0,0,0,1
44,0008_s025_v5_010.jpg,8,5,25,True,7,1047,0.07313655908566748,0.056,21,125,0,0,0,0
45,0008_s025_v6_011.jpg,8,6,25,True,7,1047,0.08147453637987201,0.02364864864864865,8,296,0,0,1,1
46,0008_s025_v7_012.jpg,8,7,25,True,7,1047,0.08584676537697304,0.01837270341207349,3,381,0,1,1,1
47,0010_s002_v1_000.jpg,10,1,2,True,3,1052,0.8333333333333334,0.5,1,6,1,1,1,1
48,0010_s002_v4_001.jpg,10,4,2,True,3,1052,0.24481074481074483,0.11538461538461539,3,26,0,1,1,1
49,0010_s002_v7_002.jpg,10,7,2,True,3,1052,0.7555555555555555,0.6,1,5,1,1,1,1
50,0010_s011_v4_003.jpg,10,4,11,True,3,1052,0.21666666666666667,0.25,5,12,0,1,1,1
51,0010_s011_v6_004.jpg,10,6,11,True,3,1052,0.23242630385487528,0.030612244897959183,3,98,0,1,1,1
52,0010_s011_v7_005.jpg,10,7,11,True,3,1052,0.4126984126984126,0.07142857142857142,2,42,0,1,1,1
53,0012_s002_v4_000.jpg,12,4,2,True,2,1053,0.06272727272727273,0.08,22,25,0,0,0,0
54,0012_s002_v7_001.jpg,12,7,2,True,2,1053,0.20192307692307693,0.15384615384615385,4,13,0,1,1,1
55,0012_s003_v0_002.jpg,12,0,3,True,2,1053,0.12698412698412698,0.1111111111111111,7,18,0,0,1,1
56,0012_s003_v1_003.jpg,12,1,3,True,2,1053,0.11212121212121212,0.13333333333333333,11,15,0,0,0,1
57,0014_s002_v1_000.jpg,14,1,2,True,6,1053,0.14466804800138133,0.08,6,75,0,0,1,1
58,0014_s002_v3_001.jpg,14,3,2,True,6,1053,0.4891025641025641,0.25,1,24,1,1,1,1
59,0014_s005_v3_007.jpg,14,3,5,True,7,1054,0.22308802308802309,0.2,6,35,0,0,1,1
60,0014_s020_v0_002.jpg,14,0,20,True,3,1050,0.10403050108932461,0.1111111111111111,12,27,0,0,0,1
61,0014_s020_v1_003.jpg,14,1,20,True,3,1050,0.08738562091503267,0.12,17,25,0,0,0,1
62,0014_s020_v2_004.jpg,14,2,20,True,3,1050,0.08855994152046782,0.09375,15,32,0,0,0,1
63,0014_s020_v3_005.jpg,14,3,20,True,3,1050,0.08039867109634552,0.06976744186046512,14,43,0,0,0,1
64,0014_s020_v4_006.jpg,14,4,20,True,3,1050,0.07057416267942583,0.06818181818181818,19,44,0,0,0,1
65,0016_s002_v0_000.jpg,16,0,2,True,5,1052,0.5453588516746412,0.2631578947368421,1,19,1,1,1,1
66,0016_s002_v3_001.jpg,16,3,2,True,5,1052,0.8294117647058824,0.14705882352941177,1,34,1,1,1,1
67,0016_s002_v5_002.jpg,16,5,2,True,5,1052,0.6703603603603604,0.13513513513513514,1,37,1,1,1,1
68,0016_s003_v0_003.jpg,16,0,3,True,6,1053,0.19791778601619026,0.09375,3,64,0,1,1,1
69,0016_s003_v3_004.jpg,16,3,3,True,6,1053,0.9166666666666666,0.5,1,12,1,1,1,1
70,0016_s004_v1_005.jpg,16,1,4,True,5,1052,0.9666666666666666,0.8333333333333334,1,6,1,1,1,1
71,0016_s004_v3_006.jpg,16,3,4,True,5,1052,0.8333333333333333,0.5,1,10,1,1,1,1
72,0016_s004_v5_007.jpg,16,5,4,True,5,1052,1.0,1.0,1,5,1,1,1,1
73,0020_s003_v4_000.jpg,20,4,3,True,28,1052,0.7991537946072155,0.5833333333333334,1,48,1,1,1,1
74,0020_s003_v5_001.jpg,20,5,3,True,28,1052,0.890674063287876,0.4666666666666667,1,60,1,1,1,1
75,0020_s003_v7_002.jpg,20,7,3,True,28,1052,0.8628252515710658,0.5714285714285714,1,49,1,1,1,1
76,0020_s025_v0_003.jpg,20,0,25,True,26,1050,0.8772819303630696,0.6046511627906976,1,43,1,1,1,1
77,0020_s025_v3_004.jpg,20,3,25,True,26,1050,0.7789713310977302,0.5,1,52,1,1,1,1
78,0020_s025_v4_005.jpg,20,4,25,True,26,1050,0.7914930371952559,0.5416666666666666,1,48,1,1,1,1
79,0020_s025_v5_006.jpg,20,5,25,True,26,1050,0.7914494727968899,0.45614035087719296,1,57,1,1,1,1
80,0020_s025_v6_007.jpg,20,6,25,True,26,1050,0.7321974225309102,0.49056603773584906,1,53,1,1,1,1
81,0020_s026_v0_008.jpg,20,0,26,True,24,1048,0.7223592112552167,0.41379310344827586,1,58,1,1,1,1
82,0020_s026_v1_009.jpg,20,1,26,True,24,1048,0.7971848483729355,0.42857142857142855,1,56,1,1,1,1
83,0020_s026_v2_010.jpg,20,2,26,True,24,1048,0.8586174294728984,0.5106382978723404,1,47,1,1,1,1
84,0020_s026_v3_011.jpg,20,3,26,True,24,1048,0.8466864093836479,0.5454545454545454,1,44,1,1,1,1
85,0020_s026_v4_012.jpg,20,4,26,True,24,1048,0.7083059760927076,0.48,1,50,1,1,1,1
86,0020_s026_v5_013.jpg,20,5,26,True,24,1048,0.8267978638483026,0.5454545454545454,1,44,1,1,1,1
87,0020_s026_v7_014.jpg,20,7,26,True,24,1048,0.7013841976082135,0.4897959183673469,1,49,1,1,1,1
88,0020_s027_v0_015.jpg,20,0,27,True,24,1048,0.7240489086835735,0.39344262295081966,1,61,1,1,1,1
89,0020_s027_v1_016.jpg,20,1,27,True,24,1048,0.5803171037370559,0.4897959183673469,1,49,1,1,1,1
90,0020_s027_v3_017.jpg,20,3,27,True,24,1048,0.7756748076085948,0.4897959183673469,1,49,1,1,1,1
91,0020_s027_v4_018.jpg,20,4,27,True,24,1048,0.6915969691578274,0.5106382978723404,1,47,1,1,1,1
92,0020_s027_v5_019.jpg,20,5,27,True,24,1048,0.8728572692642129,0.5853658536585366,1,41,1,1,1,1
93,0020_s027_v6_020.jpg,20,6,27,True,24,1048,0.8283960504326865,0.5454545454545454,1,44,1,1,1,1
94,0020_s027_v7_021.jpg,20,7,27,True,24,1048,0.6411155085971262,0.5714285714285714,2,42,0,1,1,1
95,0020_s028_v0_022.jpg,20,0,28,True,27,1051,0.8068486540656408,0.46551724137931033,1,58,1,1,1,1
96,0020_s028_v1_023.jpg,20,1,28,True,27,1051,0.7924443869156029,0.4576271186440678,1,59,1,1,1,1
97,0020_s028_v3_024.jpg,20,3,28,True,27,1051,0.8260259895034098,0.46551724137931033,1,58,1,1,1,1
98,0020_s028_v5_025.jpg,20,5,28,True,27,1051,0.8551575162387641,0.5094339622641509,1,53,1,1,1,1
99,0020_s030_v1_026.jpg,20,1,30,True,26,1050,0.5193841972769158,0.32098765432098764,1,81,1,1,1,1
100,0020_s030_v4_027.jpg,20,4,30,True,26,1050,0.805169156745708,0.4,1,65,1,1,1,1
101,0020_s030_v5_028.jpg,20,5,30,True,26,1050,0.8838197897784806,0.5652173913043478,1,46,1,1,1,1
102,0020_s030_v6_029.jpg,20,6,30,True,26,1050,0.9001965026948653,0.45614035087719296,1,57,1,1,1,1
103,0020_s030_v7_030.jpg,20,7,30,True,26,1050,0.7474281874469698,0.37681159420289856,1,69,1,1,1,1
104,0022_s003_v3_007.jpg,22,3,3,True,7,1053,0.12037558379566551,0.05511811023622047,5,127,0,1,1,1
105,0022_s003_v5_008.jpg,22,5,3,True,7,1053,0.0812662066421465,0.047619047619047616,9,147,0,0,1,1
106,0022_s012_v4_000.jpg,22,4,12,True,7,1053,0.30196765794591884,0.21212121212121213,2,33,0,1,1,1
107,0022_s012_v7_001.jpg,22,7,12,True,7,1053,0.41281179138321994,0.11666666666666667,1,60,1,1,1,1
108,0022_s019_v0_002.jpg,22,0,19,True,4,1050,0.21136363636363634,0.045454545454545456,2,88,0,1,1,1
109,0022_s019_v3_003.jpg,22,3,19,True,4,1050,0.34463877084014377,0.14285714285714285,1,28,1,1,1,1
110,0022_s019_v4_004.jpg,22,4,19,True,4,1050,0.6013257575757576,0.36363636363636365,1,11,1,1,1,1
111,0022_s019_v5_005.jpg,22,5,19,True,4,1050,0.37681159420289856,0.17391304347826086,1,23,1,1,1,1
112,0022_s019_v7_006.jpg,22,7,19,True,4,1050,0.3029891304347826,0.043478260869565216,1,92,1,1,1,1
113,0024_s000_v0_026.jpg,24,0,0,True,26,1047,0.8998593591579075,0.5777777777777777,1,45,1,1,1,1
114,0024_s000_v1_030.jpg,24,1,0,True,26,1047,0.9439349126912423,0.6341463414634146,1,41,1,1,1,1
115,0024_s000_v2_028.jpg,24,2,0,True,26,1047,0.946199727014802,0.8666666666666667,1,30,1,1,1,1
116,0024_s000_v3_031.jpg,24,3,0,True,26,1047,0.8466288844919109,0.3170731707317073,1,82,1,1,1,1
117,0024_s000_v4_027.jpg,24,4,0,True,26,1047,0.6453196737803749,0.208,1,125,1,1,1,1
118,0024_s000_v5_032.jpg,24,5,0,True,26,1047,0.3528966937935122,0.14606741573033707,3,178,0,1,1,1
119,0024_s000_v6_029.jpg,24,6,0,True,26,1047,0.7080008727588899,0.3611111111111111,1,72,1,1,1,1
120,0024_s000_v7_033.jpg,24,7,0,True,26,1047,0.8701708507472699,0.4482758620689655,1,58,1,1,1,1
121,0024_s003_v0_004.jpg,24,0,3,True,31,1052,0.9887238024612884,0.8611111111111112,1,36,1,1,1,1
122,0024_s003_v5_005.jpg,24,5,3,True,31,1052,0.9513196886333704,0.49206349206349204,1,63,1,1,1,1
123,0024_s003_v6_006.jpg,24,6,3,True,31,1052,0.88516469724532,0.5254237288135594,1,59,1,1,1,1
124,0024_s012_v0_000.jpg,24,0,12,True,30,1051,0.7780864783985888,0.3191489361702128,1,94,1,1,1,1
125,0024_s012_v3_001.jpg,24,3,12,True,30,1051,0.8636016908222351,0.5882352941176471,1,51,1,1,1,1
126,0024_s012_v5_002.jpg,24,5,12,True,30,1051,0.8484219611919939,0.47619047619047616,1,63,1,1,1,1
127,0024_s012_v7_003.jpg,24,7,12,True,30,1051,0.8692285685503521,0.37037037037037035,1,81,1,1,1,1
128,0024_s025_v0_007.jpg,24,0,25,True,27,1048,0.9797111790342952,0.9310344827586207,1,29,1,1,1,1
129,0024_s025_v1_008.jpg,24,1,25,True,27,1048,0.9093772776713333,0.35526315789473684,1,76,1,1,1,1
130,0024_s025_v2_009.jpg,24,2,25,True,27,1048,0.9208896037363813,0.5294117647058824,1,51,1,1,1,1
131,0024_s025_v3_010.jpg,24,3,25,True,27,1048,0.916744530754471,0.54,1,50,1,1,1,1
132,0024_s025_v4_011.jpg,24,4,25,True,27,1048,0.9596660921955141,0.7941176470588235,1,34,1,1,1,1
133,0024_s025_v5_012.jpg,24,5,25,True,27,1048,0.9367022621627884,0.6136363636363636,1,44,1,1,1,1
134,0024_s025_v7_013.jpg,24,7,25,True,27,1048,0.8388870014799701,0.4426229508196721,1,61,1,1,1,1
135,0024_s028_v0_014.jpg,24,0,28,True,26,1047,0.7332314954605699,0.1511627906976744,1,172,1,1,1,1
136,0024_s028_v1_015.jpg,24,1,28,True,26,1047,0.9301932119135002,0.36619718309859156,1,71,1,1,1,1
137,0024_s028_v2_016.jpg,24,2,28,True,26,1047,0.9538341288341289,0.6666666666666666,1,39,1,1,1,1
138,0024_s028_v3_017.jpg,24,3,28,True,26,1047,0.969736265221215,0.7428571428571429,1,35,1,1,1,1
139,0024_s028_v4_018.jpg,24,4,28,True,26,1047,0.8515943057084621,0.2988505747126437,1,87,1,1,1,1
140,0024_s028_v5_019.jpg,24,5,28,True,26,1047,0.9229079509236209,0.5909090909090909,1,44,1,1,1,1
141,0024_s028_v6_020.jpg,24,6,28,True,26,1047,0.9598065204282769,0.8125,1,32,1,1,1,1
142,0024_s028_v7_021.jpg,24,7,28,True,26,1047,0.965430531007454,0.5416666666666666,1,48,1,1,1,1
143,0024_s029_v1_022.jpg,24,1,29,True,30,1051,0.9287618465459454,0.5660377358490566,1,53,1,1,1,1
144,0024_s029_v2_023.jpg,24,2,29,True,30,1051,0.7620829953793797,0.26548672566371684,1,113,1,1,1,1
145,0024_s029_v3_024.jpg,24,3,29,True,30,1051,0.8833182191147099,0.44776119402985076,1,67,1,1,1,1
146,0024_s029_v7_025.jpg,24,7,29,True,30,1051,0.9115634572014346,0.5084745762711864,1,59,1,1,1,1
147,0026_s002_v2_000.jpg,26,2,2,True,22,1053,0.4667530347706832,0.176,1,125,1,1,1,1
148,0026_s002_v4_001.jpg,26,4,2,True,22,1053,0.2121688581100994,0.06748466257668712,1,326,1,1,1,1
149,0026_s003_v1_007.jpg,26,1,3,True,21,1052,0.33847648571762246,0.19090909090909092,1,110,1,1,1,1
150,0026_s003_v3_008.jpg,26,3,3,True,21,1052,0.41700466421958843,0.21649484536082475,1,97,1,1,1,1
151,0026_s003_v5_009.jpg,26,5,3,True,21,1052,0.3657730244885029,0.15217391304347827,1,138,1,1,1,1
152,0026_s005_v1_022.jpg,26,1,5,True,22,1053,0.40907749180961334,0.205607476635514,1,107,1,1,1,1
153,0026_s005_v3_023.jpg,26,3,5,True,22,1053,0.42474791986588145,0.25,1,88,1,1,1,1
154,0026_s014_v1_002.jpg,26,1,14,True,22,1053,0.42152268839470364,0.171875,1,128,1,1,1,1
155,0026_s014_v4_003.jpg,26,4,14,True,22,1053,0.34781028145353715,0.12941176470588237,1,170,1,1,1,1
156,0026_s020_v4_004.jpg,26,4,20,True,21,1052,0.46006570105517947,0.14,3,150,0,1,1,1
157,0026_s020_v5_005.jpg,26,5,20,True,21,1052,0.6701179276189859,0.09502262443438914,1,221,1,1,1,1
158,0026_s020_v7_006.jpg,26,7,20,True,21,1052,0.6569543997328301,0.11864406779661017,1,177,1,1,1,1
159,0026_s025_v0_010.jpg,26,0,25,True,18,1049,0.3565190290339466,0.16666666666666666,1,108,1,1,1,1
160,0026_s025_v1_011.jpg,26,1,25,True,18,1049,0.399596871673779,0.1267605633802817,1,142,1,1,1,1
161,0026_s025_v4_012.jpg,26,4,25,True,18,1049,0.43826117723156877,0.12080536912751678,1,149,1,1,1,1
162,0026_s025_v5_013.jpg,26,5,25,True,18,1049,0.49825551526406936,0.12080536912751678,1,149,1,1,1,1
163,0026_s025_v6_014.jpg,26,6,25,True,18,1049,0.55893234999054,0.07346938775510205,1,245,1,1,1,1
164,0026_s025_v7_015.jpg,26,7,25,True,18,1049,0.5658114668988057,0.140625,1,128,1,1,1,1
165,0026_s027_v1_016.jpg,26,1,27,True,18,1049,0.5371162628594607,0.16071428571428573,1,112,1,1,1,1
166,0026_s027_v3_017.jpg,26,3,27,True,18,1049,0.4350997657343143,0.12080536912751678,1,149,1,1,1,1
167,0026_s027_v4_018.jpg,26,4,27,True,18,1049,0.4230614607226312,0.125,1,144,1,1,1,1
168,0026_s027_v5_019.jpg,26,5,27,True,18,1049,0.491220318153782,0.1651376146788991,1,109,1,1,1,1
169,0026_s027_v6_020.jpg,26,6,27,True,18,1049,0.5025238867136158,0.10465116279069768,1,172,1,1,1,1
170,0026_s027_v7_021.jpg,26,7,27,True,18,1049,0.5493999579422546,0.22784810126582278,1,79,1,1,1,1
171,0030_s004_v5_002.jpg,30,5,4,True,4,1053,0.6663934426229509,0.06557377049180328,1,61,1,1,1,1
172,0030_s004_v7_003.jpg,30,7,4,True,4,1053,0.3888888888888889,0.13333333333333333,1,30,1,1,1,1
173,0030_s005_v5_004.jpg,30,5,5,True,4,1053,0.5337719298245615,0.03508771929824561,1,114,1,1,1,1
174,0030_s005_v7_005.jpg,30,7,5,True,4,1053,0.5228696741854636,0.21052631578947367,1,19,1,1,1,1
175,0030_s018_v0_000.jpg,30,0,18,True,4,1053,0.032345944832302055,0.01990049751243781,19,201,0,0,0,1
176,0030_s018_v3_001.jpg,30,3,18,True,4,1053,0.37464985994397754,0.11764705882352941,2,34,0,1,1,1
177,0034_s004_v1_006.jpg,34,1,4,True,11,1053,0.7784903747470593,0.21568627450980393,1,51,1,1,1,1
178,0034_s004_v3_007.jpg,34,3,4,True,11,1053,0.8235657112411917,0.3793103448275862,1,29,1,1,1,1
179,0034_s005_v1_008.jpg,34,1,5,True,10,1052,0.9248737373737373,0.6666666666666666,1,15,1,1,1,1
180,0034_s005_v3_009.jpg,34,3,5,True,10,1052,0.8860782191664545,0.5882352941176471,1,17,1,1,1,1
181,0034_s005_v7_010.jpg,34,7,5,True,10,1052,0.7272527472527472,0.5555555555555556,1,18,1,1,1,1
182,0034_s009_v1_011.jpg,34,1,9,True,11,1053,0.7438236116101727,0.2391304347826087,1,46,1,1,1,1
183,0034_s009_v3_012.jpg,34,3,9,True,11,1053,0.8371212121212122,0.36666666666666664,1,30,1,1,1,1
184,0034_s014_v1_000.jpg,34,1,14,True,10,1052,0.6221551207077523,0.37037037037037035,1,27,1,1,1,1
185,0034_s014_v3_001.jpg,34,3,14,True,10,1052,0.7440100250626567,0.4,1,25,1,1,1,1
186,0034_s014_v4_002.jpg,34,4,14,True,10,1052,0.4337958380270514,0.12658227848101267,1,79,1,1,1,1
187,0034_s018_v1_003.jpg,34,1,18,True,10,1052,0.4728391121844632,0.1,1,100,1,1,1,1
188,0034_s018_v3_004.jpg,34,3,18,True,10,1052,0.26818815534629,0.06451612903225806,3,155,0,1,1,1
189,0034_s018_v5_005.jpg,34,5,18,True,10,1052,0.4163007765830346,0.2222222222222222,2,45,0,1,1,1
190,0036_s000_v0_011.jpg,36,0,0,True,11,1048,0.02102445885309404,0.021653543307086614,143,508,0,0,0,0
191,0036_s000_v1_015.jpg,36,1,0,True,11,1048,0.02714715543176118,0.03283582089552239,121,335,0,0,0,0
192,0036_s000_v2_013.jpg,36,2,0,True,11,1048,0.01589479345318967,0.01896551724137931,169,580,0,0,0,0
193,0036_s000_v3_016.jpg,36,3,0,True,11,1048,0.015813041018680196,0.013126491646778043,147,838,0,0,0,0
194,0036_s000_v4_012.jpg,36,4,0,True,11,1048,0.010960582388899482,0.013924050632911392,269,790,0,0,0,0
195,0036_s000_v5_017.jpg,36,5,0,True,11,1048,0.019578288525231274,0.014824797843665768,103,742,0,0,0,0
196,0036_s000_v6_014.jpg,36,6,0,True,11,1048,0.028127366920713322,0.02702702702702703,69,407,0,0,0,0
197,0036_s004_v1_003.jpg,36,1,4,True,16,1053,0.4999372483261088,0.03747072599531616,1,427,1,1,1,1
198,0036_s004_v3_004.jpg,36,3,4,True,16,1053,0.5008278177170744,0.043596730245231606,1,367,1,1,1,1
199,0036_s007_v6_005.jpg,36,6,7,True,17,1054,0.32228767467388225,0.032692307692307694,1,520,1,1,1,1
200,0036_s008_v1_006.jpg,36,1,8,True,16,1053,0.4070428000155762,0.02882882882882883,1,555,1,1,1,1
201,0036_s008_v7_007.jpg,36,7,8,True,16,1053,0.41006222907467815,0.042666666666666665,1,375,1,1,1,1
202,0036_s009_v1_008.jpg,36,1,9,True,15,1052,0.4358074025750435,0.029585798816568046,1,507,1,1,1,1
203,0036_s009_v4_009.jpg,36,4,9,True,15,1052,0.3001675561826585,0.02459016393442623,1,610,1,1,1,1
204,0036_s009_v7_010.jpg,36,7,9,True,15,1052,0.4912228736201618,0.028462998102466792,1,527,1,1,1,1
205,0036_s012_v1_000.jpg,36,1,12,True,15,1052,0.30958204415774754,0.019157088122605363,1,783,1,1,1,1
206,0036_s012_v4_001.jpg,36,4,12,True,15,1052,0.4564862889259611,0.02471169686985173,1,607,1,1,1,1
207,0036_s012_v7_002.jpg,36,7,12,True,15,1052,0.22544196912778172,0.015368852459016393,1,976,1,1,1,1
208,0045_s005_v1_000.jpg,45,1,5,True,3,1052,0.4777777777777777,0.6,3,5,0,1,1,1
209,0045_s005_v3_001.jpg,45,3,5,True,3,1052,1.0,1.0,1,3,1,1,1,1
210,0045_s005_v7_002.jpg,45,7,5,True,3,1052,1.0,1.0,1,3,1,1,1,1
211,0045_s009_v1_003.jpg,45,1,9,True,3,1052,0.6388888888888888,0.75,2,4,0,1,1,1
212,0045_s009_v3_004.jpg,45,3,9,True,3,1052,0.6388888888888888,0.75,2,4,0,1,1,1
213,0045_s009_v5_005.jpg,45,5,9,True,3,1052,0.9166666666666666,0.75,1,4,1,1,1,1
214,0047_s005_v1_003.jpg,47,1,5,True,6,1053,0.9444444444444445,0.6666666666666666,1,9,1,1,1,1
215,0047_s005_v2_004.jpg,47,2,5,True,6,1053,0.6015262515262515,0.46153846153846156,2,13,0,1,1,1
216,0047_s009_v1_005.jpg,47,1,9,True,5,1052,0.8047619047619048,0.35714285714285715,1,14,1,1,1,1
217,0047_s009_v4_006.jpg,47,4,9,True,5,1052,0.9666666666666666,0.8333333333333334,1,6,1,1,1,1
218,0047_s009_v7_007.jpg,47,7,9,True,5,1052,1.0,1.0,1,5,1,1,1,1
219,0047_s018_v0_000.jpg,47,0,18,True,5,1052,0.3988095238095238,0.3333333333333333,2,15,0,1,1,1
220,0047_s018_v1_001.jpg,47,1,18,True,5,1052,0.9666666666666666,0.8333333333333334,1,6,1,1,1,1
221,0047_s018_v7_002.jpg,47,7,18,True,5,1052,1.0,1.0,1,5,1,1,1,1
222,0059_s007_v2_015.jpg,59,2,7,True,18,1053,0.4910840967840284,0.3050847457627119,1,59,1,1,1,1
223,0059_s007_v7_016.jpg,59,7,7,True,18,1053,0.59295099907845,0.21428571428571427,1,84,1,1,1,1
224,0059_s011_v1_017.jpg,59,1,11,True,17,1052,0.49399631823729706,0.10059171597633136,1,169,1,1,1,1
225,0059_s011_v5_018.jpg,59,5,11,True,17,1052,0.5143766128345438,0.18681318681318682,1,91,1,1,1,1
226,0059_s011_v7_019.jpg,59,7,11,True,17,1052,0.6473216637989171,0.16666666666666666,1,102,1,1,1,1
227,0059_s015_v1_000.jpg,59,1,15,True,17,1052,0.5956937230237113,0.19540229885057472,1,87,1,1,1,1
228,0059_s015_v2_001.jpg,59,2,15,True,17,1052,0.6786069178802743,0.3269230769230769,1,52,1,1,1,1
229,0059_s015_v6_002.jpg,59,6,15,True,17,1052,0.773105241759629,0.27419354838709675,1,62,1,1,1,1
230,0059_s016_v0_003.jpg,59,0,16,True,18,1053,0.5614768978577449,0.1875,1,96,1,1,1,1
231,0059_s016_v7_004.jpg,59,7,16,True,18,1053,0.6680059539321666,0.32727272727272727,1,55,1,1,1,1
232,0059_s021_v1_005.jpg,59,1,21,True,16,1051,0.5343584959602551,0.11188811188811189,1,143,1,1,1,1
233,0059_s021_v2_006.jpg,59,2,21,True,16,1051,0.5357608891942902,0.037825059101654845,1,423,1,1,1,1
234,0059_s021_v3_007.jpg,59,3,21,True,16,1051,0.655563883738941,0.08465608465608465,1,189,1,1,1,1
235,0059_s021_v7_008.jpg,59,7,21,True,16,1051,0.8923112391302929,0.5333333333333333,1,30,1,1,1,1
236,0059_s028_v0_009.jpg,59,0,28,True,14,1049,0.5788673372546851,0.2153846153846154,1,65,1,1,1,1
237,0059_s028_v1_010.jpg,59,1,28,True,14,1049,0.9004840782973774,0.30434782608695654,1,46,1,1,1,1
238,0059_s028_v2_011.jpg,59,2,28,True,14,1049,0.6297847298095121,0.15730337078651685,1,89,1,1,1,1
239,0059_s028_v5_012.jpg,59,5,28,True,14,1049,0.6238906191918642,0.0958904109589041,1,146,1,1,1,1
240,0059_s028_v6_013.jpg,59,6,28,True,14,1049,0.6144731162035626,0.10144927536231885,1,138,1,1,1,1
241,0059_s028_v7_014.jpg,59,7,28,True,14,1049,0.8312395075593833,0.6086956521739131,1,23,1,1,1,1
242,0063_s007_v0_007.jpg,63,0,7,True,7,1052,0.4675975653419262,0.3684210526315789,2,19,0,1,1,1
243,0063_s007_v2_008.jpg,63,2,7,True,7,1052,0.869047619047619,0.5833333333333334,1,12,1,1,1,1
244,0063_s007_v3_009.jpg,63,3,7,True,7,1052,0.8745421245421244,0.5384615384615384,1,13,1,1,1,1
245,0063_s025_v0_000.jpg,63,0,25,True,3,1048,0.7666666666666666,0.3,1,10,1,1,1,1
246,0063_s025_v1_001.jpg,63,1,25,True,3,1048,0.9166666666666666,0.75,1,4,1,1,1,1
247,0063_s025_v3_002.jpg,63,3,25,True,3,1048,0.7011494252873564,0.10344827586206896,1,29,1,1,1,1
248,0063_s025_v4_003.jpg,63,4,25,True,3,1048,0.5333333333333333,0.6,2,5,0,1,1,1
249,0063_s025_v5_004.jpg,63,5,25,True,3,1048,0.7380952380952381,0.21428571428571427,1,14,1,1,1,1
250,0063_s025_v6_005.jpg,63,6,25,True,3,1048,0.6845238095238094,0.05357142857142857,1,56,1,1,1,1
251,0063_s025_v7_006.jpg,63,7,25,True,3,1048,0.3588235294117647,0.17647058823529413,2,17,0,1,1,1
252,0069_s008_v2_003.jpg,69,2,8,True,3,1052,0.04854889065415382,0.03896103896103896,19,77,0,0,0,1
253,0069_s008_v4_004.jpg,69,4,8,True,3,1052,0.018073089007110188,0.005905511811023622,26,508,0,0,0,0
254,0069_s008_v7_005.jpg,69,7,8,True,3,1052,0.11132275132275132,0.1111111111111111,7,27,0,0,1,1
255,0069_s012_v1_000.jpg,69,1,12,True,3,1052,0.05146017216955432,0.039473684210526314,23,76,0,0,0,0
256,0069_s012_v5_001.jpg,69,5,12,True,3,1052,0.10188964474678759,0.061224489795918366,9,49,0,0,1,1
257,0069_s012_v7_002.jpg,69,7,12,True,3,1052,0.03582885334395257,0.01639344262295082,19,183,0,0,0,1
258,0075_s009_v3_016.jpg,75,3,9,True,16,1052,0.2930317956840509,0.08121827411167512,2,197,0,1,1,1
259,0075_s009_v5_017.jpg,75,5,9,True,16,1052,0.5326086650455256,0.09411764705882353,1,170,1,1,1,1
260,0075_s009_v7_018.jpg,75,7,9,True,16,1052,0.12097152628116345,0.0903954802259887,3,177,0,1,1,1
261,0075_s012_v1_000.jpg,75,1,12,True,16,1052,0.29576794840867676,0.05755395683453238,2,278,0,1,1,1
262,0075_s012_v3_001.jpg,75,3,12,True,16,1052,0.4695510188842562,0.1032258064516129,1,155,1,1,1,1
263,0075_s012_v4_002.jpg,75,4,12,True,16,1052,0.378282764433815,0.08602150537634409,1,186,1,1,1,1
264,0075_s019_v0_003.jpg,75,0,19,True,16,1052,0.3756649214943719,0.07207207207207207,1,222,1,1,1,1
265,0075_s019_v3_004.jpg,75,3,19,True,16,1052,0.6857687290417425,0.17204301075268819,1,93,1,1,1,1
266,0075_s019_v5_005.jpg,75,5,19,True,16,1052,0.44918002175188176,0.07476635514018691,1,214,1,1,1,1
267,0075_s021_v1_006.jpg,75,1,21,True,15,1051,0.5533446409258835,0.13392857142857142,1,112,1,1,1,1
268,0075_s021_v5_007.jpg,75,5,21,True,15,1051,0.1275357717102385,0.10067114093959731,21,149,0,0,0,0
269,0075_s021_v6_008.jpg,75,6,21,True,15,1051,0.18994520788845953,0.07853403141361257,2,191,0,1,1,1
270,0075_s021_v7_009.jpg,75,7,21,True,15,1051,0.43179371325260385,0.2112676056338028,3,71,0,1,1,1
271,0075_s029_v0_010.jpg,75,0,29,True,13,1049,0.33316701291464795,0.0783132530120482,1,166,1,1,1,1
272,0075_s029_v1_011.jpg,75,1,29,True,13,1049,0.3222137412884776,0.065,2,200,0,1,1,1
273,0075_s029_v2_012.jpg,75,2,29,True,13,1049,0.661218731863015,0.07602339181286549,1,171,1,1,1,1
274,0075_s029_v3_013.jpg,75,3,29,True,13,1049,0.530652985367364,0.08176100628930817,1,159,1,1,1,1
275,0075_s029_v5_014.jpg,75,5,29,True,13,1049,0.5690887904830213,0.06565656565656566,1,198,1,1,1,1
276,0075_s029_v6_015.jpg,75,6,29,True,13,1049,0.6470485478846684,0.08074534161490683,1,161,1,1,1,1
277,0079_s010_v1_006.jpg,79,1,10,True,6,1053,0.7000258097819073,0.07317073170731707,1,82,1,1,1,1
278,0079_s010_v3_007.jpg,79,3,10,True,6,1053,0.8425925925925926,0.5,1,12,1,1,1,1
279,0079_s013_v1_000.jpg,79,1,13,True,6,1053,0.6303059581320452,0.12,1,50,1,1,1,1
280,0079_s013_v3_001.jpg,79,3,13,True,6,1053,0.5972222222222222,0.16666666666666666,1,36,1,1,1,1
281,0079_s022_v1_002.jpg,79,1,22,True,4,1051,0.9166666666666666,0.6666666666666666,1,6,1,1,1,1
282,0079_s022_v3_003.jpg,79,3,22,True,4,1051,0.389572192513369,0.2,1,20,1,1,1,1
283,0079_s022_v4_004.jpg,79,4,22,True,4,1051,0.4616935483870967,0.08333333333333333,1,48,1,1,1,1
284,0079_s022_v5_005.jpg,79,5,22,True,4,1051,0.08836996336996338,0.04395604395604396,7,91,0,0,1,1
285,0088_s010_v1_007.jpg,88,1,10,True,7,1052,0.6588666196312071,0.04929577464788732,1,142,1,1,1,1
286,0088_s010_v3_008.jpg,88,3,10,True,7,1052,0.11028019213455306,0.059322033898305086,6,118,0,0,1,1
287,0088_s010_v7_009.jpg,88,7,10,True,7,1052,0.5106174115215707,0.08860759493670886,1,79,1,1,1,1
288,0088_s013_v2_000.jpg,88,2,13,True,7,1052,0.6345238095238095,0.5,2,14,0,1,1,1
289,0088_s013_v4_001.jpg,88,4,13,True,7,1052,0.08838852876446861,0.03111111111111111,4,225,0,1,1,1
290,0088_s013_v7_002.jpg,88,7,13,True,7,1052,0.3355727605727606,0.1346153846153846,2,52,0,1,1,1
291,0088_s015_v1_003.jpg,88,1,15,True,8,1053,0.42927433247200686,0.18604651162790697,3,43,0,1,1,1
292,0088_s015_v7_004.jpg,88,7,15,True,8,1053,0.6569600062247121,0.2962962962962963,1,27,1,1,1,1
293,0088_s022_v1_005.jpg,88,1,22,True,8,1053,0.7049696765498652,0.07547169811320754,1,106,1,1,1,1
294,0088_s022_v7_006.jpg,88,7,22,True,8,1053,0.7057539682539682,0.19047619047619047,1,42,1,1,1,1
295,0090_s000_v0_003.jpg,90,0,0,True,3,1047,0.015405170917924692,0.01327433628318584,75,226,0,0,0,0
296,0090_s000_v1_007.jpg,90,1,0,True,3,1047,0.050445884568516675,0.05084745762711865,17,59,0,0,0,1
297,0090_s000_v2_005.jpg,90,2,0,True,3,1047,0.013391032980849106,0.016666666666666666,101,180,0,0,0,0
298,0090_s000_v3_008.jpg,90,3,0,True,3,1047,0.02630937925249495,0.02912621359223301,57,103,0,0,0,0
299,0090_s000_v4_004.jpg,90,4,0,True,3,1047,0.00532997139277952,0.007334963325183374,331,409,0,0,0,0
300,0090_s000_v5_009.jpg,90,5,0,True,3,1047,0.01574026784700942,0.020833333333333332,89,144,0,0,0,0
301,0090_s000_v6_006.jpg,90,6,0,True,3,1047,0.014873442599304015,0.02158273381294964,125,139,0,0,0,0
302,0090_s000_v7_010.jpg,90,7,0,True,3,1047,0.02749592312336713,0.030927835051546393,35,97,0,0,0,0
303,0090_s010_v1_000.jpg,90,1,10,True,8,1052,0.04576715196029016,0.03524229074889868,37,227,0,0,0,0
304,0090_s010_v3_001.jpg,90,3,10,True,8,1052,0.0535281855032762,0.03524229074889868,34,227,0,0,0,0
305,0090_s010_v5_002.jpg,90,5,10,True,8,1052,0.03316344067702357,0.026578073089700997,86,301,0,0,0,0
306,0092_s010_v1_004.jpg,92,1,10,True,4,1052,0.7784090909090909,0.36363636363636365,1,11,1,1,1,1
307,0092_s010_v4_005.jpg,92,4,10,True,4,1052,0.1481782106782107,0.06349206349206349,4,63,0,1,1,1
308,0092_s010_v7_006.jpg,92,7,10,True,4,1052,0.14824646074646075,0.09523809523809523,6,42,0,0,1,1
309,0092_s022_v0_000.jpg,92,0,22,True,3,1051,0.4935897435897436,0.23076923076923078,1,13,1,1,1,1
310,0092_s022_v1_001.jpg,92,1,22,True,3,1051,0.3662618083670715,0.046153846153846156,1,65,1,1,1,1
311,0092_s022_v3_002.jpg,92,3,22,True,3,1051,0.37058212058212053,0.057692307692307696,1,52,1,1,1,1
312,0092_s022_v7_003.jpg,92,7,22,True,3,1051,0.3655913978494623,0.0967741935483871,2,31,0,1,1,1
313,0094_s011_v0_020.jpg,94,0,11,True,20,1053,0.25473543999014103,0.05089058524173028,1,393,1,1,1,1
314,0094_s011_v3_021.jpg,94,3,11,True,20,1053,0.5710051897045922,0.1360544217687075,1,147,1,1,1,1
315,0094_s013_v4_000.jpg,94,4,13,True,20,1053,0.29429102034748256,0.04975124378109453,1,402,1,1,1,1
316,0094_s013_v7_001.jpg,94,7,13,True,20,1053,0.5684474625171935,0.0947867298578199,1,211,1,1,1,1
317,0094_s015_v4_002.jpg,94,4,15,True,20,1053,0.21539401726011684,0.03139717425431711,1,637,1,1,1,1
318,0094_s015_v7_003.jpg,94,7,15,True,20,1053,0.6106014101176236,0.12987012987012986,1,154,1,1,1,1
319,0094_s016_v1_004.jpg,94,1,16,True,20,1053,0.427918306365146,0.1652892561983471,2,121,0,1,1,1
320,0094_s016_v7_005.jpg,94,7,16,True,20,1053,0.3974569495785207,0.15151515151515152,1,132,1,1,1,1
321,0094_s023_v0_006.jpg,94,0,23,True,17,1050,0.29536335507342765,0.07692307692307693,2,221,0,1,1,1
322,0094_s023_v1_007.jpg,94,1,23,True,17,1050,0.23575577986293794,0.10559006211180125,2,161,0,1,1,1
323,0094_s023_v2_008.jpg,94,2,23,True,17,1050,0.2508257126828591,0.2,2,85,0,1,1,1
324,0094_s023_v6_009.jpg,94,6,23,True,17,1050,0.21469841199544937,0.1297709923664122,4,131,0,1,1,1
325,0094_s023_v6_010.jpg,94,6,23,True,17,1050,0.1532890134386843,0.06204379562043796,3,274,0,1,1,1
326,0094_s024_v0_011.jpg,94,0,24,True,16,1049,0.09023918238475642,0.056338028169014086,18,284,0,0,0,1
327,0094_s024_v1_012.jpg,94,1,24,True,16,1049,0.371727282066027,0.0855614973262032,1,187,1,1,1,1
328,0094_s024_v3_013.jpg,94,3,24,True,16,1049,0.3909210863504012,0.08333333333333333,1,192,1,1,1,1
329,0094_s024_v4_014.jpg,94,4,24,True,16,1049,0.1578359239413948,0.041343669250646,1,387,1,1,1,1
330,0094_s024_v5_015.jpg,94,5,24,True,16,1049,0.1159704507247902,0.04456824512534819,7,359,0,0,1,1
331,0094_s024_v7_016.jpg,94,7,24,True,16,1049,0.2854720161675795,0.07804878048780488,1,205,1,1,1,1
332,0094_s028_v4_017.jpg,94,4,28,True,19,1052,0.1045697983148738,0.04398148148148148,2,432,0,1,1,1
333,0094_s028_v6_018.jpg,94,6,28,True,19,1052,0.39165435575273166,0.06934306569343066,1,274,1,1,1,1
334,0094_s028_v7_019.jpg,94,7,28,True,19,1052,0.3724498588926873,0.09844559585492228,1,193,1,1,1,1
335,0096_s011_v3_010.jpg,96,3,11,True,10,1052,0.03960631133424579,0.03546099290780142,44,282,0,0,0,0
336,0096_s011_v5_011.jpg,96,5,11,True,10,1052,0.12249479717813053,0.06172839506172839,7,162,0,0,1,1
337,0096_s011_v7_012.jpg,96,7,11,True,10,1052,0.20338829621437168,0.019342359767891684,1,517,1,1,1,1
338,0096_s015_v0_000.jpg,96,0,15,True,10,1052,0.5902116031405003,0.034722222222222224,1,288,1,1,1,1
339,0096_s015_v4_001.jpg,96,4,15,True,10,1052,0.2200181675206363,0.0353356890459364,1,283,1,1,1,1
340,0096_s015_v6_002.jpg,96,6,15,True,10,1052,0.32630861114705356,0.06993006993006994,1,143,1,1,1,1
341,0096_s022_v4_003.jpg,96,4,22,True,11,1053,0.25987264633921486,0.034161490683229816,1,322,1,1,1,1
342,0096_s022_v7_004.jpg,96,7,22,True,11,1053,0.37019686694718684,0.09090909090909091,1,121,1,1,1,1
343,0096_s024_v5_005.jpg,96,5,24,True,11,1053,0.17892385003928288,0.030470914127423823,1,361,1,1,1,1
344,0096_s024_v7_006.jpg,96,7,24,True,11,1053,0.40913207453468453,0.09649122807017543,1,114,1,1,1,1
345,0096_s028_v0_007.jpg,96,0,28,True,10,1052,0.3206205221842283,0.027700831024930747,1,361,1,1,1,1
346,0096_s028_v5_008.jpg,96,5,28,True,10,1052,0.239768173245069,0.136986301369863,1,73,1,1,1,1
347,0096_s028_v7_009.jpg,96,7,28,True,10,1052,0.46587142185979386,0.06060606060606061,1,165,1,1,1,1
348,0100_s011_v1_010.jpg,100,1,11,True,10,1053,0.6815701017249005,0.35714285714285715,1,28,1,1,1,1
349,0100_s011_v4_011.jpg,100,4,11,True,10,1053,0.5460598024141028,0.24390243902439024,1,41,1,1,1,1
350,0100_s017_v0_000.jpg,100,0,17,True,9,1052,0.46470584674246,0.09782608695652174,1,92,1,1,1,1
351,0100_s017_v1_001.jpg,100,1,17,True,9,1052,0.8770180436847104,0.6428571428571429,1,14,1,1,1,1
352,0100_s017_v3_002.jpg,100,3,17,True,9,1052,0.6573970538882818,0.23684210526315788,1,38,1,1,1,1
353,0100_s025_v0_003.jpg,100,0,25,True,5,1048,0.4481092436974789,0.29411764705882354,1,17,1,1,1,1
354,0100_s025_v1_004.jpg,100,1,25,True,5,1048,0.9266666666666665,0.8333333333333334,1,6,1,1,1,1
355,0100_s025_v2_005.jpg,100,2,25,True,5,1048,0.6633333333333333,0.4166666666666667,1,12,1,1,1,1
356,0100_s025_v3_006.jpg,100,3,25,True,5,1048,0.3521019677996422,0.11627906976744186,2,43,0,1,1,1
357,0100_s025_v4_007.jpg,100,4,25,True,5,1048,0.28816085382123113,0.09433962264150944,2,53,0,1,1,1
358,0100_s025_v5_008.jpg,100,5,25,True,5,1048,0.2266852396429861,0.07042253521126761,2,71,0,1,1,1
359,0100_s025_v7_009.jpg,100,7,25,True,5,1048,0.48832866479925296,0.2777777777777778,1,18,1,1,1,1
360,0110_s011_v4_002.jpg,110,4,11,True,2,1052,0.5178571428571429,0.03571428571428571,1,56,1,1,1,1
361,0110_s011_v6_003.jpg,110,6,11,True,2,1052,0.12777777777777777,0.05555555555555555,5,36,0,1,1,1
362,0110_s011_v7_004.jpg,110,7,11,True,2,1052,1.0,1.0,1,2,1,1,1,1
363,0110_s012_v0_000.jpg,110,0,12,True,3,1053,0.44696969696969696,0.09090909090909091,1,33,1,1,1,1
364,0110_s012_v5_001.jpg,110,5,12,True,3,1053,1.0,1.0,1,3,1,1,1,1
365,0112_s012_v0_000.jpg,112,0,12,True,7,1053,0.32253168398932897,0.07446808510638298,1,94,1,1,1,1
366,0112_s012_v3_001.jpg,112,3,12,True,7,1053,0.4907575757575758,0.28,1,25,1,1,1,1
367,0112_s018_v0_002.jpg,112,0,18,True,7,1053,0.1304219301063155,0.025,2,280,0,1,1,1
368,0112_s018_v3_003.jpg,112,3,18,True,7,1053,0.5485569985569986,0.08333333333333333,1,84,1,1,1,1
369,0112_s025_v1_004.jpg,112,1,25,True,4,1050,0.13210227272727273,0.08333333333333333,11,48,0,0,0,1
370,0112_s025_v2_005.jpg,112,2,25,True,4,1050,0.022122617403934085,0.01556420233463035,40,257,0,0,0,0
371,0112_s025_v3_006.jpg,112,3,25,True,4,1050,0.15497364953886694,0.028985507246376812,3,138,0,1,1,1
372,0112_s025_v4_007.jpg,112,4,25,True,4,1050,0.050380116959064324,0.05263157894736842,30,76,0,0,0,0
373,0112_s025_v5_008.jpg,112,5,25,True,4,1050,0.05899257934141655,0.046511627906976744,26,86,0,0,0,0
374,0114_s012_v3_000.jpg,114,3,12,True,11,1053,0.6129189689848876,0.15942028985507245,1,69,1,1,1,1
375,0114_s012_v5_001.jpg,114,5,12,True,11,1053,0.7450083985192099,0.2972972972972973,1,37,1,1,1,1
376,0114_s016_v3_002.jpg,114,3,16,True,11,1053,0.5687926008847994,0.13580246913580246,1,81,1,1,1,1
377,0114_s016_v5_003.jpg,114,5,16,True,11,1053,0.7121326042378674,0.19298245614035087,1,57,1,1,1,1
378,0114_s018_v0_004.jpg,114,0,18,True,9,1051,0.5985263597776275,0.140625,1,64,1,1,1,1
379,0114_s018_v1_005.jpg,114,1,18,True,9,1051,0.8832451499118166,0.6,1,15,1,1,1,1
380,0114_s018_v2_006.jpg,114,2,18,True,9,1051,0.9380952380952381,0.6428571428571429,1,14,1,1,1,1
381,0114_s018_v6_007.jpg,114,6,18,True,9,1051,0.9214778503994191,0.5294117647058824,1,17,1,1,1,1
382,0114_s019_v0_008.jpg,114,0,19,True,8,1050,0.6727507112375534,0.21621621621621623,1,37,1,1,1,1
383,0114_s019_v1_009.jpg,114,1,19,True,8,1050,0.5838701667506015,0.11594202898550725,1,69,1,1,1,1
384,0114_s019_v2_010.jpg,114,2,19,True,8,1050,0.8258145363408521,0.38095238095238093,1,21,1,1,1,1
385,0114_s019_v4_011.jpg,114,4,19,True,8,1050,0.5016344668574804,0.16,1,50,1,1,1,1
386,0114_s019_v6_012.jpg,114,6,19,True,8,1050,0.899375,0.32,1,25,1,1,1,1
387,0116_s012_v0_000.jpg,116,0,12,True,4,1052,0.1794442117022762,0.12903225806451613,6,31,0,0,1,1
388,0116_s012_v4_001.jpg,116,4,12,True,4,1052,0.8303571428571428,0.5714285714285714,1,7,1,1,1,1
389,0116_s012_v6_002.jpg,116,6,12,True,4,1052,0.8875,0.8,1,5,1,1,1,1
390,0116_s029_v1_003.jpg,116,1,29,True,3,1051,0.2435897435897436,0.23076923076923078,3,13,0,1,1,1
391,0116_s029_v3_004.jpg,116,3,29,True,3,1051,0.49298245614035086,0.07894736842105263,1,38,1,1,1,1
392,0116_s029_v5_005.jpg,116,5,29,True,3,1051,0.532258064516129,0.0967741935483871,1,31,1,1,1,1
393,0116_s029_v7_006.jpg,116,7,29,True,3,1051,0.3277777777777778,0.25,3,12,0,1,1,1
394,0122_s012_v2_000.jpg,122,2,12,True,10,1052,0.6683076923076924,0.38461538461538464,1,26,1,1,1,1
395,0122_s012_v5_001.jpg,122,5,12,True,10,1052,0.5970571095571094,0.18181818181818182,1,55,1,1,1,1
396,0122_s012_v7_002.jpg,122,7,12,True,10,1052,0.21077263331904456,0.09174311926605505,8,109,0,0,1,1
397,0122_s013_v0_003.jpg,122,0,13,True,11,1053,0.3962698470443762,0.2391304347826087,2,46,0,1,1,1
398,0122_s013_v1_004.jpg,122,1,13,True,11,1053,0.5170695559672448,0.14473684210526316,1,76,1,1,1,1
399,0122_s025_v0_005.jpg,122,0,25,True,5,1047,0.3301351727982163,0.15625,1,32,1,1,1,1
400,0122_s025_v1_006.jpg,122,1,25,True,5,1047,0.3613704177323104,0.21739130434782608,1,23,1,1,1,1
401,0122_s025_v2_007.jpg,122,2,25,True,5,1047,0.3866397849462366,0.10416666666666667,1,48,1,1,1,1
402,0122_s025_v3_008.jpg,122,3,25,True,5,1047,0.7625,0.3125,1,16,1,1,1,1
403,0122_s025_v4_009.jpg,122,4,25,True,5,1047,0.6472413793103449,0.08620689655172414,1,58,1,1,1,1
404,0122_s025_v5_010.jpg,122,5,25,True,5,1047,0.6970588235294117,0.25,1,20,1,1,1,1
405,0122_s025_v6_011.jpg,122,6,25,True,5,1047,0.5771298593879239,0.16129032258064516,1,31,1,1,1,1
406,0122_s025_v7_012.jpg,122,7,25,True,5,1047,0.1643063878357996,0.09803921568627451,4,51,0,1,1,1
407,0127_s013_v0_000.jpg,127,0,13,True,4,1053,0.5602272727272727,0.09090909090909091,1,44,1,1,1,1
408,0127_s013_v3_001.jpg,127,3,13,True,4,1053,0.24801587301587302,0.2222222222222222,3,18,0,1,1,1
409,0127_s022_v4_002.jpg,127,4,22,True,4,1053,0.4629432624113475,0.0851063829787234,1,47,1,1,1,1
410,0127_s022_v7_003.jpg,127,7,22,True,4,1053,0.2151389308366053,0.09302325581395349,2,43,0,1,1,1
411,0127_s028_v3_004.jpg,127,3,28,True,4,1053,0.16068423604574883,0.12903225806451613,3,31,0,1,1,1
412,0127_s028_v5_005.jpg,127,5,28,True,4,1053,0.11056234828971497,0.06779661016949153,4,59,0,1,1,1
413,0129_s013_v0_000.jpg,129,0,13,True,13,1052,0.3934344239877793,0.12380952380952381,1,105,1,1,1,1
414,0129_s013_v3_001.jpg,129,3,13,True,13,1052,0.6227420126225076,0.07386363636363637,1,176,1,1,1,1
415,0129_s013_v5_002.jpg,129,5,13,True,13,1052,0.6902958447388156,0.11818181818181818,1,110,1,1,1,1
416,0129_s015_v3_003.jpg,129,3,15,True,13,1052,0.7495204525568899,0.325,1,40,1,1,1,1
417,0129_s015_v5_004.jpg,129,5,15,True,13,1052,0.6950974841813847,0.14772727272727273,1,88,1,1,1,1
418,0129_s015_v7_005.jpg,129,7,15,True,13,1052,0.582079811577066,0.1566265060240964,1,83,1,1,1,1
419,0129_s016_v1_006.jpg,129,1,16,True,14,1053,0.357761163079168,0.21875,3,64,0,1,1,1
420,0129_s016_v6_007.jpg,129,6,16,True,14,1053,0.28984457959657794,0.08536585365853659,1,164,1,1,1,1
421,0129_s023_v0_008.jpg,129,0,23,True,11,1050,0.36146751202122185,0.05092592592592592,1,216,1,1,1,1
422,0129_s023_v1_009.jpg,129,1,23,True,11,1050,0.33843815031498314,0.04700854700854701,1,234,1,1,1,1
423,0129_s023_v3_010.jpg,129,3,23,True,11,1050,0.4090274199264657,0.06077348066298342,1,181,1,1,1,1
424,0129_s023_v4_011.jpg,129,4,23,True,11,1050,0.6209101375520946,0.15492957746478872,1,71,1,1,1,1
425,0129_s023_v5_012.jpg,129,5,23,True,11,1050,0.7456436076001293,0.1,1,110,1,1,1,1
426,0129_s024_v0_013.jpg,129,0,24,True,13,1052,0.2873288557917866,0.08074534161490683,1,161,1,1,1,1
427,0129_s024_v4_014.jpg,129,4,24,True,13,1052,0.5050608876375214,0.21666666666666667,1,60,1,1,1,1
428,0129_s024_v5_015.jpg,129,5,24,True,13,1052,0.567976580727712,0.07647058823529412,1,170,1,1,1,1
429,0139_s000_v0_002.jpg,139,0,0,True,2,1047,0.011070213596564609,0.014388489208633094,129,139,0,0,0,0
430,0139_s000_v1_006.jpg,139,1,0,True,2,1047,0.016385424309122036,0.02127659574468085,87,94,0,0,0,0
431,0139_s000_v2_004.jpg,139,2,0,True,2,1047,0.009784961090390017,0.011695906432748537,127,171,0,0,0,0
432,0139_s000_v3_007.jpg,139,3,0,True,2,1047,0.03205128205128205,0.038461538461538464,39,52,0,0,0,0
433,0139_s000_v4_003.jpg,139,4,0,True,2,1047,0.02591362126245847,0.02857142857142857,43,70,0,0,0,0
434,0139_s000_v5_008.jpg,139,5,0,True,2,1047,0.014097560975609756,0.016,82,125,0,0,0,0
435,0139_s000_v6_005.jpg,139,6,0,True,2,1047,0.013533834586466165,0.017543859649122806,105,114,0,0,0,0
436,0139_s000_v7_009.jpg,139,7,0,True,2,1047,0.023314014752370917,0.0273972602739726,52,73,0,0,0,0
437,0139_s015_v1_000.jpg,139,1,15,True,8,1053,0.042519063209636915,0.06153846153846154,55,130,0,0,0,0
438,0139_s015_v7_001.jpg,139,7,15,True,8,1053,0.050018040509820005,0.05161290322580645,46,155,0,0,0,0
439,0141_s015_v0_000.jpg,141,0,15,True,5,1052,0.3893718338399189,0.10638297872340426,1,47,1,1,1,1
440,0141_s015_v3_001.jpg,141,3,15,True,5,1052,0.8261904761904761,0.7142857142857143,1,7,1,1,1,1
441,0141_s015_v5_002.jpg,141,5,15,True,5,1052,0.6977777777777778,0.5555555555555556,1,9,1,1,1,1
442,0141_s023_v0_003.jpg,141,0,23,True,3,1050,0.8666666666666667,0.6,1,5,1,1,1,1
443,0141_s023_v1_004.jpg,141,1,23,True,3,1050,0.6984126984126983,0.42857142857142855,1,7,1,1,1,1
444,0141_s023_v3_005.jpg,141,3,23,True,3,1050,0.7666666666666666,0.3,1,10,1,1,1,1
445,0141_s023_v4_006.jpg,141,4,23,True,3,1050,0.6805555555555555,0.375,1,8,1,1,1,1
446,0141_s023_v5_007.jpg,141,5,23,True,3,1050,0.6666666666666666,0.3333333333333333,1,9,1,1,1,1
447,0143_s016_v0_000.jpg,143,0,16,True,5,1051,1.0,1.0,1,5,1,1,1,1
448,0143_s016_v1_001.jpg,143,1,16,True,5,1051,1.0,1.0,1,5,1,1,1,1
449,0143_s016_v3_002.jpg,143,3,16,True,5,1051,1.0,1.0,1,5,1,1,1,1
450,0143_s016_v5_003.jpg,143,5,16,True,5,1051,1.0,1.0,1,5,1,1,1,1
451,0143_s024_v0_004.jpg,143,0,24,True,4,1050,1.0,1.0,1,4,1,1,1,1
452,0143_s024_v1_005.jpg,143,1,24,True,4,1050,1.0,1.0,1,4,1,1,1,1
453,0143_s024_v3_006.jpg,143,3,24,True,4,1050,1.0,1.0,1,4,1,1,1,1
454,0143_s024_v4_007.jpg,143,4,24,True,4,1050,1.0,1.0,1,4,1,1,1,1
455,0143_s024_v7_008.jpg,143,7,24,True,4,1050,1.0,1.0,1,4,1,1,1,1
456,0145_s016_v0_000.jpg,145,0,16,True,9,1050,0.636783791084568,0.08490566037735849,1,106,1,1,1,1
457,0145_s016_v3_001.jpg,145,3,16,True,9,1050,0.39490323029796714,0.026785714285714284,1,336,1,1,1,1
458,0145_s016_v4_002.jpg,145,4,16,True,9,1050,0.529453705052991,0.05202312138728324,1,173,1,1,1,1
459,0145_s016_v5_003.jpg,145,5,16,True,9,1050,0.5350804842762595,0.033707865168539325,1,267,1,1,1,1
460,0145_s016_v7_004.jpg,145,7,16,True,9,1050,0.4989363071487771,0.039647577092511016,1,227,1,1,1,1
461,0145_s023_v0_005.jpg,145,0,23,True,9,1050,0.04575353877359814,0.02107728337236534,22,427,0,0,0,0
462,0145_s023_v1_006.jpg,145,1,23,True,9,1050,0.6585085085085085,0.24324324324324326,1,37,1,1,1,1
463,0145_s023_v3_007.jpg,145,3,23,True,9,1050,0.6173941798941799,0.32142857142857145,1,28,1,1,1,1
464,0145_s023_v4_008.jpg,145,4,23,True,9,1050,0.6024622799132603,0.10588235294117647,1,85,1,1,1,1
465,0145_s023_v7_009.jpg,145,7,23,True,9,1050,0.12853036714644978,0.04090909090909091,8,220,0,0,1,1
466,0145_s024_v1_010.jpg,145,1,24,True,10,1051,0.5815161628638517,0.10309278350515463,1,97,1,1,1,1
467,0145_s024_v3_011.jpg,145,3,24,True,10,1051,0.7404309874522641,0.09615384615384616,1,104,1,1,1,1
468,0145_s024_v4_012.jpg,145,4,24,True,10,1051,0.6801839826839827,0.14285714285714285,1,70,1,1,1,1
469,0145_s024_v5_013.jpg,145,5,24,True,10,1051,0.6334981684981684,0.09523809523809523,1,105,1,1,1,1
470,0150_s000_v0_007.jpg,150,0,0,True,7,1047,0.060989191008589,0.027450980392156862,14,255,0,0,0,1
471,0150_s000_v1_011.jpg,150,1,0,True,7,1047,0.3860877047673043,0.06862745098039216,1,102,1,1,1,1
472,0150_s000_v2_009.jpg,150,2,0,True,7,1047,0.14580983908715003,0.058823529411764705,3,119,0,1,1,1
473,0150_s000_v3_012.jpg,150,3,0,True,7,1047,0.26859542624799543,0.05737704918032787,1,122,1,1,1,1
474,0150_s000_v4_008.jpg,150,4,0,True,7,1047,0.04693663033378314,0.023178807947019868,30,302,0,0,0,0
475,0150_s000_v5_013.jpg,150,5,0,True,7,1047,0.030494455118003645,0.018276762402088774,28,383,0,0,0,0
476,0150_s000_v6_010.jpg,150,6,0,True,7,1047,0.05369823631983456,0.047619047619047616,14,147,0,0,0,1
477,0150_s000_v7_014.jpg,150,7,0,True,7,1047,0.16212472716088117,0.05982905982905983,3,117,0,1,1,1
478,0150_s016_v1_000.jpg,150,1,16,True,12,1052,0.2342130616230361,0.02247191011235955,1,534,1,1,1,1
479,0150_s016_v4_001.jpg,150,4,16,True,12,1052,0.21191716550967044,0.05172413793103448,1,232,1,1,1,1
480,0150_s016_v7_002.jpg,150,7,16,True,12,1052,0.3267640102215869,0.07272727272727272,1,165,1,1,1,1
481,0150_s024_v0_003.jpg,150,0,24,True,11,1051,0.34199000623141507,0.04741379310344827,1,232,1,1,1,1
482,0150_s024_v1_004.jpg,150,1,24,True,11,1051,0.4052802766332256,0.10679611650485436,1,103,1,1,1,1
483,0150_s024_v3_005.jpg,150,3,24,True,11,1051,0.13023069415288388,0.10679611650485436,3,103,0,1,1,1
484,0150_s024_v7_006.jpg,150,7,24,True,11,1051,0.1654619333238804,0.02925531914893617,1,376,1,1,1,1
485,0152_s016_v1_000.jpg,152,1,16,True,3,1054,0.6095238095238095,0.42857142857142855,1,7,1,1,1,1
486,0152_s018_v3_001.jpg,152,3,18,True,1,1052,0.05263157894736842,0.05263157894736842,19,19,0,0,0,1
487,0152_s018_v5_002.jpg,152,5,18,True,1,1052,0.2,0.2,5,5,0,1,1,1
488,0152_s018_v7_003.jpg,152,7,18,True,1,1052,0.3333333333333333,0.3333333333333333,3,3,0,1,1,1
489,0160_s017_v0_000.jpg,160,0,17,True,12,1052,0.19547034285198284,0.1643835616438356,4,73,0,1,1,1
490,0160_s017_v1_001.jpg,160,1,17,True,12,1052,0.36320629284877376,0.27906976744186046,5,43,0,1,1,1
491,0160_s017_v3_002.jpg,160,3,17,True,12,1052,0.48616940627810207,0.4,2,30,0,1,1,1
492,0160_s029_v1_003.jpg,160,1,29,True,9,1049,0.31159932659932654,0.2727272727272727,2,33,0,1,1,1
493,0160_s029_v3_004.jpg,160,3,29,True,9,1049,0.3807491702228545,0.225,1,40,1,1,1,1
494,0160_s029_v4_005.jpg,160,4,29,True,9,1049,0.24755806809997022,0.14754098360655737,2,61,0,1,1,1
495,0160_s029_v5_006.jpg,160,5,29,True,9,1049,0.7674094823114431,0.36,1,25,1,1,1,1
496,0160_s029_v6_007.jpg,160,6,29,True,9,1049,0.6694026733500418,0.42857142857142855,1,21,1,1,1,1
497,0160_s029_v7_008.jpg,160,7,29,True,9,1049,0.8122895622895623,0.6428571428571429,1,14,1,1,1,1
498,0160_s030_v0_009.jpg,160,0,30,True,9,1049,0.6347396847396847,0.24324324324324326,1,37,1,1,1,1
499,0160_s030_v1_010.jpg,160,1,30,True,9,1049,0.27110794555239,0.13846153846153847,3,65,0,1,1,1
500,0160_s030_v3_011.jpg,160,3,30,True,9,1049,0.2355063558535111,0.14754098360655737,5,61,0,1,1,1
501,0160_s030_v4_012.jpg,160,4,30,True,9,1049,0.7392977392977393,0.2727272727272727,1,33,1,1,1,1
502,0160_s030_v5_013.jpg,160,5,30,True,9,1049,0.5237553220009361,0.2727272727272727,1,33,1,1,1,1
503,0160_s030_v6_014.jpg,160,6,30,True,9,1049,0.510866841270398,0.20930232558139536,1,43,1,1,1,1
504,0170_s018_v0_000.jpg,170,0,18,True,6,1053,0.07701461764929256,0.0392156862745098,12,153,0,0,0,1
505,0170_s018_v5_001.jpg,170,5,18,True,6,1053,0.4112950058072009,0.14634146341463414,3,41,0,1,1,1
506,0170_s027_v0_002.jpg,170,0,27,True,2,1049,0.03137254901960784,0.03333333333333333,34,60,0,0,0,0
507,0170_s027_v1_003.jpg,170,1,27,True,2,1049,0.05263157894736842,0.05263157894736842,19,38,0,0,0,1
508,0170_s027_v2_004.jpg,170,2,27,True,2,1049,0.012057648401826482,0.010416666666666666,73,192,0,0,0,0
509,0170_s027_v3_005.jpg,170,3,27,True,2,1049,0.022001934235976787,0.02127659574468085,44,94,0,0,0,0
510,0170_s027_v4_006.jpg,170,4,27,True,2,1049,0.03137065637065637,0.03571428571428571,37,56,0,0,0,0
511,0170_s027_v7_007.jpg,170,7,27,True,2,1049,0.03219512195121951,0.024390243902439025,25,82,0,0,0,0
512,0176_s019_v0_000.jpg,176,0,19,True,5,1051,0.2640009455758646,0.02109704641350211,1,237,1,1,1,1
513,0176_s019_v1_001.jpg,176,1,19,True,5,1051,0.9666666666666666,0.8333333333333334,1,6,1,1,1,1
514,0176_s019_v4_002.jpg,176,4,19,True,5,1051,0.11090366126510706,0.030120481927710843,9,166,0,0,1,1
515,0176_s019_v5_003.jpg,176,5,19,True,5,1051,0.5821428571428571,0.25,1,20,1,1,1,1
516,0176_s029_v1_004.jpg,176,1,29,True,4,1050,0.4151785714285714,0.125,1,32,1,1,1,1
517,0176_s029_v3_005.jpg,176,3,29,True,4,1050,0.16011324938623583,0.06557377049180328,3,61,0,1,1,1
518,0176_s029_v5_006.jpg,176,5,29,True,4,1050,0.24113984674329503,0.1111111111111111,2,36,0,1,1,1
519,0176_s029_v6_007.jpg,176,6,29,True,4,1050,0.08868433971526755,0.02857142857142857,5,140,0,1,1,1
520,0176_s029_v7_008.jpg,176,7,29,True,4,1050,0.33109354413702236,0.06060606060606061,1,66,1,1,1,1
521,0178_s019_v1_000.jpg,178,1,19,True,2,1051,0.8333333333333333,0.6666666666666666,1,3,1,1,1,1
522,0178_s019_v2_001.jpg,178,2,19,True,2,1051,0.2777777777777778,0.2222222222222222,3,9,0,1,1,1
523,0178_s019_v4_002.jpg,178,4,19,True,2,1051,0.5434782608695652,0.08695652173913043,1,23,1,1,1,1
524,0178_s019_v7_003.jpg,178,7,19,True,2,1051,0.3666666666666667,0.4,3,5,0,1,1,1
525,0178_s022_v3_004.jpg,178,3,22,True,4,1053,0.569607843137255,0.0784313725490196,1,51,1,1,1,1
526,0178_s022_v4_005.jpg,178,4,22,True,4,1053,0.7470238095238095,0.5714285714285714,1,7,1,1,1,1
527,0196_s000_v0_002.jpg,196,0,0,True,2,1052,0.021044679473343406,0.017699115044247787,41,113,0,0,0,0
528,0196_s000_v1_004.jpg,196,1,0,True,2,1052,0.5333333333333333,0.06666666666666667,1,30,1,1,1,1
529,0196_s000_v2_003.jpg,196,2,0,True,2,1052,0.025007766387076732,0.022988505747126436,37,87,0,0,0,0
530,0196_s022_v0_000.jpg,196,0,22,True,3,1053,0.11011904761904762,0.0625,8,48,0,0,1,1
531,0196_s022_v7_001.jpg,196,7,22,True,3,1053,0.06679061784897025,0.03260869565217391,16,92,0,0,0,1
532,0204_s022_v0_000.jpg,204,0,22,True,2,1051,0.08012820512820512,0.08333333333333333,13,24,0,0,0,1
533,0204_s022_v5_001.jpg,204,5,22,True,2,1051,0.25757575757575757,0.18181818181818182,3,11,0,1,1,1
534,0204_s022_v6_002.jpg,204,6,22,True,2,1051,0.7,0.4,1,5,1,1,1,1
535,0204_s022_v7_003.jpg,204,7,22,True,2,1051,0.6111111111111112,0.2222222222222222,1,9,1,1,1,1
536,0204_s024_v1_004.jpg,204,1,24,True,4,1053,0.13658008658008658,0.06060606060606061,7,66,0,0,1,1
537,0204_s024_v3_005.jpg,204,3,24,True,4,1053,0.5866279069767442,0.046511627906976744,1,86,1,1,1,1
538,0220_s023_v0_000.jpg,220,0,23,True,4,1048,0.011030376888267688,0.016,185,250,0,0,0,0
539,0220_s023_v1_001.jpg,220,1,23,True,4,1048,0.15168343653250774,0.10526315789473684,8,38,0,0,1,1
540,0220_s023_v3_002.jpg,220,3,23,True,4,1048,0.018825701965198092,0.014760147601476014,41,271,0,0,0,0
541,0220_s023_v4_003.jpg,220,4,23,True,4,1048,0.021005338788912448,0.026845637583892617,99,149,0,0,0,0
542,0220_s023_v5_004.jpg,220,5,23,True,4,1048,0.024551789566959466,0.017777777777777778,21,225,0,0,0,0
543,0220_s023_v6_005.jpg,220,6,23,True,4,1048,0.028528010132487746,0.017777777777777778,20,225,0,0,0,1
544,0220_s023_v7_006.jpg,220,7,23,True,4,1048,0.5384615384615384,0.15384615384615385,1,26,1,1,1,1
545,0220_s024_v0_007.jpg,220,0,24,True,7,1051,0.035542369636479235,0.02422145328719723,15,289,0,0,0,1
546,0220_s024_v1_008.jpg,220,1,24,True,7,1051,0.04801616789350786,0.023728813559322035,11,295,0,0,0,1
547,0220_s024_v2_009.jpg,220,2,24,True,7,1051,0.0208177228339211,0.03017241379310345,132,232,0,0,0,0
548,0220_s024_v3_010.jpg,220,3,24,True,7,1051,0.021168849787770203,0.026119402985074626,66,268,0,0,0,0
549,0228_s026_v2_000.jpg,228,2,26,True,6,1050,0.39814814814814814,0.05555555555555555,1,108,1,1,1,1
550,0228_s026_v3_001.jpg,228,3,26,True,6,1050,0.7736575481256333,0.1276595744680851,1,47,1,1,1,1
551,0228_s026_v4_002.jpg,228,4,26,True,6,1050,0.5514161220043573,0.35294117647058826,1,17,1,1,1,1
552,0228_s026_v5_003.jpg,228,5,26,True,6,1050,0.8888888888888888,0.3333333333333333,1,18,1,1,1,1
553,0228_s026_v6_004.jpg,228,6,26,True,6,1050,0.37509881422924907,0.08695652173913043,2,69,0,1,1,1
554,0228_s030_v2_005.jpg,228,2,30,True,5,1049,0.8666666666666666,0.3333333333333333,1,15,1,1,1,1
555,0228_s030_v3_006.jpg,228,3,30,True,5,1049,0.5083333333333333,0.25,1,20,1,1,1,1
556,0228_s030_v4_007.jpg,228,4,30,True,5,1049,0.4067610062893082,0.08333333333333333,1,60,1,1,1,1
557,0228_s030_v5_008.jpg,228,5,30,True,5,1049,0.590537084398977,0.21739130434782608,1,23,1,1,1,1
558,0228_s030_v6_009.jpg,228,6,30,True,5,1049,0.6388888888888888,0.2777777777777778,1,18,1,1,1,1
559,0228_s030_v7_010.jpg,228,7,30,True,5,1049,0.7416666666666666,0.625,1,8,1,1,1,1
560,0239_s028_v3_000.jpg,239,3,28,True,2,1052,0.26785714285714285,0.2857142857142857,4,7,0,1,1,1
561,0239_s028_v5_001.jpg,239,5,28,True,2,1052,0.17142857142857143,0.2,7,10,0,0,1,1
562,0239_s028_v6_002.jpg,239,6,28,True,2,1052,0.05976430976430976,0.07407407407407407,22,27,0,0,0,0
563,0239_s029_v3_003.jpg,239,3,29,True,3,1053,0.2523809523809524,0.10714285714285714,4,28,0,1,1,1
564,0239_s029_v4_004.jpg,239,4,29,True,3,1053,0.17965367965367965,0.10714285714285714,4,28,0,1,1,1
565,0241_s028_v1_000.jpg,241,1,28,True,4,1050,0.04879870949281525,0.046511627906976744,34,86,0,0,0,0
566,0241_s028_v2_001.jpg,241,2,28,True,4,1050,0.08437499999999999,0.05,16,80,0,0,0,1
567,0241_s028_v3_002.jpg,241,3,28,True,4,1050,0.05861068008961093,0.04597701149425287,28,87,0,0,0,0
568,0241_s028_v5_003.jpg,241,5,28,True,4,1050,0.03730027804458223,0.04081632653061224,37,98,0,0,0,0
569,0241_s028_v7_004.jpg,241,7,28,True,4,1050,0.031632029688419536,0.030534351145038167,34,131,0,0,0,0
570,0241_s029_v0_005.jpg,241,0,29,True,5,1051,0.04846324830378693,0.060240963855421686,17,83,0,0,0,1
571,0241_s029_v3_006.jpg,241,3,29,True,5,1051,0.16397959183673466,0.10204081632653061,4,49,0,1,1,1
572,0241_s029_v5_007.jpg,241,5,29,True,5,1051,0.2801058201058201,0.09259259259259259,2,54,0,1,1,1
573,0241_s029_v7_008.jpg,241,7,29,True,5,1051,0.07707718134263794,0.11363636363636363,20,44,0,0,0,1
574,0253_s000_v0_004.jpg,253,0,0,True,12,1050,0.04421095126668819,0.04428044280442804,54,271,0,0,0,0
575,0253_s000_v1_007.jpg,253,1,0,True,12,1050,0.036779328143931346,0.045283018867924525,80,265,0,0,0,0
576,0253_s000_v2_006.jpg,253,2,0,True,12,1050,0.04736504548750431,0.04918032786885246,32,244,0,0,0,0
577,0253_s000_v4_005.jpg,253,4,0,True,12,1050,0.03716918733755803,0.030456852791878174,48,394,0,0,0,0
578,0253_s000_v7_009.jpg,253,7,0,True,12,1050,0.023093968154714883,0.027906976744186046,113,430,0,0,0,0
579,0253_s001_v0_004.jpg,253,0,1,True,9,1047,0.05487694916037757,0.039647577092511016,10,227,0,0,1,1
580,0253_s001_v1_008.jpg,253,1,1,True,9,1047,0.04900651611974691,0.046153846153846156,21,195,0,0,0,0
581,0253_s001_v2_006.jpg,253,2,1,True,9,1047,0.060574250595112566,0.023622047244094488,11,381,0,0,0,1
582,0253_s001_v3_009.jpg,253,3,1,True,9,1047,0.06351613738914953,0.075,42,120,0,0,0,0
583,0253_s001_v4_005.jpg,253,4,1,True,9,1047,0.06998941947770808,0.028846153846153848,5,312,0,1,1,1
584,0253_s001_v5_010.jpg,253,5,1,True,9,1047,0.07414953442882441,0.019650655021834062,9,458,0,0,1,1
585,0253_s001_v6_007.jpg,253,6,1,True,9,1047,0.039577197385497184,0.017892644135188866,18,503,0,0,0,1
586,0253_s001_v7_011.jpg,253,7,1,True,9,1047,0.052378574885010985,0.03272727272727273,18,275,0,0,0,1
587,0253_s030_v1_000.jpg,253,1,30,True,13,1051,0.1504275601392477,0.01793103448275862,2,725,0,1,1,1
588,0253_s030_v3_001.jpg,253,3,30,True,13,1051,0.09074010819900641,0.0273109243697479,10,476,0,0,1,1
589,0253_s030_v5_002.jpg,253,5,30,True,13,1051,0.2270778597926057,0.040625,2,320,0,1,1,1
590,0253_s030_v7_003.jpg,253,7,30,True,13,1051,0.07392389143914824,0.02195945945945946,16,592,0,0,0,1
