query_index,name,identity,camera,scene,valid,relevant_gallery,kept_gallery,AP,INP,first_match,last_match,Rank-1,Rank-5,Rank-10,Rank-20
0,000258_cam1_0_00.jpg,258,0,-1,True,20,826,1.0,1.0,1,20,1,1,1,1
1,000258_cam1_0_01.jpg,258,0,-1,True,20,826,0.9951190476190476,0.9523809523809523,1,21,1,1,1,1
2,000258_cam1_0_02.jpg,258,0,-1,True,20,826,1.0,1.0,1,20,1,1,1,1
3,000258_cam1_0_03.jpg,258,0,-1,True,20,826,1.0,1.0,1,20,1,1,1,1
4,000258_cam1_0_04.jpg,258,0,-1,True,20,826,0.9730608076563957,0.8333333333333334,1,24,1,1,1,1
5,000258_cam1_0_05.jpg,258,0,-1,True,20,826,0.9951190476190476,0.9523809523809523,1,21,1,1,1,1
6,000258_cam1_0_06.jpg,258,0,-1,True,20,826,1.0,1.0,1,20,1,1,1,1
7,000258_cam1_0_07.jpg,258,0,-1,True,20,826,1.0,1.0,1,20,1,1,1,1
8,000258_cam1_0_08.jpg,258,0,-1,True,20,826,1.0,1.0,1,20,1,1,1,1
9,000258_cam1_0_09.jpg,258,0,-1,True,20,826,1.0,1.0,1,20,1,1,1,1
10,000258_cam2_0_00.jpg,258,1,-1,True,10,816,1.0,1.0,1,10,1,1,1,1
11,000258_cam2_0_01.jpg,258,1,-1,True,10,816,1.0,1.0,1,10,1,1,1,1
12,000258_cam2_0_02.jpg,258,1,-1,True,10,816,1.0,1.0,1,10,1,1,1,1
13,000258_cam2_0_03.jpg,258,1,-1,True,10,816,1.0,1.0,1,10,1,1,1,1
14,000258_cam2_0_04.jpg,258,1,-1,True,10,816,1.0,1.0,1,10,1,1,1,1
15,000258_cam2_0_05.jpg,258,1,-1,True,10,816,1.0,1.0,1,10,1,1,1,1
16,000258_cam2_0_06.jpg,258,1,-1,True,10,816,1.0,1.0,1,10,1,1,1,1
17,000258_cam2_0_07.jpg,258,1,-1,True,10,816,1.0,1.0,1,10,1,1,1,1
18,000258_cam2_0_08.jpg,258,1,-1,True,10,816,1.0,1.0,1,10,1,1,1,1
19,000258_cam2_0_09.jpg,258,1,-1,True,10,816,1.0,1.0,1,10,1,1,1,1
20,000258_cam2_0_10.jpg,258,1,-1,True,10,816,1.0,1.0,1,10,1,1,1,1
21,000258_cam2_0_11.jpg,258,1,-1,True,10,816,1.0,1.0,1,10,1,1,1,1
22,000258_cam2_0_12.jpg,258,1,-1,True,10,816,1.0,1.0,1,10,1,1,1,1
23,000258_cam2_0_13.jpg,258,1,-1,True,10,816,1.0,1.0,1,10,1,1,1,1
24,000258_cam2_0_14.jpg,258,1,-1,True,10,816,1.0,1.0,1,10,1,1,1,1
25,000258_cam2_0_15.jpg,258,1,-1,True,10,816,1.0,1.0,1,10,1,1,1,1
26,000258_cam2_0_16.jpg,258,1,-1,True,10,816,1.0,1.0,1,10,1,1,1,1
27,000258_cam2_0_17.jpg,258,1,-1,True,10,816,1.0,1.0,1,10,1,1,1,1
28,000258_cam2_0_18.jpg,258,1,-1,True,10,816,1.0,1.0,1,10,1,1,1,1
29,000258_cam2_0_19.jpg,258,1,-1,True,10,816,1.0,1.0,1,10,1,1,1,1
30,000260_cam1_0_00.jpg,260,0,-1,True,21,827,0.6137606213102754,0.42857142857142855,1,49,1,1,1,1
31,000260_cam1_0_01.jpg,260,0,-1,True,21,827,0.7667737956466938,0.42857142857142855,1,49,1,1,1,1
32,000260_cam1_0_02.jpg,260,0,-1,True,21,827,0.48375974809293015,0.39622641509433965,1,53,1,1,1,1
33,000260_cam1_0_03.jpg,260,0,-1,True,21,827,0.6251889148767519,0.3088235294117647,1,68,1,1,1,1
34,000260_cam1_0_04.jpg,260,0,-1,True,21,827,0.5335518881656538,0.42,1,50,1,1,1,1
35,000260_cam1_0_05.jpg,260,0,-1,True,21,827,0.5250224236457498,0.44680851063829785,4,47,0,1,1,1
36,000260_cam1_0_06.jpg,260,0,-1,True,21,827,0.9169015566270534,0.6363636363636364,1,33,1,1,1,1
37,000260_cam1_0_07.jpg,260,0,-1,True,21,827,0.5798640120304741,0.2625,1,80,1,1,1,1
38,000260_cam1_0_08.jpg,260,0,-1,True,21,827,0.9915302089215133,0.9130434782608695,1,23,1,1,1,1
39,000260_cam2_0_00.jpg,260,1,-1,True,9,815,0.8567901234567902,0.6428571428571429,1,14,1,1,1,1
40,000260_cam2_0_01.jpg,260,1,-1,True,9,815,0.9092953342953343,0.8181818181818182,1,11,1,1,1,1
41,000260_cam2_0_02.jpg,260,1,-1,True,9,815,1.0,1.0,1,9,1,1,1,1
42,000260_cam2_0_03.jpg,260,1,-1,True,9,815,0.7530034235916588,0.5294117647058824,1,17,1,1,1,1
43,000260_cam2_0_04.jpg,260,1,-1,True,9,815,0.7231762065095398,0.5,1,18,1,1,1,1
44,000260_cam2_0_05.jpg,260,1,-1,True,9,815,0.7046576879910212,0.5,1,18,1,1,1,1
45,000260_cam2_0_06.jpg,260,1,-1,True,9,815,0.7383828589710942,0.5294117647058824,1,17,1,1,1,1
46,000260_cam2_0_07.jpg,260,1,-1,True,9,815,0.7937229437229436,0.6,1,15,1,1,1,1
47,000260_cam2_0_08.jpg,260,1,-1,True,9,815,0.5732973816307149,0.3333333333333333,1,27,1,1,1,1
48,000260_cam2_0_09.jpg,260,1,-1,True,9,815,0.4070202781967488,0.2647058823529412,1,34,1,1,1,1
49,000260_cam2_0_10.jpg,260,1,-1,True,9,815,0.2071271537748451,0.17647058823529413,4,51,0,1,1,1
50,000260_cam2_0_11.jpg,260,1,-1,True,9,815,0.4080186911539487,0.2903225806451613,1,31,1,1,1,1
51,000260_cam2_0_12.jpg,260,1,-1,True,9,815,0.23213244290142476,0.14754098360655737,2,61,0,1,1,1
52,000260_cam2_0_13.jpg,260,1,-1,True,9,815,0.19810622084978186,0.15,2,60,0,1,1,1
53,000260_cam2_0_14.jpg,260,1,-1,True,9,815,0.12876746488364196,0.11688311688311688,4,77,0,1,1,1
54,000260_cam2_0_15.jpg,260,1,-1,True,9,815,0.23366584743777727,0.18,2,50,0,1,1,1
55,000260_cam2_0_16.jpg,260,1,-1,True,9,815,0.19410653524184307,0.1875,4,48,0,1,1,1
56,000260_cam2_0_17.jpg,260,1,-1,True,9,815,0.2529942425171894,0.28125,2,32,0,1,1,1
57,000260_cam2_0_18.jpg,260,1,-1,True,9,815,0.264563611457522,0.28125,2,32,0,1,1,1
58,000260_cam2_0_19.jpg,260,1,-1,True,9,815,0.24300317328831525,0.21951219512195122,2,41,0,1,1,1
59,000260_cam2_0_20.jpg,260,1,-1,True,9,815,0.3588333298478226,0.3333333333333333,2,27,0,1,1,1
60,000269_cam1_0_00.jpg,269,0,-1,True,16,827,1.0,1.0,1,16,1,1,1,1
61,000269_cam1_0_01.jpg,269,0,-1,True,16,827,1.0,1.0,1,16,1,1,1,1
62,000269_cam1_0_02.jpg,269,0,-1,True,16,827,1.0,1.0,1,16,1,1,1,1
63,000269_cam1_0_03.jpg,269,0,-1,True,16,827,1.0,1.0,1,16,1,1,1,1
64,000269_cam1_0_04.jpg,269,0,-1,True,16,827,1.0,1.0,1,16,1,1,1,1
65,000269_cam1_0_05.jpg,269,0,-1,True,16,827,1.0,1.0,1,16,1,1,1,1
66,000269_cam1_0_06.jpg,269,0,-1,True,16,827,1.0,1.0,1,16,1,1,1,1
67,000269_cam1_0_07.jpg,269,0,-1,True,16,827,1.0,1.0,1,16,1,1,1,1
68,000269_cam1_0_08.jpg,269,0,-1,True,16,827,1.0,1.0,1,16,1,1,1,1
69,000269_cam2_0_00.jpg,269,1,-1,True,9,820,0.3375250866630177,0.3103448275862069,4,29,0,1,1,1
70,000269_cam2_0_01.jpg,269,1,-1,True,9,820,0.22952642597321418,0.3103448275862069,10,29,0,0,1,1
71,000269_cam2_0_02.jpg,269,1,-1,True,9,820,0.9301146384479719,0.75,1,12,1,1,1,1
72,000269_cam2_0_03.jpg,269,1,-1,True,9,820,1.0,1.0,1,9,1,1,1,1
73,000269_cam2_0_04.jpg,269,1,-1,True,9,820,1.0,1.0,1,9,1,1,1,1
74,000269_cam2_0_05.jpg,269,1,-1,True,9,820,0.7320987654320987,0.5,1,18,1,1,1,1
75,000269_cam2_0_06.jpg,269,1,-1,True,9,820,0.9765432098765433,0.9,1,10,1,1,1,1
76,000269_cam2_0_07.jpg,269,1,-1,True,9,820,1.0,1.0,1,9,1,1,1,1
77,000269_cam2_0_08.jpg,269,1,-1,True,9,820,1.0,1.0,1,9,1,1,1,1
78,000269_cam2_0_09.jpg,269,1,-1,True,9,820,1.0,1.0,1,9,1,1,1,1
79,000269_cam2_0_10.jpg,269,1,-1,True,9,820,0.9436868686868686,0.8181818181818182,1,11,1,1,1,1
80,000269_cam2_0_11.jpg,269,1,-1,True,9,820,1.0,1.0,1,9,1,1,1,1
81,000269_cam2_0_12.jpg,269,1,-1,True,9,820,0.9051066217732884,0.8181818181818182,1,11,1,1,1,1
82,000269_cam2_0_13.jpg,269,1,-1,True,9,820,1.0,1.0,1,9,1,1,1,1
83,000269_cam2_0_14.jpg,269,1,-1,True,9,820,1.0,1.0,1,9,1,1,1,1
84,000269_cam2_0_15.jpg,269,1,-1,True,9,820,1.0,1.0,1,9,1,1,1,1
85,000270_cam1_0_00.jpg,270,0,-1,True,10,829,1.0,1.0,1,10,1,1,1,1
86,000270_cam1_0_01.jpg,270,0,-1,True,10,829,1.0,1.0,1,10,1,1,1,1
87,000270_cam1_0_02.jpg,270,0,-1,True,10,829,1.0,1.0,1,10,1,1,1,1
88,000270_cam1_0_03.jpg,270,0,-1,True,10,829,1.0,1.0,1,10,1,1,1,1
89,000270_cam1_0_04.jpg,270,0,-1,True,10,829,1.0,1.0,1,10,1,1,1,1
90,000270_cam1_0_05.jpg,270,0,-1,True,10,829,1.0,1.0,1,10,1,1,1,1
91,000270_cam1_0_06.jpg,270,0,-1,True,10,829,1.0,1.0,1,10,1,1,1,1
92,000270_cam2_0_00.jpg,270,1,-1,True,7,826,1.0,1.0,1,7,1,1,1,1
93,000270_cam2_0_01.jpg,270,1,-1,True,7,826,1.0,1.0,1,7,1,1,1,1
94,000270_cam2_0_02.jpg,270,1,-1,True,7,826,1.0,1.0,1,7,1,1,1,1
95,000270_cam2_0_03.jpg,270,1,-1,True,7,826,1.0,1.0,1,7,1,1,1,1
96,000270_cam2_0_04.jpg,270,1,-1,True,7,826,1.0,1.0,1,7,1,1,1,1
97,000270_cam2_0_05.jpg,270,1,-1,True,7,826,1.0,1.0,1,7,1,1,1,1
98,000270_cam2_0_06.jpg,270,1,-1,True,7,826,1.0,1.0,1,7,1,1,1,1
99,000270_cam2_0_07.jpg,270,1,-1,True,7,826,1.0,1.0,1,7,1,1,1,1
100,000270_cam2_0_08.jpg,270,1,-1,True,7,826,0.9682539682539683,0.7777777777777778,1,9,1,1,1,1
101,000270_cam2_0_09.jpg,270,1,-1,True,7,826,1.0,1.0,1,7,1,1,1,1
102,000271_cam1_0_00.jpg,271,0,-1,True,16,826,1.0,1.0,1,16,1,1,1,1
103,000271_cam1_0_01.jpg,271,0,-1,True,16,826,0.9381529673349526,0.9411764705882353,1,17,1,1,1,1
104,000271_cam1_0_02.jpg,271,0,-1,True,16,826,1.0,1.0,1,16,1,1,1,1
105,000271_cam1_0_03.jpg,271,0,-1,True,16,826,0.9648205093517593,0.8888888888888888,1,18,1,1,1,1
106,000271_cam1_0_04.jpg,271,0,-1,True,16,826,0.9963235294117647,0.9411764705882353,1,17,1,1,1,1
107,000271_cam1_0_05.jpg,271,0,-1,True,16,826,0.9680884832079686,0.9411764705882353,1,17,1,1,1,1
108,000271_cam1_0_06.jpg,271,0,-1,True,16,826,0.7303966468358652,0.34782608695652173,2,46,0,1,1,1
109,000271_cam1_0_07.jpg,271,0,-1,True,16,826,0.8600238707156276,0.64,1,25,1,1,1,1
110,000271_cam1_0_08.jpg,271,0,-1,True,16,826,0.65351994449516,0.27586206896551724,1,58,1,1,1,1
111,000271_cam1_0_09.jpg,271,0,-1,True,16,826,0.6019620588501033,0.27586206896551724,3,58,0,1,1,1
112,000271_cam2_0_00.jpg,271,1,-1,True,10,820,0.5759288061102577,0.2857142857142857,1,35,1,1,1,1
113,000271_cam2_0_01.jpg,271,1,-1,True,10,820,0.7053275196378644,0.2702702702702703,1,37,1,1,1,1
114,000271_cam2_0_02.jpg,271,1,-1,True,10,820,0.8416302016302015,0.2702702702702703,1,37,1,1,1,1
115,000271_cam2_0_03.jpg,271,1,-1,True,10,820,0.6994764720374477,0.2222222222222222,1,45,1,1,1,1
116,000271_cam2_0_04.jpg,271,1,-1,True,10,820,0.6275523507500252,0.23255813953488372,1,43,1,1,1,1
117,000271_cam2_0_05.jpg,271,1,-1,True,10,820,0.7127413127413127,0.2702702702702703,1,37,1,1,1,1
118,000271_cam2_0_06.jpg,271,1,-1,True,10,820,0.8433621933621934,0.2777777777777778,1,36,1,1,1,1
119,000271_cam2_0_07.jpg,271,1,-1,True,10,820,0.8055844155844156,0.22727272727272727,1,44,1,1,1,1
120,000271_cam2_0_08.jpg,271,1,-1,True,10,820,0.8318678160919541,0.20833333333333334,1,48,1,1,1,1
121,000271_cam2_0_09.jpg,271,1,-1,True,10,820,0.8083963365910629,0.30303030303030304,1,33,1,1,1,1
122,000271_cam2_0_10.jpg,271,1,-1,True,10,820,0.7833528790050529,0.3333333333333333,1,30,1,1,1,1
123,000271_cam2_0_11.jpg,271,1,-1,True,10,820,0.8796264855687606,0.3225806451612903,1,31,1,1,1,1
124,000271_cam2_0_12.jpg,271,1,-1,True,10,820,0.814027149321267,0.29411764705882354,1,34,1,1,1,1
125,000271_cam2_0_13.jpg,271,1,-1,True,10,820,0.8665530303030303,0.30303030303030304,1,33,1,1,1,1
126,000271_cam2_0_14.jpg,271,1,-1,True,10,820,0.9488235294117647,0.5882352941176471,1,17,1,1,1,1
127,000271_cam2_0_15.jpg,271,1,-1,True,10,820,0.7880492859282932,0.29411764705882354,1,34,1,1,1,1
128,000272_cam1_0_00.jpg,272,0,-1,True,15,826,0.9551098901098901,0.625,1,24,1,1,1,1
129,000272_cam1_0_01.jpg,272,0,-1,True,15,826,0.9465649165649166,0.7142857142857143,1,21,1,1,1,1
130,000272_cam1_0_02.jpg,272,0,-1,True,15,826,0.8276946731625275,0.5172413793103449,1,29,1,1,1,1
131,000272_cam1_0_03.jpg,272,0,-1,True,15,826,0.8206457769757002,0.5,1,30,1,1,1,1
132,000272_cam1_0_04.jpg,272,0,-1,True,15,826,0.8870643082407791,0.5769230769230769,1,26,1,1,1,1
133,000272_cam1_0_05.jpg,272,0,-1,True,15,826,0.9454742387478962,0.6521739130434783,1,23,1,1,1,1
134,000272_cam1_0_06.jpg,272,0,-1,True,15,826,0.8396679126774024,0.5555555555555556,1,27,1,1,1,1
135,000272_cam1_0_07.jpg,272,0,-1,True,15,826,0.9888888888888889,0.8333333333333334,1,18,1,1,1,1
136,000272_cam1_0_08.jpg,272,0,-1,True,15,826,0.9349247049247048,0.5555555555555556,1,27,1,1,1,1
137,000272_cam1_0_09.jpg,272,0,-1,True,15,826,1.0,1.0,1,15,1,1,1,1
138,000272_cam2_0_00.jpg,272,1,-1,True,10,821,0.7206521447900758,0.3448275862068966,1,29,1,1,1,1
139,000272_cam2_0_01.jpg,272,1,-1,True,10,821,0.2647487556726687,0.20833333333333334,8,48,0,0,1,1
140,000272_cam2_0_02.jpg,272,1,-1,True,10,821,0.33682228298017775,0.2631578947368421,2,38,0,1,1,1
141,000272_cam2_0_03.jpg,272,1,-1,True,10,821,0.41908128152693375,0.21739130434782608,1,46,1,1,1,1
142,000272_cam2_0_04.jpg,272,1,-1,True,10,821,0.3634190017484028,0.17543859649122806,1,57,1,1,1,1
143,000272_cam2_0_05.jpg,272,1,-1,True,10,821,0.18008079516391537,0.10869565217391304,8,92,0,0,1,1
144,000272_cam2_0_06.jpg,272,1,-1,True,10,821,0.3119308095601199,0.11494252873563218,1,87,1,1,1,1
145,000272_cam2_0_07.jpg,272,1,-1,True,10,821,0.410479921873676,0.11235955056179775,1,89,1,1,1,1
146,000272_cam2_0_08.jpg,272,1,-1,True,10,821,0.36061362410199616,0.1282051282051282,2,78,0,1,1,1
147,000272_cam2_0_09.jpg,272,1,-1,True,10,821,0.12188124139569478,0.0684931506849315,6,146,0,0,1,1
148,000272_cam2_0_10.jpg,272,1,-1,True,10,821,0.403060538637164,0.09615384615384616,1,104,1,1,1,1
149,000272_cam2_0_11.jpg,272,1,-1,True,10,821,0.4652836191953652,0.12048192771084337,1,83,1,1,1,1
150,000272_cam2_0_12.jpg,272,1,-1,True,10,821,0.29036850046273904,0.10204081632653061,2,98,0,1,1,1
151,000272_cam2_0_13.jpg,272,1,-1,True,10,821,1.0,1.0,1,10,1,1,1,1
152,000272_cam2_0_14.jpg,272,1,-1,True,10,821,0.6987471352177235,0.23809523809523808,1,42,1,1,1,1
153,000273_cam1_0_00.jpg,273,0,-1,True,16,826,1.0,1.0,1,16,1,1,1,1
154,000273_cam1_0_01.jpg,273,0,-1,True,16,826,1.0,1.0,1,16,1,1,1,1
155,000273_cam1_0_02.jpg,273,0,-1,True,16,826,1.0,1.0,1,16,1,1,1,1
156,000273_cam1_0_03.jpg,273,0,-1,True,16,826,1.0,1.0,1,16,1,1,1,1
157,000273_cam1_0_04.jpg,273,0,-1,True,16,826,1.0,1.0,1,16,1,1,1,1
158,000273_cam1_0_05.jpg,273,0,-1,True,16,826,1.0,1.0,1,16,1,1,1,1
159,000273_cam1_0_06.jpg,273,0,-1,True,16,826,1.0,1.0,1,16,1,1,1,1
160,000273_cam1_0_07.jpg,273,0,-1,True,16,826,1.0,1.0,1,16,1,1,1,1
161,000273_cam1_0_08.jpg,273,0,-1,True,16,826,1.0,1.0,1,16,1,1,1,1
162,000273_cam1_0_09.jpg,273,0,-1,True,16,826,1.0,1.0,1,16,1,1,1,1
163,000273_cam2_0_00.jpg,273,1,-1,True,10,820,1.0,1.0,1,10,1,1,1,1
164,000273_cam2_0_01.jpg,273,1,-1,True,10,820,1.0,1.0,1,10,1,1,1,1
165,000273_cam2_0_02.jpg,273,1,-1,True,10,820,1.0,1.0,1,10,1,1,1,1
166,000273_cam2_0_03.jpg,273,1,-1,True,10,820,1.0,1.0,1,10,1,1,1,1
167,000273_cam2_0_04.jpg,273,1,-1,True,10,820,1.0,1.0,1,10,1,1,1,1
168,000273_cam2_0_05.jpg,273,1,-1,True,10,820,1.0,1.0,1,10,1,1,1,1
169,000273_cam2_0_06.jpg,273,1,-1,True,10,820,1.0,1.0,1,10,1,1,1,1
170,000273_cam2_0_07.jpg,273,1,-1,True,10,820,1.0,1.0,1,10,1,1,1,1
171,000273_cam2_0_08.jpg,273,1,-1,True,10,820,1.0,1.0,1,10,1,1,1,1
172,000273_cam2_0_09.jpg,273,1,-1,True,10,820,1.0,1.0,1,10,1,1,1,1
173,000273_cam2_0_10.jpg,273,1,-1,True,10,820,1.0,1.0,1,10,1,1,1,1
174,000273_cam2_0_11.jpg,273,1,-1,True,10,820,0.9525,0.625,1,16,1,1,1,1
175,000273_cam2_0_12.jpg,273,1,-1,True,10,820,1.0,1.0,1,10,1,1,1,1
176,000273_cam2_0_13.jpg,273,1,-1,True,10,820,1.0,1.0,1,10,1,1,1,1
177,000273_cam2_0_14.jpg,273,1,-1,True,10,820,0.9909090909090909,0.9090909090909091,1,11,1,1,1,1
178,000273_cam2_0_15.jpg,273,1,-1,True,10,820,1.0,1.0,1,10,1,1,1,1
179,000274_cam1_0_00.jpg,274,0,-1,True,19,825,0.9643175735950044,0.3220338983050847,1,59,1,1,1,1
180,000274_cam1_0_01.jpg,274,0,-1,True,19,825,0.48838667691344595,0.12258064516129032,2,155,0,1,1,1
181,000274_cam1_0_02.jpg,274,0,-1,True,19,825,0.8012346581387007,0.11801242236024845,1,161,1,1,1,1
182,000274_cam1_0_03.jpg,274,0,-1,True,19,825,0.8983344101083702,0.19791666666666666,1,96,1,1,1,1
183,000274_cam1_0_04.jpg,274,0,-1,True,19,825,0.5811070890672202,0.19791666666666666,1,96,1,1,1,1
184,000274_cam1_0_05.jpg,274,0,-1,True,19,825,0.9081767217990129,0.24675324675324675,1,77,1,1,1,1
185,000274_cam1_0_06.jpg,274,0,-1,True,19,825,0.23922371907981616,0.168141592920354,2,113,0,1,1,1
186,000274_cam1_0_07.jpg,274,0,-1,True,19,825,0.8240830939289587,0.1958762886597938,1,97,1,1,1,1
187,000274_cam1_0_08.jpg,274,0,-1,True,19,825,0.8557621959730499,0.2835820895522388,1,67,1,1,1,1
188,000274_cam1_0_09.jpg,274,0,-1,True,19,825,0.8595027556752228,0.27941176470588236,1,68,1,1,1,1
189,000274_cam1_0_10.jpg,274,0,-1,True,19,825,0.20467954637496186,0.084070796460177,2,226,0,1,1,1
190,000274_cam2_0_00.jpg,274,1,-1,True,11,817,1.0,1.0,1,11,1,1,1,1
191,000274_cam2_0_01.jpg,274,1,-1,True,11,817,0.7616531165311653,0.06707317073170732,1,164,1,1,1,1
192,000274_cam2_0_02.jpg,274,1,-1,True,11,817,0.8474024745544667,0.102803738317757,1,107,1,1,1,1
193,000274_cam2_0_03.jpg,274,1,-1,True,11,817,0.8604433978313619,0.07746478873239436,1,142,1,1,1,1
194,000274_cam2_0_04.jpg,274,1,-1,True,11,817,0.7571008260032649,0.05365853658536585,1,205,1,1,1,1
195,000274_cam2_0_05.jpg,274,1,-1,True,11,817,0.8954081632653061,0.22448979591836735,1,49,1,1,1,1
196,000274_cam2_0_06.jpg,274,1,-1,True,11,817,0.8449429358520267,0.0873015873015873,1,126,1,1,1,1
197,000274_cam2_0_07.jpg,274,1,-1,True,11,817,0.8614020388213938,0.11827956989247312,1,93,1,1,1,1
198,000274_cam2_0_08.jpg,274,1,-1,True,11,817,0.8795551670551671,0.052884615384615384,1,208,1,1,1,1
199,000274_cam2_0_09.jpg,274,1,-1,True,11,817,0.8790106951871657,0.08088235294117647,1,136,1,1,1,1
200,000274_cam2_0_10.jpg,274,1,-1,True,11,817,0.8574175861003998,0.08029197080291971,1,137,1,1,1,1
201,000274_cam2_0_11.jpg,274,1,-1,True,11,817,0.8044637905614695,0.11702127659574468,1,94,1,1,1,1
202,000274_cam2_0_12.jpg,274,1,-1,True,11,817,0.6789587646231003,0.0650887573964497,1,169,1,1,1,1
203,000274_cam2_0_13.jpg,274,1,-1,True,11,817,0.6531857781857782,0.05238095238095238,1,210,1,1,1,1
204,000274_cam2_0_14.jpg,274,1,-1,True,11,817,0.8485819735819736,0.07051282051282051,1,156,1,1,1,1
205,000274_cam2_0_15.jpg,274,1,-1,True,11,817,0.42995116080471313,0.05670103092783505,1,194,1,1,1,1
206,000274_cam2_0_16.jpg,274,1,-1,True,11,817,0.32626640748675173,0.05365853658536585,5,205,0,1,1,1
207,000274_cam2_0_17.jpg,274,1,-1,True,11,817,0.3554559863383393,0.05392156862745098,1,204,1,1,1,1
208,000274_cam2_0_18.jpg,274,1,-1,True,11,817,0.13460664328694052,0.05092592592592592,16,216,0,0,0,1
209,000275_cam1_0_00.jpg,275,0,-1,True,15,821,1.0,1.0,1,15,1,1,1,1
210,000275_cam1_0_01.jpg,275,0,-1,True,15,821,1.0,1.0,1,15,1,1,1,1
211,000275_cam1_0_02.jpg,275,0,-1,True,15,821,1.0,1.0,1,15,1,1,1,1
212,000275_cam1_0_03.jpg,275,0,-1,True,15,821,0.8508630979157296,0.5769230769230769,1,26,1,1,1,1
213,000275_cam1_0_04.jpg,275,0,-1,True,15,821,0.9206546231546231,0.6818181818181818,1,22,1,1,1,1
214,000275_cam1_0_05.jpg,275,0,-1,True,15,821,0.9757936507936509,0.8333333333333334,1,18,1,1,1,1
215,000275_cam1_0_06.jpg,275,0,-1,True,15,821,0.9561904761904761,0.7142857142857143,1,21,1,1,1,1
216,000275_cam1_0_07.jpg,275,0,-1,True,15,821,1.0,1.0,1,15,1,1,1,1
217,000275_cam1_0_08.jpg,275,0,-1,True,15,821,1.0,1.0,1,15,1,1,1,1
218,000275_cam1_0_09.jpg,275,0,-1,True,15,821,1.0,1.0,1,15,1,1,1,1
219,000275_cam1_0_10.jpg,275,0,-1,True,15,821,1.0,1.0,1,15,1,1,1,1
220,000275_cam1_0_11.jpg,275,0,-1,True,15,821,1.0,1.0,1,15,1,1,1,1
221,000275_cam1_0_12.jpg,275,0,-1,True,15,821,0.9757936507936509,0.8333333333333334,1,18,1,1,1,1
222,000275_cam1_0_13.jpg,275,0,-1,True,15,821,0.9877124183006536,0.8823529411764706,1,17,1,1,1,1
223,000275_cam1_0_14.jpg,275,0,-1,True,15,821,0.9958333333333333,0.9375,1,16,1,1,1,1
224,000275_cam2_0_00.jpg,275,1,-1,True,15,821,0.9958333333333333,0.9375,1,16,1,1,1,1
225,000275_cam2_0_01.jpg,275,1,-1,True,15,821,0.8969157722301737,0.5172413793103449,1,29,1,1,1,1
226,000275_cam2_0_02.jpg,275,1,-1,True,15,821,0.9844444444444445,0.8333333333333334,1,18,1,1,1,1
227,000275_cam2_0_03.jpg,275,1,-1,True,15,821,0.9665384615384617,0.8333333333333334,1,18,1,1,1,1
228,000275_cam2_0_04.jpg,275,1,-1,True,15,821,0.9913888888888889,0.9375,1,16,1,1,1,1
229,000275_cam2_0_05.jpg,275,1,-1,True,15,821,1.0,1.0,1,15,1,1,1,1
230,000275_cam2_0_06.jpg,275,1,-1,True,15,821,0.8168116590697238,0.4838709677419355,1,31,1,1,1,1
231,000275_cam2_0_07.jpg,275,1,-1,True,15,821,0.9260598660598661,0.5357142857142857,1,28,1,1,1,1
232,000275_cam2_0_08.jpg,275,1,-1,True,15,821,0.8136044347809055,0.6,1,25,1,1,1,1
233,000275_cam2_0_09.jpg,275,1,-1,True,15,821,1.0,1.0,1,15,1,1,1,1
234,000275_cam2_0_10.jpg,275,1,-1,True,15,821,1.0,1.0,1,15,1,1,1,1
235,000275_cam2_0_11.jpg,275,1,-1,True,15,821,1.0,1.0,1,15,1,1,1,1
236,000275_cam2_0_12.jpg,275,1,-1,True,15,821,1.0,1.0,1,15,1,1,1,1
237,000275_cam2_0_13.jpg,275,1,-1,True,15,821,1.0,1.0,1,15,1,1,1,1
238,000275_cam2_0_14.jpg,275,1,-1,True,15,821,1.0,1.0,1,15,1,1,1,1
239,000276_cam1_0_00.jpg,276,0,-1,True,15,821,0.9877124183006536,0.8823529411764706,1,17,1,1,1,1
240,000276_cam1_0_01.jpg,276,0,-1,True,15,821,0.21795440218318463,0.18292682926829268,8,82,0,0,1,1
241,000276_cam1_0_02.jpg,276,0,-1,True,15,821,0.15079670807973306,0.14563106796116504,21,103,0,0,0,0
242,000276_cam1_0_03.jpg,276,0,-1,True,15,821,0.9201271704573245,0.3191489361702128,1,47,1,1,1,1
243,000276_cam1_0_04.jpg,276,0,-1,True,15,821,0.9005070876835582,0.5,1,30,1,1,1,1
244,000276_cam1_0_05.jpg,276,0,-1,True,15,821,0.8970270270270271,0.40540540540540543,1,37,1,1,1,1
245,000276_cam1_0_06.jpg,276,0,-1,True,15,821,0.8137841178230195,0.45454545454545453,1,33,1,1,1,1
246,000276_cam1_0_07.jpg,276,0,-1,True,15,821,0.8571509971509973,0.2777777777777778,1,54,1,1,1,1
247,000276_cam1_0_08.jpg,276,0,-1,True,15,821,0.35612836494173034,0.1,1,150,1,1,1,1
248,000276_cam1_0_09.jpg,276,0,-1,True,15,821,0.5942559931554544,0.36585365853658536,1,41,1,1,1,1
249,000276_cam1_0_10.jpg,276,0,-1,True,15,821,0.2865808771007852,0.12195121951219512,4,123,0,1,1,1
250,000276_cam1_0_11.jpg,276,0,-1,True,15,821,0.3480020953594593,0.15306122448979592,4,98,0,1,1,1
251,000276_cam1_0_12.jpg,276,0,-1,True,15,821,0.30545373353557503,0.125,4,120,0,1,1,1
252,000276_cam1_0_13.jpg,276,0,-1,True,15,821,0.5999523645179764,0.16304347826086957,1,92,1,1,1,1
253,000276_cam1_0_14.jpg,276,0,-1,True,15,821,0.8931406556406557,0.6,1,25,1,1,1,1
254,000276_cam2_0_00.jpg,276,1,-1,True,15,821,0.31197104320309743,0.40540540540540543,11,37,0,0,0,1
255,000276_cam2_0_01.jpg,276,1,-1,True,15,821,0.30543935517803183,0.28846153846153844,5,52,0,1,1,1
256,000276_cam2_0_02.jpg,276,1,-1,True,15,821,0.5697631176248887,0.36585365853658536,1,41,1,1,1,1
257,000276_cam2_0_03.jpg,276,1,-1,True,15,821,0.41526001392384765,0.32608695652173914,1,46,1,1,1,1
258,000276_cam2_0_04.jpg,276,1,-1,True,15,821,0.5198933242525959,0.36585365853658536,1,41,1,1,1,1
259,000276_cam2_0_05.jpg,276,1,-1,True,15,821,0.5694061225567463,0.38461538461538464,1,39,1,1,1,1
260,000276_cam2_0_06.jpg,276,1,-1,True,15,821,0.7676820129761306,0.4411764705882353,1,34,1,1,1,1
261,000276_cam2_0_07.jpg,276,1,-1,True,15,821,0.2550380009235508,0.29411764705882354,8,51,0,0,1,1
262,000276_cam2_0_08.jpg,276,1,-1,True,15,821,0.5765905690581093,0.3488372093023256,1,43,1,1,1,1
263,000276_cam2_0_09.jpg,276,1,-1,True,15,821,0.3838559753601062,0.375,4,40,0,1,1,1
264,000276_cam2_0_10.jpg,276,1,-1,True,15,821,0.6739696531650554,0.45454545454545453,1,33,1,1,1,1
265,000276_cam2_0_11.jpg,276,1,-1,True,15,821,0.6686033250163685,0.5357142857142857,1,28,1,1,1,1
266,000276_cam2_0_12.jpg,276,1,-1,True,15,821,0.4895542805671163,0.5172413793103449,2,29,0,1,1,1
267,000276_cam2_0_13.jpg,276,1,-1,True,15,821,0.31094529472872084,0.2830188679245283,10,53,0,0,1,1
268,000276_cam2_0_14.jpg,276,1,-1,True,15,821,0.6193588913920683,0.4838709677419355,1,31,1,1,1,1
269,000277_cam1_0_00.jpg,277,0,-1,True,15,821,0.7723472578481069,0.35714285714285715,1,42,1,1,1,1
270,000277_cam1_0_01.jpg,277,0,-1,True,15,821,0.8537205321263293,0.40540540540540543,1,37,1,1,1,1
271,000277_cam1_0_02.jpg,277,0,-1,True,15,821,0.8173059686358919,0.5769230769230769,1,26,1,1,1,1
272,000277_cam1_0_03.jpg,277,0,-1,True,15,821,0.9484432234432235,0.5,1,30,1,1,1,1
273,000277_cam1_0_04.jpg,277,0,-1,True,15,821,0.3803388001564068,0.40540540540540543,9,37,0,0,1,1
274,000277_cam1_0_05.jpg,277,0,-1,True,15,821,0.4044482759180565,0.5357142857142857,10,28,0,0,1,1
275,000277_cam1_0_06.jpg,277,0,-1,True,15,821,0.40875108422086476,0.5357142857142857,10,28,0,0,1,1
276,000277_cam1_0_07.jpg,277,0,-1,True,15,821,0.38092521270360363,0.4411764705882353,10,34,0,0,1,1
277,000277_cam1_0_08.jpg,277,0,-1,True,15,821,0.40177685608721636,0.5,6,30,0,0,1,1
278,000277_cam1_0_09.jpg,277,0,-1,True,15,821,0.34446974062848423,0.375,10,40,0,0,1,1
279,000277_cam1_0_10.jpg,277,0,-1,True,15,821,0.42334244601810894,0.5357142857142857,5,28,0,1,1,1
280,000277_cam1_0_11.jpg,277,0,-1,True,15,821,0.43218775865753933,0.42857142857142855,3,35,0,1,1,1
281,000277_cam1_0_12.jpg,277,0,-1,True,15,821,0.4188381453079259,0.5555555555555556,7,27,0,0,1,1
282,000277_cam1_0_13.jpg,277,0,-1,True,15,821,0.5737248948535797,0.625,1,24,1,1,1,1
283,000277_cam1_0_14.jpg,277,0,-1,True,15,821,0.9958333333333333,0.9375,1,16,1,1,1,1
284,000277_cam2_0_00.jpg,277,1,-1,True,15,821,0.269065044262717,0.3,1,50,1,1,1,1
285,000277_cam2_0_01.jpg,277,1,-1,True,15,821,0.5196441031856875,0.39473684210526316,1,38,1,1,1,1
286,000277_cam2_0_02.jpg,277,1,-1,True,15,821,0.8359530900242974,0.5357142857142857,1,28,1,1,1,1
287,000277_cam2_0_03.jpg,277,1,-1,True,15,821,0.3412787578091837,0.3,1,50,1,1,1,1
288,000277_cam2_0_04.jpg,277,1,-1,True,15,821,0.1716286288795486,0.234375,4,64,0,1,1,1
289,000277_cam2_0_05.jpg,277,1,-1,True,15,821,0.267895982319447,0.2777777777777778,1,54,1,1,1,1
290,000277_cam2_0_06.jpg,277,1,-1,True,15,821,0.251117078123364,0.2542372881355932,1,59,1,1,1,1
291,000277_cam2_0_07.jpg,277,1,-1,True,15,821,0.29914111637518526,0.28846153846153844,1,52,1,1,1,1
292,000277_cam2_0_08.jpg,277,1,-1,True,15,821,0.4246019805936626,0.3191489361702128,1,47,1,1,1,1
293,000277_cam2_0_09.jpg,277,1,-1,True,15,821,0.6734182484182484,0.5769230769230769,1,26,1,1,1,1
294,000277_cam2_0_10.jpg,277,1,-1,True,15,821,0.9958333333333333,0.9375,1,16,1,1,1,1
295,000277_cam2_0_11.jpg,277,1,-1,True,15,821,0.9888888888888889,0.8333333333333334,1,18,1,1,1,1
296,000277_cam2_0_12.jpg,277,1,-1,True,15,821,1.0,1.0,1,15,1,1,1,1
297,000277_cam2_0_13.jpg,277,1,-1,True,15,821,1.0,1.0,1,15,1,1,1,1
298,000277_cam2_0_14.jpg,277,1,-1,True,15,821,0.8848626373626375,0.625,1,24,1,1,1,1
299,000278_cam1_0_00.jpg,278,0,-1,True,15,821,0.09343854378778922,0.10344827586206896,29,145,0,0,0,0
300,000278_cam1_0_01.jpg,278,0,-1,True,15,821,0.0951706010415428,0.1111111111111111,27,135,0,0,0,0
301,000278_cam1_0_02.jpg,278,0,-1,True,15,821,0.11765803962546505,0.13636363636363635,22,110,0,0,0,0
302,000278_cam1_0_03.jpg,278,0,-1,True,15,821,0.12679261487137192,0.13043478260869565,22,115,0,0,0,0
303,000278_cam1_0_04.jpg,278,0,-1,True,15,821,0.1192632440362993,0.16666666666666666,28,90,0,0,0,0
304,000278_cam1_0_05.jpg,278,0,-1,True,15,821,0.14437583966892376,0.16666666666666666,22,90,0,0,0,0
305,000278_cam1_0_06.jpg,278,0,-1,True,15,821,0.1536574709086415,0.19230769230769232,19,78,0,0,0,1
306,000278_cam1_0_07.jpg,278,0,-1,True,15,821,0.16127665614091377,0.19736842105263158,18,76,0,0,0,1
307,000278_cam1_0_08.jpg,278,0,-1,True,15,821,0.13960695197825437,0.18292682926829268,24,82,0,0,0,0
308,000278_cam1_0_09.jpg,278,0,-1,True,15,821,0.11975817185056388,0.14705882352941177,35,102,0,0,0,0
309,000278_cam1_0_10.jpg,278,0,-1,True,15,821,0.18972680833434302,0.2542372881355932,19,59,0,0,0,1
310,000278_cam1_0_11.jpg,278,0,-1,True,15,821,0.16339332666743686,0.2631578947368421,28,57,0,0,0,0
311,000278_cam1_0_12.jpg,278,0,-1,True,15,821,0.2877428111037118,0.3,3,50,0,1,1,1
312,000278_cam1_0_13.jpg,278,0,-1,True,15,821,0.2131261004201814,0.2777777777777778,5,54,0,1,1,1
313,000278_cam1_0_14.jpg,278,0,-1,True,15,821,0.2565985240319034,0.28846153846153844,7,52,0,0,1,1
314,000278_cam2_0_00.jpg,278,1,-1,True,15,821,0.07181191212122522,0.037037037037037035,20,405,0,0,0,1
315,000278_cam2_0_01.jpg,278,1,-1,True,15,821,0.04716132644519392,0.03768844221105527,39,398,0,0,0,0
316,000278_cam2_0_02.jpg,278,1,-1,True,15,821,0.05118578616913982,0.046012269938650305,50,326,0,0,0,0
317,000278_cam2_0_03.jpg,278,1,-1,True,15,821,0.06613916678021543,0.045454545454545456,32,330,0,0,0,0
318,000278_cam2_0_04.jpg,278,1,-1,True,15,821,0.04810408329128204,0.033482142857142856,37,448,0,0,0,0
319,000278_cam2_0_05.jpg,278,1,-1,True,15,821,0.09713615448670225,0.06976744186046512,24,215,0,0,0,0
320,000278_cam2_0_06.jpg,278,1,-1,True,15,821,0.05548301424064675,0.046583850931677016,29,322,0,0,0,0
321,000278_cam2_0_07.jpg,278,1,-1,True,15,821,0.18470134537616276,0.15789473684210525,15,95,0,0,0,1
322,000278_cam2_0_08.jpg,278,1,-1,True,15,821,0.10290916691073392,0.11029411764705882,23,136,0,0,0,0
323,000278_cam2_0_09.jpg,278,1,-1,True,15,821,0.059546206163201644,0.05226480836236934,42,287,0,0,0,0
324,000278_cam2_0_10.jpg,278,1,-1,True,15,821,0.07702739881168506,0.07853403141361257,45,191,0,0,0,0
325,000278_cam2_0_11.jpg,278,1,-1,True,15,821,0.053627907682714415,0.049342105263157895,51,304,0,0,0,0
326,000278_cam2_0_12.jpg,278,1,-1,True,15,821,0.054712838611095396,0.06072874493927125,51,247,0,0,0,0
327,000278_cam2_0_13.jpg,278,1,-1,True,15,821,0.08513742567400458,0.11029411764705882,42,136,0,0,0,0
328,000278_cam2_0_14.jpg,278,1,-1,True,15,821,0.049492464176890044,0.046583850931677016,41,322,0,0,0,0
329,000279_cam1_0_00.jpg,279,0,-1,True,21,828,1.0,1.0,1,21,1,1,1,1
330,000279_cam1_0_01.jpg,279,0,-1,True,21,828,1.0,1.0,1,21,1,1,1,1
331,000279_cam1_0_02.jpg,279,0,-1,True,21,828,0.9978354978354977,0.9545454545454546,1,22,1,1,1,1
332,000279_cam1_0_03.jpg,279,0,-1,True,21,828,0.9978354978354977,0.9545454545454546,1,22,1,1,1,1
333,000279_cam1_0_04.jpg,279,0,-1,True,21,828,1.0,1.0,1,21,1,1,1,1
334,000279_cam1_0_05.jpg,279,0,-1,True,21,828,0.9978354978354977,0.9545454545454546,1,22,1,1,1,1
335,000279_cam1_0_06.jpg,279,0,-1,True,21,828,0.9978354978354977,0.9545454545454546,1,22,1,1,1,1
336,000279_cam1_0_07.jpg,279,0,-1,True,21,828,1.0,1.0,1,21,1,1,1,1
337,000279_cam2_0_00.jpg,279,1,-1,True,8,815,1.0,1.0,1,8,1,1,1,1
338,000279_cam2_0_01.jpg,279,1,-1,True,8,815,1.0,1.0,1,8,1,1,1,1
339,000279_cam2_0_02.jpg,279,1,-1,True,8,815,0.9861111111111112,0.8888888888888888,1,9,1,1,1,1
340,000279_cam2_0_03.jpg,279,1,-1,True,8,815,1.0,1.0,1,8,1,1,1,1
341,000279_cam2_0_04.jpg,279,1,-1,True,8,815,0.9861111111111112,0.8888888888888888,1,9,1,1,1,1
342,000279_cam2_0_05.jpg,279,1,-1,True,8,815,1.0,1.0,1,8,1,1,1,1
343,000279_cam2_0_06.jpg,279,1,-1,True,8,815,1.0,1.0,1,8,1,1,1,1
344,000279_cam2_0_07.jpg,279,1,-1,True,8,815,1.0,1.0,1,8,1,1,1,1
345,000279_cam2_0_08.jpg,279,1,-1,True,8,815,1.0,1.0,1,8,1,1,1,1
346,000279_cam2_0_09.jpg,279,1,-1,True,8,815,1.0,1.0,1,8,1,1,1,1
347,000279_cam2_0_10.jpg,279,1,-1,True,8,815,1.0,1.0,1,8,1,1,1,1
348,000279_cam2_0_11.jpg,279,1,-1,True,8,815,1.0,1.0,1,8,1,1,1,1
349,000279_cam2_0_12.jpg,279,1,-1,True,8,815,1.0,1.0,1,8,1,1,1,1
350,000279_cam2_0_13.jpg,279,1,-1,True,8,815,1.0,1.0,1,8,1,1,1,1
351,000279_cam2_0_14.jpg,279,1,-1,True,8,815,1.0,1.0,1,8,1,1,1,1
352,000279_cam2_0_15.jpg,279,1,-1,True,8,815,1.0,1.0,1,8,1,1,1,1
353,000279_cam2_0_16.jpg,279,1,-1,True,8,815,1.0,1.0,1,8,1,1,1,1
354,000279_cam2_0_17.jpg,279,1,-1,True,8,815,1.0,1.0,1,8,1,1,1,1
355,000279_cam2_0_18.jpg,279,1,-1,True,8,815,1.0,1.0,1,8,1,1,1,1
356,000279_cam2_0_19.jpg,279,1,-1,True,8,815,1.0,1.0,1,8,1,1,1,1
357,000279_cam2_0_20.jpg,279,1,-1,True,8,815,1.0,1.0,1,8,1,1,1,1
358,000280_cam1_0_00.jpg,280,0,-1,True,21,828,0.8290827854063147,0.4666666666666667,1,45,1,1,1,1
359,000280_cam1_0_01.jpg,280,0,-1,True,21,828,0.43772728862931776,0.2876712328767123,1,73,1,1,1,1
360,000280_cam1_0_02.jpg,280,0,-1,True,21,828,0.12599872749495933,0.0958904109589041,7,219,0,0,1,1
361,000280_cam1_0_03.jpg,280,0,-1,True,21,828,0.5005292824540193,0.16030534351145037,1,131,1,1,1,1
362,000280_cam1_0_04.jpg,280,0,-1,True,21,828,0.7582494850434285,0.38181818181818183,1,55,1,1,1,1
363,000280_cam1_0_05.jpg,280,0,-1,True,21,828,0.7717958434975243,0.21212121212121213,1,99,1,1,1,1
364,000280_cam1_0_06.jpg,280,0,-1,True,21,828,0.756213079456068,0.3442622950819672,1,61,1,1,1,1
365,000280_cam1_0_07.jpg,280,0,-1,True,21,828,0.6175180893432218,0.2727272727272727,1,77,1,1,1,1
366,000280_cam2_0_00.jpg,280,1,-1,True,8,815,0.44944571342597656,0.14035087719298245,1,57,1,1,1,1
367,000280_cam2_0_01.jpg,280,1,-1,True,8,815,0.37945790604377344,0.13559322033898305,1,59,1,1,1,1
368,000280_cam2_0_02.jpg,280,1,-1,True,8,815,0.44525242392983266,0.11940298507462686,1,67,1,1,1,1
369,000280_cam2_0_03.jpg,280,1,-1,True,8,815,0.9416666666666667,0.5333333333333333,1,15,1,1,1,1
370,000280_cam2_0_04.jpg,280,1,-1,True,8,815,0.9861111111111112,0.8888888888888888,1,9,1,1,1,1
371,000280_cam2_0_05.jpg,280,1,-1,True,8,815,1.0,1.0,1,8,1,1,1,1
372,000280_cam2_0_06.jpg,280,1,-1,True,8,815,0.8108134920634921,0.4444444444444444,1,18,1,1,1,1
373,000280_cam2_0_07.jpg,280,1,-1,True,8,815,0.9861111111111112,0.8888888888888888,1,9,1,1,1,1
374,000280_cam2_0_08.jpg,280,1,-1,True,8,815,0.9861111111111112,0.8888888888888888,1,9,1,1,1,1
375,000280_cam2_0_09.jpg,280,1,-1,True,8,815,1.0,1.0,1,8,1,1,1,1
376,000280_cam2_0_10.jpg,280,1,-1,True,8,815,0.9861111111111112,0.8888888888888888,1,9,1,1,1,1
377,000280_cam2_0_11.jpg,280,1,-1,True,8,815,0.975,0.8,1,10,1,1,1,1
378,000280_cam2_0_12.jpg,280,1,-1,True,8,815,0.9362980769230769,0.6153846153846154,1,13,1,1,1,1
379,000280_cam2_0_13.jpg,280,1,-1,True,8,815,0.8308531746031746,0.2857142857142857,1,28,1,1,1,1
380,000280_cam2_0_14.jpg,280,1,-1,True,8,815,0.8403624661246613,0.1951219512195122,1,41,1,1,1,1
381,000280_cam2_0_15.jpg,280,1,-1,True,8,815,0.6829809286898838,0.11940298507462686,1,67,1,1,1,1
382,000280_cam2_0_16.jpg,280,1,-1,True,8,815,0.8650793650793651,0.14285714285714285,1,56,1,1,1,1
383,000280_cam2_0_17.jpg,280,1,-1,True,8,815,0.915,0.32,1,25,1,1,1,1
384,000280_cam2_0_18.jpg,280,1,-1,True,8,815,0.8907004830917875,0.34782608695652173,1,23,1,1,1,1
385,000280_cam2_0_19.jpg,280,1,-1,True,8,815,0.8295454545454546,0.25,1,32,1,1,1,1
386,000280_cam2_0_20.jpg,280,1,-1,True,8,815,0.9069940476190477,0.38095238095238093,1,21,1,1,1,1
387,000282_cam1_0_00.jpg,282,0,-1,True,17,823,1.0,1.0,1,17,1,1,1,1
388,000282_cam1_0_01.jpg,282,0,-1,True,17,823,1.0,1.0,1,17,1,1,1,1
389,000282_cam1_0_02.jpg,282,0,-1,True,17,823,0.9866713713349117,0.8947368421052632,1,19,1,1,1,1
390,000282_cam1_0_03.jpg,282,0,-1,True,17,823,1.0,1.0,1,17,1,1,1,1
391,000282_cam1_0_04.jpg,282,0,-1,True,17,823,1.0,1.0,1,17,1,1,1,1
392,000282_cam1_0_05.jpg,282,0,-1,True,17,823,1.0,1.0,1,17,1,1,1,1
393,000282_cam1_0_06.jpg,282,0,-1,True,17,823,1.0,1.0,1,17,1,1,1,1
394,000282_cam1_0_07.jpg,282,0,-1,True,17,823,1.0,1.0,1,17,1,1,1,1
395,000282_cam1_0_08.jpg,282,0,-1,True,17,823,0.9932718185313341,0.9444444444444444,1,18,1,1,1,1
396,000282_cam1_0_09.jpg,282,0,-1,True,17,823,1.0,1.0,1,17,1,1,1,1
397,000282_cam1_0_10.jpg,282,0,-1,True,17,823,1.0,1.0,1,17,1,1,1,1
398,000282_cam1_0_11.jpg,282,0,-1,True,17,823,1.0,1.0,1,17,1,1,1,1
399,000282_cam1_0_12.jpg,282,0,-1,True,17,823,1.0,1.0,1,17,1,1,1,1
400,000282_cam2_0_00.jpg,282,1,-1,True,13,819,1.0,1.0,1,13,1,1,1,1
401,000282_cam2_0_01.jpg,282,1,-1,True,13,819,1.0,1.0,1,13,1,1,1,1
402,000282_cam2_0_02.jpg,282,1,-1,True,13,819,1.0,1.0,1,13,1,1,1,1
403,000282_cam2_0_03.jpg,282,1,-1,True,13,819,0.9945054945054945,0.9285714285714286,1,14,1,1,1,1
404,000282_cam2_0_04.jpg,282,1,-1,True,13,819,1.0,1.0,1,13,1,1,1,1
405,000282_cam2_0_05.jpg,282,1,-1,True,13,819,1.0,1.0,1,13,1,1,1,1
406,000282_cam2_0_06.jpg,282,1,-1,True,13,819,1.0,1.0,1,13,1,1,1,1
407,000282_cam2_0_07.jpg,282,1,-1,True,13,819,1.0,1.0,1,13,1,1,1,1
408,000282_cam2_0_08.jpg,282,1,-1,True,13,819,1.0,1.0,1,13,1,1,1,1
409,000282_cam2_0_09.jpg,282,1,-1,True,13,819,1.0,1.0,1,13,1,1,1,1
410,000282_cam2_0_10.jpg,282,1,-1,True,13,819,1.0,1.0,1,13,1,1,1,1
411,000282_cam2_0_11.jpg,282,1,-1,True,13,819,1.0,1.0,1,13,1,1,1,1
412,000282_cam2_0_12.jpg,282,1,-1,True,13,819,1.0,1.0,1,13,1,1,1,1
413,000282_cam2_0_13.jpg,282,1,-1,True,13,819,1.0,1.0,1,13,1,1,1,1
414,000282_cam2_0_14.jpg,282,1,-1,True,13,819,1.0,1.0,1,13,1,1,1,1
415,000282_cam2_0_15.jpg,282,1,-1,True,13,819,1.0,1.0,1,13,1,1,1,1
416,000282_cam2_0_16.jpg,282,1,-1,True,13,819,1.0,1.0,1,13,1,1,1,1
417,000283_cam1_0_00.jpg,283,0,-1,True,15,822,0.7360988869800156,0.3191489361702128,1,47,1,1,1,1
418,000283_cam1_0_01.jpg,283,0,-1,True,15,822,0.5841915023056206,0.2631578947368421,1,57,1,1,1,1
419,000283_cam1_0_02.jpg,283,0,-1,True,15,822,0.5235046090419502,0.1875,1,80,1,1,1,1
420,000283_cam1_0_03.jpg,283,0,-1,True,15,822,0.8200546094199345,0.2727272727272727,1,55,1,1,1,1
421,000283_cam1_0_04.jpg,283,0,-1,True,15,822,0.9376020384843914,0.625,1,24,1,1,1,1
422,000283_cam1_0_05.jpg,283,0,-1,True,15,822,0.8805685666043722,0.5769230769230769,1,26,1,1,1,1
423,000283_cam1_0_06.jpg,283,0,-1,True,15,822,0.7994889757792983,0.35714285714285715,1,42,1,1,1,1
424,000283_cam1_0_07.jpg,283,0,-1,True,15,822,0.7045793672250388,0.2830188679245283,1,53,1,1,1,1
425,000283_cam1_0_08.jpg,283,0,-1,True,15,822,0.6027207933146689,0.2,1,75,1,1,1,1
426,000283_cam1_0_09.jpg,283,0,-1,True,15,822,0.5274636403391217,0.17045454545454544,1,88,1,1,1,1
427,000283_cam1_0_10.jpg,283,0,-1,True,15,822,0.5394990761657428,0.23076923076923078,1,65,1,1,1,1
428,000283_cam1_0_11.jpg,283,0,-1,True,15,822,0.7943460393561814,0.25862068965517243,1,58,1,1,1,1
429,000283_cam1_0_12.jpg,283,0,-1,True,15,822,0.826450684391861,0.14705882352941177,1,102,1,1,1,1
430,000283_cam1_0_13.jpg,283,0,-1,True,15,822,0.3820486961600107,0.23076923076923078,7,65,0,0,1,1
431,000283_cam2_0_00.jpg,283,1,-1,True,14,821,0.12277197673922184,0.08917197452229299,3,157,0,1,1,1
432,000283_cam2_0_01.jpg,283,1,-1,True,14,821,0.3142892719414502,0.19718309859154928,1,71,1,1,1,1
433,000283_cam2_0_02.jpg,283,1,-1,True,14,821,0.12703319840537383,0.1308411214953271,4,107,0,1,1,1
434,000283_cam2_0_03.jpg,283,1,-1,True,14,821,0.2204974402882229,0.16091954022988506,1,87,1,1,1,1
435,000283_cam2_0_04.jpg,283,1,-1,True,14,821,0.48049500959804214,0.27450980392156865,1,51,1,1,1,1
436,000283_cam2_0_05.jpg,283,1,-1,True,14,821,0.4341378736731568,0.23728813559322035,1,59,1,1,1,1
437,000283_cam2_0_06.jpg,283,1,-1,True,14,821,0.4306998511093127,0.4375,2,32,0,1,1,1
438,000283_cam2_0_07.jpg,283,1,-1,True,14,821,0.3438411110058058,0.2692307692307692,4,52,0,1,1,1
439,000283_cam2_0_08.jpg,283,1,-1,True,14,821,0.3929600393576439,0.30434782608695654,1,46,1,1,1,1
440,000283_cam2_0_09.jpg,283,1,-1,True,14,821,0.5932993769092167,0.5185185185185185,1,27,1,1,1,1
441,000283_cam2_0_10.jpg,283,1,-1,True,14,821,0.5735702240166526,0.2153846153846154,1,65,1,1,1,1
442,000283_cam2_0_11.jpg,283,1,-1,True,14,821,0.13749181774838007,0.15555555555555556,11,90,0,0,0,1
443,000283_cam2_0_12.jpg,283,1,-1,True,14,821,0.38464431529837817,0.3783783783783784,5,37,0,1,1,1
444,000283_cam2_0_13.jpg,283,1,-1,True,14,821,0.6452200571304036,0.56,1,25,1,1,1,1
445,000283_cam2_0_14.jpg,283,1,-1,True,14,821,0.8498325087610803,0.5,1,28,1,1,1,1
446,000284_cam1_0_00.jpg,284,0,-1,True,15,825,0.46006695763691174,0.189873417721519,1,79,1,1,1,1
447,000284_cam1_0_01.jpg,284,0,-1,True,15,825,0.5066982212719353,0.22388059701492538,1,67,1,1,1,1
448,000284_cam1_0_02.jpg,284,0,-1,True,15,825,0.6799806785996044,0.42857142857142855,1,35,1,1,1,1
449,000284_cam1_0_03.jpg,284,0,-1,True,15,825,0.6363424293571353,0.4166666666666667,1,36,1,1,1,1
450,000284_cam1_0_04.jpg,284,0,-1,True,15,825,0.7584625233229353,0.3333333333333333,1,45,1,1,1,1
451,000284_cam1_0_05.jpg,284,0,-1,True,15,825,0.8143694885361552,0.42857142857142855,1,35,1,1,1,1
452,000284_cam1_0_06.jpg,284,0,-1,True,15,825,0.8214179339179339,0.42857142857142855,1,35,1,1,1,1
453,000284_cam1_0_07.jpg,284,0,-1,True,15,825,0.9726190476190476,0.7142857142857143,1,21,1,1,1,1
454,000284_cam1_0_08.jpg,284,0,-1,True,15,825,0.8674652036416745,0.42857142857142855,1,35,1,1,1,1
455,000284_cam1_0_09.jpg,284,0,-1,True,15,825,0.9333679283679285,0.5555555555555556,1,27,1,1,1,1
456,000284_cam1_0_10.jpg,284,0,-1,True,15,825,0.8245321637426901,0.39473684210526316,1,38,1,1,1,1
457,000284_cam2_0_00.jpg,284,1,-1,True,11,821,0.3629968461490201,0.2391304347826087,6,46,0,0,1,1
458,000284_cam2_0_01.jpg,284,1,-1,True,11,821,0.33875574811403686,0.28205128205128205,6,39,0,0,1,1
459,000284_cam2_0_02.jpg,284,1,-1,True,11,821,0.5696701446701445,0.36666666666666664,1,30,1,1,1,1
460,000284_cam2_0_03.jpg,284,1,-1,True,11,821,0.7029345659292182,0.2037037037037037,1,54,1,1,1,1
461,000284_cam2_0_04.jpg,284,1,-1,True,11,821,0.39031629392591954,0.36666666666666664,6,30,0,0,1,1
462,000284_cam2_0_05.jpg,284,1,-1,True,11,821,0.26474051960921885,0.2,8,55,0,0,1,1
463,000284_cam2_0_06.jpg,284,1,-1,True,11,821,0.7966006216006215,0.6111111111111112,1,18,1,1,1,1
464,000284_cam2_0_07.jpg,284,1,-1,True,11,821,0.5695193695193695,0.4230769230769231,1,26,1,1,1,1
465,000284_cam2_0_08.jpg,284,1,-1,True,11,821,0.2640110613539758,0.171875,8,64,0,0,1,1
466,000284_cam2_0_09.jpg,284,1,-1,True,11,821,0.30588601171910046,0.18032786885245902,7,61,0,0,1,1
467,000284_cam2_0_10.jpg,284,1,-1,True,11,821,0.5126470045393626,0.3235294117647059,1,34,1,1,1,1
468,000284_cam2_0_11.jpg,284,1,-1,True,11,821,0.40246950019677286,0.36666666666666664,4,30,0,1,1,1
469,000284_cam2_0_12.jpg,284,1,-1,True,11,821,0.5164879312606585,0.4583333333333333,2,24,0,1,1,1
470,000284_cam2_0_13.jpg,284,1,-1,True,11,821,0.7784597977779797,0.6875,1,16,1,1,1,1
471,000284_cam2_0_14.jpg,284,1,-1,True,11,821,0.9109061393152301,0.6875,1,16,1,1,1,1
472,000285_cam1_0_00.jpg,285,0,-1,True,11,823,0.8129298479298478,0.44,1,25,1,1,1,1
473,000285_cam1_0_01.jpg,285,0,-1,True,11,823,0.9038678712591754,0.4782608695652174,1,23,1,1,1,1
474,000285_cam1_0_02.jpg,285,0,-1,True,11,823,0.7811397383978029,0.3548387096774194,1,31,1,1,1,1
475,000285_cam1_0_03.jpg,285,0,-1,True,11,823,0.953063098517644,0.7857142857142857,1,14,1,1,1,1
476,000285_cam1_0_04.jpg,285,0,-1,True,11,823,1.0,1.0,1,11,1,1,1,1
477,000285_cam1_0_05.jpg,285,0,-1,True,11,823,1.0,1.0,1,11,1,1,1,1
478,000285_cam1_0_06.jpg,285,0,-1,True,11,823,1.0,1.0,1,11,1,1,1,1
479,000285_cam1_0_07.jpg,285,0,-1,True,11,823,0.9924242424242423,0.9166666666666666,1,12,1,1,1,1
480,000285_cam1_0_08.jpg,285,0,-1,True,11,823,0.9924242424242423,0.9166666666666666,1,12,1,1,1,1
481,000285_cam1_0_09.jpg,285,0,-1,True,11,823,1.0,1.0,1,11,1,1,1,1
482,000285_cam1_0_10.jpg,285,0,-1,True,11,823,0.9674931129476583,0.7333333333333333,1,15,1,1,1,1
483,000285_cam1_0_11.jpg,285,0,-1,True,11,823,0.9199410371659177,0.5789473684210527,1,19,1,1,1,1
484,000285_cam1_0_12.jpg,285,0,-1,True,11,823,0.9722550177095631,0.7857142857142857,1,14,1,1,1,1
485,000285_cam2_0_00.jpg,285,1,-1,True,13,825,0.14677457252871834,0.14285714285714285,18,91,0,0,0,1
486,000285_cam2_0_01.jpg,285,1,-1,True,13,825,0.5402775875183903,0.4642857142857143,1,28,1,1,1,1
487,000285_cam2_0_02.jpg,285,1,-1,True,13,825,0.36848043879816456,0.43333333333333335,4,30,0,1,1,1
488,000285_cam2_0_03.jpg,285,1,-1,True,13,825,0.22889159219554708,0.20967741935483872,10,62,0,0,1,1
489,000285_cam2_0_04.jpg,285,1,-1,True,13,825,0.37417529241637426,0.4482758620689655,4,29,0,1,1,1
490,000285_cam2_0_05.jpg,285,1,-1,True,13,825,0.7319920984204227,0.3939393939393939,1,33,1,1,1,1
491,000285_cam2_0_06.jpg,285,1,-1,True,13,825,0.7353129866085332,0.52,1,25,1,1,1,1
492,000285_cam2_0_07.jpg,285,1,-1,True,13,825,0.6673070378185102,0.4482758620689655,1,29,1,1,1,1
493,000285_cam2_0_08.jpg,285,1,-1,True,13,825,0.7490441588624652,0.3023255813953488,1,43,1,1,1,1
494,000285_cam2_0_09.jpg,285,1,-1,True,13,825,0.3484966474193589,0.3170731707317073,4,41,0,1,1,1
495,000285_cam2_0_10.jpg,285,1,-1,True,13,825,0.41864114623348697,0.2765957446808511,1,47,1,1,1,1
496,000286_cam1_0_00.jpg,286,0,-1,True,10,823,0.08426831565239307,0.08,5,125,0,1,1,1
497,000286_cam1_0_01.jpg,286,0,-1,True,10,823,0.17655108673659148,0.12987012987012986,2,77,0,1,1,1
498,000286_cam1_0_02.jpg,286,0,-1,True,10,823,0.139571652360778,0.10526315789473684,2,95,0,1,1,1
499,000286_cam1_0_03.jpg,286,0,-1,True,10,823,0.24979402446323218,0.19607843137254902,1,51,1,1,1,1
500,000286_cam1_0_04.jpg,286,0,-1,True,10,823,0.08878548137222883,0.09259259259259259,10,108,0,0,1,1
501,000286_cam1_0_05.jpg,286,0,-1,True,10,823,0.11397873640298821,0.10989010989010989,5,91,0,1,1,1
502,000286_cam1_0_06.jpg,286,0,-1,True,10,823,0.11392287787124644,0.12345679012345678,4,81,0,1,1,1
503,000286_cam1_0_07.jpg,286,0,-1,True,10,823,0.23793520166697527,0.1388888888888889,1,72,1,1,1,1
504,000286_cam1_0_08.jpg,286,0,-1,True,10,823,0.08297844667208848,0.0970873786407767,6,103,0,0,1,1
505,000286_cam1_0_09.jpg,286,0,-1,True,10,823,0.09078654622154066,0.08403361344537816,4,119,0,1,1,1
506,000286_cam1_0_10.jpg,286,0,-1,True,10,823,0.20234889103734513,0.10526315789473684,1,95,1,1,1,1
507,000286_cam1_0_11.jpg,286,0,-1,True,10,823,0.22821278918676705,0.16393442622950818,1,61,1,1,1,1
508,000286_cam1_0_12.jpg,286,0,-1,True,10,823,0.14065408385912354,0.14925373134328357,3,67,0,1,1,1
509,000286_cam2_0_00.jpg,286,1,-1,True,13,826,0.03688517240541492,0.050387596899224806,98,258,0,0,0,0
510,000286_cam2_0_01.jpg,286,1,-1,True,13,826,0.04203774388686332,0.05627705627705628,88,231,0,0,0,0
511,000286_cam2_0_02.jpg,286,1,-1,True,13,826,0.035939790081939454,0.04924242424242424,101,264,0,0,0,0
512,000286_cam2_0_03.jpg,286,1,-1,True,13,826,0.05074587791636828,0.06735751295336788,71,193,0,0,0,0
513,000286_cam2_0_04.jpg,286,1,-1,True,13,826,0.05280705590475783,0.06280193236714976,57,207,0,0,0,0
514,000286_cam2_0_05.jpg,286,1,-1,True,13,826,0.048529023001001544,0.0663265306122449,88,196,0,0,0,0
515,000286_cam2_0_06.jpg,286,1,-1,True,13,826,0.04256924504113954,0.05263157894736842,69,247,0,0,0,0
516,000286_cam2_0_07.jpg,286,1,-1,True,13,826,0.07913352327243249,0.10077519379844961,46,129,0,0,0,0
517,000286_cam2_0_08.jpg,286,1,-1,True,13,826,0.09398681698004643,0.09923664122137404,31,131,0,0,0,0
518,000286_cam2_0_09.jpg,286,1,-1,True,13,826,0.20402917061136797,0.203125,10,64,0,0,1,1
519,000287_cam1_0_00.jpg,287,0,-1,True,14,822,1.0,1.0,1,14,1,1,1,1
520,000287_cam1_0_01.jpg,287,0,-1,True,14,822,1.0,1.0,1,14,1,1,1,1
521,000287_cam1_0_02.jpg,287,0,-1,True,14,822,1.0,1.0,1,14,1,1,1,1
522,000287_cam1_0_03.jpg,287,0,-1,True,14,822,1.0,1.0,1,14,1,1,1,1
523,000287_cam1_0_04.jpg,287,0,-1,True,14,822,1.0,1.0,1,14,1,1,1,1
524,000287_cam1_0_05.jpg,287,0,-1,True,14,822,1.0,1.0,1,14,1,1,1,1
525,000287_cam1_0_06.jpg,287,0,-1,True,14,822,1.0,1.0,1,14,1,1,1,1
526,000287_cam1_0_07.jpg,287,0,-1,True,14,822,1.0,1.0,1,14,1,1,1,1
527,000287_cam1_0_08.jpg,287,0,-1,True,14,822,1.0,1.0,1,14,1,1,1,1
528,000287_cam1_0_09.jpg,287,0,-1,True,14,822,1.0,1.0,1,14,1,1,1,1
529,000287_cam1_0_10.jpg,287,0,-1,True,14,822,1.0,1.0,1,14,1,1,1,1
530,000287_cam1_0_11.jpg,287,0,-1,True,14,822,1.0,1.0,1,14,1,1,1,1
531,000287_cam1_0_12.jpg,287,0,-1,True,14,822,1.0,1.0,1,14,1,1,1,1
532,000287_cam1_0_13.jpg,287,0,-1,True,14,822,1.0,1.0,1,14,1,1,1,1
533,000287_cam2_0_00.jpg,287,1,-1,True,14,822,0.9952380952380953,0.9333333333333333,1,15,1,1,1,1
534,000287_cam2_0_01.jpg,287,1,-1,True,14,822,1.0,1.0,1,14,1,1,1,1
535,000287_cam2_0_02.jpg,287,1,-1,True,14,822,1.0,1.0,1,14,1,1,1,1
536,000287_cam2_0_03.jpg,287,1,-1,True,14,822,1.0,1.0,1,14,1,1,1,1
537,000287_cam2_0_04.jpg,287,1,-1,True,14,822,1.0,1.0,1,14,1,1,1,1
538,000287_cam2_0_05.jpg,287,1,-1,True,14,822,1.0,1.0,1,14,1,1,1,1
539,000287_cam2_0_06.jpg,287,1,-1,True,14,822,1.0,1.0,1,14,1,1,1,1
540,000287_cam2_0_07.jpg,287,1,-1,True,14,822,1.0,1.0,1,14,1,1,1,1
541,000287_cam2_0_08.jpg,287,1,-1,True,14,822,0.9952380952380953,0.9333333333333333,1,15,1,1,1,1
542,000287_cam2_0_09.jpg,287,1,-1,True,14,822,1.0,1.0,1,14,1,1,1,1
543,000287_cam2_0_10.jpg,287,1,-1,True,14,822,1.0,1.0,1,14,1,1,1,1
544,000287_cam2_0_11.jpg,287,1,-1,True,14,822,1.0,1.0,1,14,1,1,1,1
545,000287_cam2_0_12.jpg,287,1,-1,True,14,822,1.0,1.0,1,14,1,1,1,1
546,000287_cam2_0_13.jpg,287,1,-1,True,14,822,1.0,1.0,1,14,1,1,1,1
547,000288_cam1_0_00.jpg,288,0,-1,True,17,823,0.7022854603781925,0.3469387755102041,1,49,1,1,1,1
548,000288_cam1_0_01.jpg,288,0,-1,True,17,823,0.8408446939608603,0.4857142857142857,1,35,1,1,1,1
549,000288_cam1_0_02.jpg,288,0,-1,True,17,823,0.7976710825017834,0.3695652173913043,1,46,1,1,1,1
550,000288_cam1_0_03.jpg,288,0,-1,True,17,823,0.49220324158853673,0.2463768115942029,1,69,1,1,1,1
551,000288_cam1_0_04.jpg,288,0,-1,True,17,823,0.5918558766081986,0.2982456140350877,1,57,1,1,1,1
552,000288_cam1_0_05.jpg,288,0,-1,True,17,823,0.3934323940395536,0.26153846153846155,2,65,0,1,1,1
553,000288_cam1_0_06.jpg,288,0,-1,True,17,823,0.4157840909517976,0.2236842105263158,1,76,1,1,1,1
554,000288_cam1_0_07.jpg,288,0,-1,True,17,823,0.7698290669902884,0.3469387755102041,1,49,1,1,1,1
555,000288_cam1_0_08.jpg,288,0,-1,True,17,823,0.5868261937535838,0.2786885245901639,1,61,1,1,1,1
556,000288_cam1_0_09.jpg,288,0,-1,True,17,823,0.771289971247433,0.3617021276595745,1,47,1,1,1,1
557,000288_cam1_0_10.jpg,288,0,-1,True,17,823,0.5208633623656533,0.23943661971830985,1,71,1,1,1,1
558,000288_cam1_0_11.jpg,288,0,-1,True,17,823,0.5238607344838906,0.2833333333333333,1,60,1,1,1,1
559,000288_cam1_0_12.jpg,288,0,-1,True,17,823,0.4275237397957118,0.19767441860465115,1,86,1,1,1,1
560,000288_cam2_0_00.jpg,288,1,-1,True,13,819,0.15647446476697477,0.0948905109489051,6,137,0,0,1,1
561,000288_cam2_0_01.jpg,288,1,-1,True,13,819,0.5178701521059064,0.22033898305084745,1,59,1,1,1,1
562,000288_cam2_0_02.jpg,288,1,-1,True,13,819,0.13688330155018422,0.11711711711711711,7,111,0,0,1,1
563,000288_cam2_0_03.jpg,288,1,-1,True,13,819,0.12070791246713494,0.1,9,130,0,0,1,1
564,000288_cam2_0_04.jpg,288,1,-1,True,13,819,0.17121835112021896,0.104,5,125,0,1,1,1
565,000288_cam2_0_05.jpg,288,1,-1,True,13,819,0.08834790226284323,0.07878787878787878,23,165,0,0,0,0
566,000288_cam2_0_06.jpg,288,1,-1,True,13,819,0.6212949380935806,0.2708333333333333,1,48,1,1,1,1
567,000288_cam2_0_07.jpg,288,1,-1,True,13,819,0.3986537182425967,0.14285714285714285,1,91,1,1,1,1
568,000288_cam2_0_08.jpg,288,1,-1,True,13,819,0.6476479166686496,0.13402061855670103,1,97,1,1,1,1
569,000288_cam2_0_09.jpg,288,1,-1,True,13,819,0.780721391206341,0.43333333333333335,1,30,1,1,1,1
570,000288_cam2_0_10.jpg,288,1,-1,True,13,819,0.9575081780964134,0.7647058823529411,1,17,1,1,1,1
571,000288_cam2_0_11.jpg,288,1,-1,True,13,819,0.9669202592279517,0.8666666666666667,1,15,1,1,1,1
572,000288_cam2_0_12.jpg,288,1,-1,True,13,819,0.9438423567382842,0.7647058823529411,1,17,1,1,1,1
573,000288_cam2_0_13.jpg,288,1,-1,True,13,819,1.0,1.0,1,13,1,1,1,1
574,000288_cam2_0_14.jpg,288,1,-1,True,13,819,0.9173964923964922,0.7222222222222222,1,18,1,1,1,1
575,000288_cam2_0_15.jpg,288,1,-1,True,13,819,0.7329006997276228,0.40625,1,32,1,1,1,1
576,000288_cam2_0_16.jpg,288,1,-1,True,13,819,0.734371432038775,0.4482758620689655,1,29,1,1,1,1
577,000289_cam1_0_00.jpg,289,0,-1,True,15,821,0.2447544917040205,0.2,3,75,0,1,1,1
578,000289_cam1_0_01.jpg,289,0,-1,True,15,821,0.17481494049591031,0.17857142857142858,2,84,0,1,1,1
579,000289_cam1_0_02.jpg,289,0,-1,True,15,821,0.39642981203298483,0.23809523809523808,1,63,1,1,1,1
580,000289_cam1_0_03.jpg,289,0,-1,True,15,821,0.6267159692159693,0.3,1,50,1,1,1,1
581,000289_cam1_0_04.jpg,289,0,-1,True,15,821,0.1808193392927379,0.15306122448979592,6,98,0,0,1,1
582,000289_cam1_0_05.jpg,289,0,-1,True,15,821,0.15999964427449492,0.16129032258064516,8,93,0,0,1,1
583,000289_cam1_0_06.jpg,289,0,-1,True,15,821,0.06814245666824395,0.10344827586206896,47,145,0,0,0,0
584,000289_cam1_0_07.jpg,289,0,-1,True,15,821,0.07105928806628221,0.1056338028169014,32,142,0,0,0,0
585,000289_cam1_0_08.jpg,289,0,-1,True,15,821,0.09893972620118283,0.12605042016806722,24,119,0,0,0,0
586,000289_cam1_0_09.jpg,289,0,-1,True,15,821,0.13313361424570186,0.16483516483516483,25,91,0,0,0,0
587,000289_cam1_0_10.jpg,289,0,-1,True,15,821,0.07456117080892288,0.09433962264150944,35,159,0,0,0,0
588,000289_cam1_0_11.jpg,289,0,-1,True,15,821,0.06841290144032977,0.09375,46,160,0,0,0,0
589,000289_cam1_0_12.jpg,289,0,-1,True,15,821,0.0935691884087832,0.1271186440677966,25,118,0,0,0,0
590,000289_cam1_0_13.jpg,289,0,-1,True,15,821,0.09197704836711183,0.11627906976744186,34,129,0,0,0,0
591,000289_cam1_0_14.jpg,289,0,-1,True,15,821,0.12519716999820676,0.15789473684210525,31,95,0,0,0,0
592,000289_cam2_0_00.jpg,289,1,-1,True,15,821,0.25180974830102076,0.19230769230769232,4,78,0,1,1,1
593,000289_cam2_0_01.jpg,289,1,-1,True,15,821,0.6514663934741068,0.3333333333333333,1,45,1,1,1,1
594,000289_cam2_0_02.jpg,289,1,-1,True,15,821,0.13695638225085785,0.14285714285714285,14,105,0,0,0,1
595,000289_cam2_0_03.jpg,289,1,-1,True,15,821,0.40006039783212305,0.14705882352941177,2,102,0,1,1,1
596,000289_cam2_0_04.jpg,289,1,-1,True,15,821,0.3514874109865628,0.14563106796116504,2,103,0,1,1,1
597,000289_cam2_0_05.jpg,289,1,-1,True,15,821,0.2789175078048615,0.21739130434782608,3,69,0,1,1,1
598,000289_cam2_0_06.jpg,289,1,-1,True,15,821,0.4414674598013265,0.2542372881355932,2,59,0,1,1,1
599,000289_cam2_0_07.jpg,289,1,-1,True,15,821,0.15021076687095364,0.11811023622047244,8,127,0,0,1,1
600,000289_cam2_0_08.jpg,289,1,-1,True,15,821,0.19323965248915495,0.13513513513513514,5,111,0,1,1,1
601,000289_cam2_0_09.jpg,289,1,-1,True,15,821,0.13187896559881537,0.08982035928143713,10,167,0,0,1,1
602,000289_cam2_0_10.jpg,289,1,-1,True,15,821,0.2773921292395424,0.14150943396226415,3,106,0,1,1,1
603,000289_cam2_0_11.jpg,289,1,-1,True,15,821,0.8477739651047921,0.30612244897959184,1,49,1,1,1,1
604,000289_cam2_0_12.jpg,289,1,-1,True,15,821,0.5194705539697051,0.16129032258064516,1,93,1,1,1,1
605,000289_cam2_0_13.jpg,289,1,-1,True,15,821,0.37261794081544586,0.14150943396226415,2,106,0,1,1,1
606,000289_cam2_0_14.jpg,289,1,-1,True,15,821,0.3127952829018312,0.14705882352941177,4,102,0,1,1,1
607,000290_cam1_0_00.jpg,290,0,-1,True,13,824,1.0,1.0,1,13,1,1,1,1
608,000290_cam1_0_01.jpg,290,0,-1,True,13,824,1.0,1.0,1,13,1,1,1,1
609,000290_cam1_0_02.jpg,290,0,-1,True,13,824,1.0,1.0,1,13,1,1,1,1
610,000290_cam1_0_03.jpg,290,0,-1,True,13,824,1.0,1.0,1,13,1,1,1,1
611,000290_cam1_0_04.jpg,290,0,-1,True,13,824,1.0,1.0,1,13,1,1,1,1
612,000290_cam1_0_05.jpg,290,0,-1,True,13,824,1.0,1.0,1,13,1,1,1,1
613,000290_cam1_0_06.jpg,290,0,-1,True,13,824,1.0,1.0,1,13,1,1,1,1
614,000290_cam1_0_07.jpg,290,0,-1,True,13,824,0.9945054945054945,0.9285714285714286,1,14,1,1,1,1
615,000290_cam1_0_08.jpg,290,0,-1,True,13,824,0.9885883347421809,0.9285714285714286,1,14,1,1,1,1
616,000290_cam1_0_09.jpg,290,0,-1,True,13,824,0.9945054945054945,0.9285714285714286,1,14,1,1,1,1
617,000290_cam1_0_10.jpg,290,0,-1,True,13,824,1.0,1.0,1,13,1,1,1,1
618,000290_cam1_0_11.jpg,290,0,-1,True,13,824,1.0,1.0,1,13,1,1,1,1
619,000290_cam2_0_00.jpg,290,1,-1,True,12,823,0.9593656343656344,0.8571428571428571,1,14,1,1,1,1
620,000290_cam2_0_01.jpg,290,1,-1,True,12,823,0.8712902837902838,0.75,1,16,1,1,1,1
621,000290_cam2_0_02.jpg,290,1,-1,True,12,823,1.0,1.0,1,12,1,1,1,1
622,000290_cam2_0_03.jpg,290,1,-1,True,12,823,1.0,1.0,1,12,1,1,1,1
623,000290_cam2_0_04.jpg,290,1,-1,True,12,823,0.8505007179639533,0.7058823529411765,1,17,1,1,1,1
624,000290_cam2_0_05.jpg,290,1,-1,True,12,823,0.5562493001637737,0.6,1,20,1,1,1,1
625,000290_cam2_0_06.jpg,290,1,-1,True,12,823,0.7940975476192195,0.631578947368421,1,19,1,1,1,1
626,000290_cam2_0_07.jpg,290,1,-1,True,12,823,0.8903452541610437,0.631578947368421,1,19,1,1,1,1
627,000290_cam2_0_08.jpg,290,1,-1,True,12,823,0.9676989676989677,0.8571428571428571,1,14,1,1,1,1
628,000290_cam2_0_09.jpg,290,1,-1,True,12,823,1.0,1.0,1,12,1,1,1,1
629,000290_cam2_0_10.jpg,290,1,-1,True,12,823,1.0,1.0,1,12,1,1,1,1
630,000290_cam2_0_11.jpg,290,1,-1,True,12,823,0.9652417027417027,0.8571428571428571,1,14,1,1,1,1
631,000290_cam2_0_12.jpg,290,1,-1,True,12,823,0.9790695415695415,0.9230769230769231,1,13,1,1,1,1
632,000291_cam1_0_00.jpg,291,0,-1,True,13,824,1.0,1.0,1,13,1,1,1,1
633,000291_cam1_0_01.jpg,291,0,-1,True,13,824,0.9838264299802761,0.8666666666666667,1,15,1,1,1,1
634,000291_cam1_0_02.jpg,291,0,-1,True,13,824,0.9897435897435898,0.8666666666666667,1,15,1,1,1,1
635,000291_cam1_0_03.jpg,291,0,-1,True,13,824,1.0,1.0,1,13,1,1,1,1
636,000291_cam1_0_04.jpg,291,0,-1,True,13,824,1.0,1.0,1,13,1,1,1,1
637,000291_cam1_0_05.jpg,291,0,-1,True,13,824,1.0,1.0,1,13,1,1,1,1
638,000291_cam1_0_06.jpg,291,0,-1,True,13,824,1.0,1.0,1,13,1,1,1,1
639,000291_cam1_0_07.jpg,291,0,-1,True,13,824,1.0,1.0,1,13,1,1,1,1
640,000291_cam1_0_08.jpg,291,0,-1,True,13,824,1.0,1.0,1,13,1,1,1,1
641,000291_cam1_0_09.jpg,291,0,-1,True,13,824,1.0,1.0,1,13,1,1,1,1
642,000291_cam1_0_10.jpg,291,0,-1,True,13,824,1.0,1.0,1,13,1,1,1,1
643,000291_cam1_0_11.jpg,291,0,-1,True,13,824,1.0,1.0,1,13,1,1,1,1
644,000291_cam2_0_00.jpg,291,1,-1,True,12,823,1.0,1.0,1,12,1,1,1,1
645,000291_cam2_0_01.jpg,291,1,-1,True,12,823,1.0,1.0,1,12,1,1,1,1
646,000291_cam2_0_02.jpg,291,1,-1,True,12,823,1.0,1.0,1,12,1,1,1,1
647,000291_cam2_0_03.jpg,291,1,-1,True,12,823,1.0,1.0,1,12,1,1,1,1
648,000291_cam2_0_04.jpg,291,1,-1,True,12,823,1.0,1.0,1,12,1,1,1,1
649,000291_cam2_0_05.jpg,291,1,-1,True,12,823,1.0,1.0,1,12,1,1,1,1
650,000291_cam2_0_06.jpg,291,1,-1,True,12,823,1.0,1.0,1,12,1,1,1,1
651,000291_cam2_0_07.jpg,291,1,-1,True,12,823,1.0,1.0,1,12,1,1,1,1
652,000291_cam2_0_08.jpg,291,1,-1,True,12,823,1.0,1.0,1,12,1,1,1,1
653,000291_cam2_0_09.jpg,291,1,-1,True,12,823,1.0,1.0,1,12,1,1,1,1
654,000291_cam2_0_10.jpg,291,1,-1,True,12,823,1.0,1.0,1,12,1,1,1,1
655,000291_cam2_0_11.jpg,291,1,-1,True,12,823,1.0,1.0,1,12,1,1,1,1
656,000291_cam2_0_12.jpg,291,1,-1,True,12,823,1.0,1.0,1,12,1,1,1,1
657,000292_cam1_0_00.jpg,292,0,-1,True,20,826,0.9976190476190476,0.9523809523809523,1,21,1,1,1,1
658,000292_cam1_0_01.jpg,292,0,-1,True,20,826,0.9976190476190476,0.9523809523809523,1,21,1,1,1,1
659,000292_cam1_0_02.jpg,292,0,-1,True,20,826,1.0,1.0,1,20,1,1,1,1
660,000292_cam1_0_03.jpg,292,0,-1,True,20,826,1.0,1.0,1,20,1,1,1,1
661,000292_cam1_0_04.jpg,292,0,-1,True,20,826,1.0,1.0,1,20,1,1,1,1
662,000292_cam1_0_05.jpg,292,0,-1,True,20,826,1.0,1.0,1,20,1,1,1,1
663,000292_cam1_0_06.jpg,292,0,-1,True,20,826,1.0,1.0,1,20,1,1,1,1
664,000292_cam1_0_07.jpg,292,0,-1,True,20,826,1.0,1.0,1,20,1,1,1,1
665,000292_cam1_0_08.jpg,292,0,-1,True,20,826,1.0,1.0,1,20,1,1,1,1
666,000292_cam1_0_09.jpg,292,0,-1,True,20,826,0.9819054580896684,0.7407407407407407,1,27,1,1,1,1
667,000292_cam2_0_00.jpg,292,1,-1,True,10,816,1.0,1.0,1,10,1,1,1,1
668,000292_cam2_0_01.jpg,292,1,-1,True,10,816,1.0,1.0,1,10,1,1,1,1
669,000292_cam2_0_02.jpg,292,1,-1,True,10,816,0.6937301587301589,0.4166666666666667,2,24,0,1,1,1
670,000292_cam2_0_03.jpg,292,1,-1,True,10,816,1.0,1.0,1,10,1,1,1,1
671,000292_cam2_0_04.jpg,292,1,-1,True,10,816,1.0,1.0,1,10,1,1,1,1
672,000292_cam2_0_05.jpg,292,1,-1,True,10,816,1.0,1.0,1,10,1,1,1,1
673,000292_cam2_0_06.jpg,292,1,-1,True,10,816,1.0,1.0,1,10,1,1,1,1
674,000292_cam2_0_07.jpg,292,1,-1,True,10,816,1.0,1.0,1,10,1,1,1,1
675,000292_cam2_0_08.jpg,292,1,-1,True,10,816,0.31237635552852944,0.38461538461538464,9,26,0,0,1,1
676,000292_cam2_0_09.jpg,292,1,-1,True,10,816,0.4367049565501578,0.5263157894736842,5,19,0,1,1,1
677,000292_cam2_0_10.jpg,292,1,-1,True,10,816,0.3524926653805965,0.3448275862068966,8,29,0,0,1,1
678,000292_cam2_0_11.jpg,292,1,-1,True,10,816,0.3720830631356947,0.47619047619047616,7,21,0,0,1,1
679,000292_cam2_0_12.jpg,292,1,-1,True,10,816,1.0,1.0,1,10,1,1,1,1
680,000292_cam2_0_13.jpg,292,1,-1,True,10,816,0.7833225108225108,0.625,1,16,1,1,1,1
681,000292_cam2_0_14.jpg,292,1,-1,True,10,816,0.38001832017311893,0.45454545454545453,7,22,0,0,1,1
682,000292_cam2_0_15.jpg,292,1,-1,True,10,816,0.5061111111111111,0.5555555555555556,3,18,0,1,1,1
683,000292_cam2_0_16.jpg,292,1,-1,True,10,816,0.31719638935196215,0.3125,5,32,0,1,1,1
684,000292_cam2_0_17.jpg,292,1,-1,True,10,816,0.5883433233433234,0.625,2,16,0,1,1,1
685,000292_cam2_0_18.jpg,292,1,-1,True,10,816,0.9153499278499277,0.7142857142857143,1,14,1,1,1,1
686,000292_cam2_0_19.jpg,292,1,-1,True,10,816,0.49602688977688975,0.5555555555555556,3,18,0,1,1,1
687,000293_cam1_0_00.jpg,293,0,-1,True,17,824,0.9938080495356038,0.8947368421052632,1,19,1,1,1,1
688,000293_cam1_0_01.jpg,293,0,-1,True,17,824,0.9578321524688306,0.7083333333333334,1,24,1,1,1,1
689,000293_cam1_0_02.jpg,293,0,-1,True,17,824,0.988795518207283,0.8095238095238095,1,21,1,1,1,1
690,000293_cam1_0_03.jpg,293,0,-1,True,17,824,0.9764185977421272,0.7727272727272727,1,22,1,1,1,1
691,000293_cam1_0_04.jpg,293,0,-1,True,17,824,0.9938080495356038,0.8947368421052632,1,19,1,1,1,1
692,000293_cam1_0_05.jpg,293,0,-1,True,17,824,0.9967320261437908,0.9444444444444444,1,18,1,1,1,1
693,000293_cam1_0_06.jpg,293,0,-1,True,17,824,1.0,1.0,1,17,1,1,1,1
694,000293_cam1_0_07.jpg,293,0,-1,True,17,824,1.0,1.0,1,17,1,1,1,1
695,000293_cam1_0_08.jpg,293,0,-1,True,17,824,1.0,1.0,1,17,1,1,1,1
696,000293_cam1_0_09.jpg,293,0,-1,True,17,824,1.0,1.0,1,17,1,1,1,1
697,000293_cam1_0_10.jpg,293,0,-1,True,17,824,1.0,1.0,1,17,1,1,1,1
698,000293_cam1_0_11.jpg,293,0,-1,True,17,824,0.9846547314578006,0.7391304347826086,1,23,1,1,1,1
699,000293_cam2_0_00.jpg,293,1,-1,True,12,819,0.7209006679594916,0.42857142857142855,1,28,1,1,1,1
700,000293_cam2_0_01.jpg,293,1,-1,True,12,819,1.0,1.0,1,12,1,1,1,1
701,000293_cam2_0_02.jpg,293,1,-1,True,12,819,1.0,1.0,1,12,1,1,1,1
702,000293_cam2_0_03.jpg,293,1,-1,True,12,819,0.8770035792094615,0.5714285714285714,1,21,1,1,1,1
703,000293_cam2_0_04.jpg,293,1,-1,True,12,819,1.0,1.0,1,12,1,1,1,1
704,000293_cam2_0_05.jpg,293,1,-1,True,12,819,1.0,1.0,1,12,1,1,1,1
705,000293_cam2_0_06.jpg,293,1,-1,True,12,819,1.0,1.0,1,12,1,1,1,1
706,000293_cam2_0_07.jpg,293,1,-1,True,12,819,1.0,1.0,1,12,1,1,1,1
707,000293_cam2_0_08.jpg,293,1,-1,True,12,819,1.0,1.0,1,12,1,1,1,1
708,000293_cam2_0_09.jpg,293,1,-1,True,12,819,1.0,1.0,1,12,1,1,1,1
709,000293_cam2_0_10.jpg,293,1,-1,True,12,819,1.0,1.0,1,12,1,1,1,1
710,000293_cam2_0_11.jpg,293,1,-1,True,12,819,1.0,1.0,1,12,1,1,1,1
711,000293_cam2_0_12.jpg,293,1,-1,True,12,819,1.0,1.0,1,12,1,1,1,1
712,000293_cam2_0_13.jpg,293,1,-1,True,12,819,1.0,1.0,1,12,1,1,1,1
713,000293_cam2_0_14.jpg,293,1,-1,True,12,819,1.0,1.0,1,12,1,1,1,1
714,000293_cam2_0_15.jpg,293,1,-1,True,12,819,0.9935897435897436,0.9230769230769231,1,13,1,1,1,1
715,000293_cam2_0_16.jpg,293,1,-1,True,12,819,1.0,1.0,1,12,1,1,1,1
716,000294_cam1_0_00.jpg,294,0,-1,True,18,824,0.9939896036387262,0.9473684210526315,1,19,1,1,1,1
717,000294_cam1_0_01.jpg,294,0,-1,True,18,824,0.9691454721985414,0.782608695652174,1,23,1,1,1,1
718,000294_cam1_0_02.jpg,294,0,-1,True,18,824,0.9690559984677632,0.6923076923076923,1,26,1,1,1,1
719,000294_cam1_0_03.jpg,294,0,-1,True,18,824,0.9296506030201682,0.6923076923076923,1,26,1,1,1,1
720,000294_cam1_0_04.jpg,294,0,-1,True,18,824,0.5870046323707652,0.3157894736842105,1,57,1,1,1,1
721,000294_cam1_0_05.jpg,294,0,-1,True,18,824,0.41446873294577746,0.4186046511627907,4,43,0,1,1,1
722,000294_cam1_0_06.jpg,294,0,-1,True,18,824,1.0,1.0,1,18,1,1,1,1
723,000294_cam1_0_07.jpg,294,0,-1,True,18,824,0.9798195631528964,0.6923076923076923,1,26,1,1,1,1
724,000294_cam1_0_08.jpg,294,0,-1,True,18,824,1.0,1.0,1,18,1,1,1,1
725,000294_cam1_0_09.jpg,294,0,-1,True,18,824,0.9885964912280701,0.9,1,20,1,1,1,1
726,000294_cam1_0_10.jpg,294,0,-1,True,18,824,0.9572451042997021,0.6206896551724138,1,29,1,1,1,1
727,000294_cam1_0_11.jpg,294,0,-1,True,18,824,0.9487016908212562,0.6,1,30,1,1,1,1
728,000294_cam2_0_00.jpg,294,1,-1,True,12,818,0.44425857199980007,0.3157894736842105,2,38,0,1,1,1
729,000294_cam2_0_01.jpg,294,1,-1,True,12,818,0.7978114478114477,0.6,1,20,1,1,1,1
730,000294_cam2_0_02.jpg,294,1,-1,True,12,818,0.7821872571872573,0.3333333333333333,1,36,1,1,1,1
731,000294_cam2_0_03.jpg,294,1,-1,True,12,818,0.35004661574429013,0.27906976744186046,3,43,0,1,1,1
732,000294_cam2_0_04.jpg,294,1,-1,True,12,818,0.6769819686486352,0.3,1,40,1,1,1,1
733,000294_cam2_0_05.jpg,294,1,-1,True,12,818,0.662066274680604,0.19047619047619047,1,63,1,1,1,1
734,000294_cam2_0_06.jpg,294,1,-1,True,12,818,0.6189135277808047,0.17391304347826086,1,69,1,1,1,1
735,000294_cam2_0_07.jpg,294,1,-1,True,12,818,0.49893203721865054,0.13333333333333333,1,90,1,1,1,1
736,000294_cam2_0_08.jpg,294,1,-1,True,12,818,0.7628573419334289,0.17142857142857143,1,70,1,1,1,1
737,000294_cam2_0_09.jpg,294,1,-1,True,12,818,0.7156113910663184,0.2553191489361702,1,47,1,1,1,1
738,000294_cam2_0_10.jpg,294,1,-1,True,12,818,0.9269013666072489,0.6666666666666666,1,18,1,1,1,1
739,000294_cam2_0_11.jpg,294,1,-1,True,12,818,0.5486780329579518,0.17142857142857143,1,70,1,1,1,1
740,000294_cam2_0_12.jpg,294,1,-1,True,12,818,0.7056233770001886,0.32432432432432434,1,37,1,1,1,1
741,000294_cam2_0_13.jpg,294,1,-1,True,12,818,0.9791666666666666,0.75,1,16,1,1,1,1
742,000294_cam2_0_14.jpg,294,1,-1,True,12,818,0.5435943573138695,0.2727272727272727,1,44,1,1,1,1
743,000294_cam2_0_15.jpg,294,1,-1,True,12,818,0.598929579192737,0.25,1,48,1,1,1,1
744,000294_cam2_0_16.jpg,294,1,-1,True,12,818,0.7296168907670224,0.1791044776119403,1,67,1,1,1,1
745,000294_cam2_0_17.jpg,294,1,-1,True,12,818,0.8415207749766571,0.6,1,20,1,1,1,1
746,000295_cam1_0_00.jpg,295,0,-1,True,13,819,0.8853174603174604,0.6190476190476191,1,21,1,1,1,1
747,000295_cam1_0_01.jpg,295,0,-1,True,13,819,0.9620879120879121,0.65,1,20,1,1,1,1
748,000295_cam1_0_02.jpg,295,0,-1,True,13,819,0.9757085020242915,0.6842105263157895,1,19,1,1,1,1
749,000295_cam1_0_03.jpg,295,0,-1,True,13,819,0.9538461538461539,0.65,1,20,1,1,1,1
750,000295_cam1_0_04.jpg,295,0,-1,True,13,819,0.9701923076923078,0.8125,1,16,1,1,1,1
751,000295_cam1_0_05.jpg,295,0,-1,True,13,819,0.722407180551977,0.5909090909090909,1,22,1,1,1,1
752,000295_cam1_0_06.jpg,295,0,-1,True,13,819,0.8198060779508742,0.48148148148148145,1,27,1,1,1,1
753,000295_cam1_0_07.jpg,295,0,-1,True,13,819,0.8587259231996074,0.5416666666666666,1,24,1,1,1,1
754,000295_cam1_0_08.jpg,295,0,-1,True,13,819,0.9723443223443223,0.8666666666666667,1,15,1,1,1,1
755,000295_cam1_0_09.jpg,295,0,-1,True,13,819,0.9897435897435898,0.8666666666666667,1,15,1,1,1,1
756,000295_cam1_0_10.jpg,295,0,-1,True,13,819,0.9897435897435898,0.8666666666666667,1,15,1,1,1,1
757,000295_cam1_0_11.jpg,295,0,-1,True,13,819,0.962730858884705,0.8666666666666667,1,15,1,1,1,1
758,000295_cam1_0_12.jpg,295,0,-1,True,13,819,0.7841620310037997,0.5652173913043478,1,23,1,1,1,1
759,000295_cam1_0_13.jpg,295,0,-1,True,13,819,0.5441809764109586,0.5,2,26,0,1,1,1
760,000295_cam1_0_14.jpg,295,0,-1,True,13,819,0.8803864938480324,0.6190476190476191,1,21,1,1,1,1
761,000295_cam1_0_15.jpg,295,0,-1,True,13,819,0.8984470657547582,0.65,1,20,1,1,1,1
762,000295_cam1_0_16.jpg,295,0,-1,True,13,819,0.9500674763832658,0.6842105263157895,1,19,1,1,1,1
763,000295_cam2_0_00.jpg,295,1,-1,True,17,823,1.0,1.0,1,17,1,1,1,1
764,000295_cam2_0_01.jpg,295,1,-1,True,17,823,0.9814720986433789,0.9444444444444444,1,18,1,1,1,1
765,000295_cam2_0_02.jpg,295,1,-1,True,17,823,1.0,1.0,1,17,1,1,1,1
766,000295_cam2_0_03.jpg,295,1,-1,True,17,823,1.0,1.0,1,17,1,1,1,1
767,000295_cam2_0_04.jpg,295,1,-1,True,17,823,1.0,1.0,1,17,1,1,1,1
768,000295_cam2_0_05.jpg,295,1,-1,True,17,823,0.9967320261437908,0.9444444444444444,1,18,1,1,1,1
769,000295_cam2_0_06.jpg,295,1,-1,True,17,823,1.0,1.0,1,17,1,1,1,1
770,000295_cam2_0_07.jpg,295,1,-1,True,17,823,0.9932718185313341,0.9444444444444444,1,18,1,1,1,1
771,000295_cam2_0_08.jpg,295,1,-1,True,17,823,1.0,1.0,1,17,1,1,1,1
772,000295_cam2_0_09.jpg,295,1,-1,True,17,823,1.0,1.0,1,17,1,1,1,1
773,000295_cam2_0_10.jpg,295,1,-1,True,17,823,0.9655639381258576,0.85,1,20,1,1,1,1
774,000295_cam2_0_11.jpg,295,1,-1,True,17,823,0.936528930457632,0.8095238095238095,1,21,1,1,1,1
775,000295_cam2_0_12.jpg,295,1,-1,True,17,823,1.0,1.0,1,17,1,1,1,1
776,000298_cam1_0_00.jpg,298,0,-1,True,15,821,1.0,1.0,1,15,1,1,1,1
777,000298_cam1_0_01.jpg,298,0,-1,True,15,821,1.0,1.0,1,15,1,1,1,1
778,000298_cam1_0_02.jpg,298,0,-1,True,15,821,0.9124711399711399,0.625,1,24,1,1,1,1
779,000298_cam1_0_03.jpg,298,0,-1,True,15,821,1.0,1.0,1,15,1,1,1,1
780,000298_cam1_0_04.jpg,298,0,-1,True,15,821,0.9716303579461474,0.7894736842105263,1,19,1,1,1,1
781,000298_cam1_0_05.jpg,298,0,-1,True,15,821,0.9636144849302745,0.7894736842105263,1,19,1,1,1,1
782,000298_cam1_0_06.jpg,298,0,-1,True,15,821,1.0,1.0,1,15,1,1,1,1
783,000298_cam1_0_07.jpg,298,0,-1,True,15,821,0.9913888888888889,0.9375,1,16,1,1,1,1
784,000298_cam1_0_08.jpg,298,0,-1,True,15,821,1.0,1.0,1,15,1,1,1,1
785,000298_cam1_0_09.jpg,298,0,-1,True,15,821,1.0,1.0,1,15,1,1,1,1
786,000298_cam1_0_10.jpg,298,0,-1,True,15,821,1.0,1.0,1,15,1,1,1,1
787,000298_cam1_0_11.jpg,298,0,-1,True,15,821,1.0,1.0,1,15,1,1,1,1
788,000298_cam1_0_12.jpg,298,0,-1,True,15,821,1.0,1.0,1,15,1,1,1,1
789,000298_cam1_0_13.jpg,298,0,-1,True,15,821,0.8801357466063349,0.6818181818181818,1,22,1,1,1,1
790,000298_cam1_0_14.jpg,298,0,-1,True,15,821,1.0,1.0,1,15,1,1,1,1
791,000298_cam2_0_00.jpg,298,1,-1,True,15,821,0.8691481153865053,0.7142857142857143,1,21,1,1,1,1
792,000298_cam2_0_01.jpg,298,1,-1,True,15,821,0.9877124183006536,0.8823529411764706,1,17,1,1,1,1
793,000298_cam2_0_02.jpg,298,1,-1,True,15,821,0.907392256865941,0.7142857142857143,1,21,1,1,1,1
794,000298_cam2_0_03.jpg,298,1,-1,True,15,821,0.9859649122807017,0.7894736842105263,1,19,1,1,1,1
795,000298_cam2_0_04.jpg,298,1,-1,True,15,821,0.9662061467943821,0.8823529411764706,1,17,1,1,1,1
796,000298_cam2_0_05.jpg,298,1,-1,True,15,821,1.0,1.0,1,15,1,1,1,1
797,000298_cam2_0_06.jpg,298,1,-1,True,15,821,1.0,1.0,1,15,1,1,1,1
798,000298_cam2_0_07.jpg,298,1,-1,True,15,821,0.9958333333333333,0.9375,1,16,1,1,1,1
799,000298_cam2_0_08.jpg,298,1,-1,True,15,821,0.9958333333333333,0.9375,1,16,1,1,1,1
800,000298_cam2_0_09.jpg,298,1,-1,True,15,821,0.981498778998779,0.9375,1,16,1,1,1,1
801,000298_cam2_0_10.jpg,298,1,-1,True,15,821,0.9958333333333333,0.9375,1,16,1,1,1,1
802,000298_cam2_0_11.jpg,298,1,-1,True,15,821,0.9958333333333333,0.9375,1,16,1,1,1,1
803,000298_cam2_0_12.jpg,298,1,-1,True,15,821,1.0,1.0,1,15,1,1,1,1
804,000298_cam2_0_13.jpg,298,1,-1,True,15,821,1.0,1.0,1,15,1,1,1,1
805,000298_cam2_0_14.jpg,298,1,-1,True,15,821,1.0,1.0,1,15,1,1,1,1
806,000299_cam1_0_00.jpg,299,0,-1,True,13,819,0.8379090354090354,0.52,1,25,1,1,1,1
807,000299_cam1_0_01.jpg,299,0,-1,True,13,819,0.592391176682922,0.22033898305084745,1,59,1,1,1,1
808,000299_cam1_0_02.jpg,299,0,-1,True,13,819,0.6549352264522542,0.22807017543859648,1,57,1,1,1,1
809,000299_cam1_0_03.jpg,299,0,-1,True,13,819,0.973249506903353,0.8125,1,16,1,1,1,1
810,000299_cam1_0_04.jpg,299,0,-1,True,13,819,0.9855769230769231,0.8125,1,16,1,1,1,1
811,000299_cam1_0_05.jpg,299,0,-1,True,13,819,0.9945054945054945,0.9285714285714286,1,14,1,1,1,1
812,000299_cam1_0_06.jpg,299,0,-1,True,13,819,1.0,1.0,1,13,1,1,1,1
813,000299_cam1_0_07.jpg,299,0,-1,True,13,819,0.9897435897435898,0.8666666666666667,1,15,1,1,1,1
814,000299_cam1_0_08.jpg,299,0,-1,True,13,819,0.9706959706959707,0.6190476190476191,1,21,1,1,1,1
815,000299_cam1_0_09.jpg,299,0,-1,True,13,819,1.0,1.0,1,13,1,1,1,1
816,000299_cam1_0_10.jpg,299,0,-1,True,13,819,1.0,1.0,1,13,1,1,1,1
817,000299_cam1_0_11.jpg,299,0,-1,True,13,819,0.8841542515455559,0.5652173913043478,1,23,1,1,1,1
818,000299_cam1_0_12.jpg,299,0,-1,True,13,819,0.9057430772494294,0.4482758620689655,1,29,1,1,1,1
819,000299_cam1_0_13.jpg,299,0,-1,True,13,819,0.5919761799286686,0.2549019607843137,1,51,1,1,1,1
820,000299_cam1_0_14.jpg,299,0,-1,True,13,819,0.9359470657547582,0.8125,1,16,1,1,1,1
821,000299_cam1_0_15.jpg,299,0,-1,True,13,819,0.9539136302294197,0.6842105263157895,1,19,1,1,1,1
822,000299_cam1_0_16.jpg,299,0,-1,True,13,819,0.8302519118308592,0.17105263157894737,1,76,1,1,1,1
823,000299_cam2_0_00.jpg,299,1,-1,True,17,823,0.9631829857449051,0.8095238095238095,1,21,1,1,1,1
824,000299_cam2_0_01.jpg,299,1,-1,True,17,823,0.8329384839446758,0.6538461538461539,1,26,1,1,1,1
825,000299_cam2_0_02.jpg,299,1,-1,True,17,823,0.9520216782365121,0.7391304347826086,1,23,1,1,1,1
826,000299_cam2_0_03.jpg,299,1,-1,True,17,823,0.8148544102955867,0.6538461538461539,1,26,1,1,1,1
827,000299_cam2_0_04.jpg,299,1,-1,True,17,823,0.7278629066691351,0.38636363636363635,1,44,1,1,1,1
828,000299_cam2_0_05.jpg,299,1,-1,True,17,823,0.8939653844607406,0.68,1,25,1,1,1,1
829,000299_cam2_0_06.jpg,299,1,-1,True,17,823,0.9462581141920061,0.8095238095238095,1,21,1,1,1,1
830,000299_cam2_0_07.jpg,299,1,-1,True,17,823,0.9676028306059266,0.6071428571428571,1,28,1,1,1,1
831,000299_cam2_0_08.jpg,299,1,-1,True,17,823,0.9827498027074607,0.8947368421052632,1,19,1,1,1,1
832,000299_cam2_0_09.jpg,299,1,-1,True,17,823,1.0,1.0,1,17,1,1,1,1
833,000299_cam2_0_10.jpg,299,1,-1,True,17,823,0.9650719714733557,0.85,1,20,1,1,1,1
834,000299_cam2_0_11.jpg,299,1,-1,True,17,823,0.9967320261437908,0.9444444444444444,1,18,1,1,1,1
835,000299_cam2_0_12.jpg,299,1,-1,True,17,823,0.8453633640484852,0.5666666666666667,1,30,1,1,1,1
