query_index,name,identity,camera,scene,valid,relevant_gallery,kept_gallery,AP,INP,first_match,last_match,Rank-1,Rank-5,Rank-10,Rank-20
0,0002_s002_v0_000.jpg,2,0,2,True,2,1053,1.0,1.0,1,2,1,1,1,1
1,0002_s002_v3_001.jpg,2,3,2,True,2,1053,0.8333333333333333,0.6666666666666666,1,3,1,1,1,1
2,0002_s013_v1_002.jpg,2,1,13,True,2,1053,1.0,1.0,1,2,1,1,1,1
3,0002_s013_v4_003.jpg,2,4,13,True,2,1053,0.8333333333333333,0.6666666666666666,1,3,1,1,1,1
4,0004_s002_v3_000.jpg,4,3,2,True,11,1054,0.7366534980171344,0.19642857142857142,1,56,1,1,1,1
5,0004_s007_v1_010.jpg,4,1,7,True,10,1053,0.951923076923077,0.7692307692307693,1,13,1,1,1,1
6,0004_s007_v6_011.jpg,4,6,7,True,10,1053,0.5565961472308221,0.17543859649122806,1,57,1,1,1,1
7,0004_s021_v1_001.jpg,4,1,21,True,10,1053,0.9024281274281275,0.7692307692307693,1,13,1,1,1,1
8,0004_s021_v7_002.jpg,4,7,21,True,10,1053,0.7084290995046144,0.43478260869565216,1,23,1,1,1,1
9,0004_s022_v3_003.jpg,4,3,22,True,10,1053,0.3661741860881029,0.10101010101010101,3,99,0,1,1,1
10,0004_s022_v4_004.jpg,4,4,22,True,10,1053,0.21004637563461093,0.06756756756756757,3,148,0,1,1,1
11,0004_s026_v0_005.jpg,4,0,26,True,7,1050,0.7449509746474473,0.10144927536231885,1,69,1,1,1,1
12,0004_s026_v1_006.jpg,4,1,26,True,7,1050,0.5825541125541125,0.14,1,50,1,1,1,1
13,0004_s026_v2_007.jpg,4,2,26,True,7,1050,0.2722009493308135,0.040697674418604654,3,172,0,1,1,1
14,0004_s026_v6_008.jpg,4,6,26,True,7,1050,0.8373376623376624,0.6363636363636364,1,11,1,1,1,1
15,0004_s026_v7_009.jpg,4,7,26,True,7,1050,0.74990416560184,0.16279069767441862,1,43,1,1,1,1
16,0006_s002_v1_000.jpg,6,1,2,True,14,1053,0.17505069238433152,0.043343653250773995,1,323,1,1,1,1
17,0006_s002_v7_001.jpg,6,7,2,True,14,1053,0.28571478000297057,0.15555555555555556,1,90,1,1,1,1
18,0006_s007_v0_012.jpg,6,0,7,True,12,1051,0.3289532137471562,0.21052631578947367,4,57,0,1,1,1
19,0006_s007_v4_013.jpg,6,4,7,True,12,1051,0.6296837421837421,0.19047619047619047,1,63,1,1,1,1
20,0006_s007_v5_014.jpg,6,5,7,True,12,1051,0.4407828872289657,0.23529411764705882,3,51,0,1,1,1
21,0006_s007_v6_015.jpg,6,6,7,True,12,1051,0.4983750049539523,0.15789473684210525,1,76,1,1,1,1
22,0006_s027_v1_002.jpg,6,1,27,True,10,1049,0.5397577842479159,0.078125,1,128,1,1,1,1
23,0006_s027_v2_003.jpg,6,2,27,True,10,1049,0.6082684019817318,0.04975124378109453,1,201,1,1,1,1
24,0006_s027_v3_004.jpg,6,3,27,True,10,1049,0.7316335101679929,0.08620689655172414,1,116,1,1,1,1
25,0006_s027_v4_005.jpg,6,4,27,True,10,1049,0.6915901745313511,0.08403361344537816,1,119,1,1,1,1
26,0006_s027_v5_006.jpg,6,5,27,True,10,1049,0.6299918147238672,0.047619047619047616,1,210,1,1,1,1
27,0006_s027_v7_007.jpg,6,7,27,True,10,1049,0.3278455792722266,0.07874015748031496,2,127,0,1,1,1
28,0006_s028_v2_008.jpg,6,2,28,True,12,1051,0.6813033601548618,0.10909090909090909,1,110,1,1,1,1
29,0006_s028_v3_009.jpg,6,3,28,True,12,1051,0.6211953494848231,0.07894736842105263,1,152,1,1,1,1
30,0006_s028_v4_010.jpg,6,4,28,True,12,1051,0.6775247234919024,0.0670391061452514,1,179,1,1,1,1
31,0006_s028_v5_011.jpg,6,5,28,True,12,1051,0.7627503779289495,0.12244897959183673,1,98,1,1,1,1
32,0008_s002_v0_000.jpg,8,0,2,True,12,1052,0.14851683151107878,0.0670391061452514,3,179,0,1,1,1
33,0008_s002_v3_001.jpg,8,3,2,True,12,1052,0.07946617195159268,0.053811659192825115,13,223,0,0,0,1
34,0008_s002_v5_002.jpg,8,5,2,True,12,1052,0.26087189398319793,0.09302325581395349,2,129,0,1,1,1
35,0008_s005_v3_013.jpg,8,3,5,True,13,1053,0.14209570408170447,0.03651685393258427,2,356,0,1,1,1
36,0008_s005_v5_014.jpg,8,5,5,True,13,1053,0.2586281442382742,0.06989247311827956,1,186,1,1,1,1
37,0008_s018_v4_003.jpg,8,4,18,True,13,1053,0.13447297395015467,0.06220095693779904,5,209,0,1,1,1
38,0008_s018_v5_004.jpg,8,5,18,True,13,1053,0.15300728845050793,0.051587301587301584,2,252,0,1,1,1
39,0008_s025_v0_005.jpg,8,0,25,True,7,1047,0.06638726408074483,0.021538461538461538,5,325,0,1,1,1
40,0008_s025_v1_006.jpg,8,1,25,True,7,1047,0.028405445694669684,0.021806853582554516,33,321,0,0,0,0
41,0008_s025_v2_007.jpg,8,2,25,True,7,1047,0.009391611865055874,0.008827238335435058,181,793,0,0,0,0
42,0008_s025_v3_008.jpg,8,3,25,True,7,1047,0.04760586399007553,0.024390243902439025,31,287,0,0,0,0
43,0008_s025_v4_009.jpg,8,4,25,True,7,1047,0.05694645490563858,0.04242424242424243,21,165,0,0,0,0
44,0008_s025_v5_010.jpg,8,5,25,True,7,1047,0.08239403610690739,0.05982905982905983,14,117,0,0,0,1
45,0008_s025_v6_011.jpg,8,6,25,True,7,1047,0.0804789901564095,0.028225806451612902,8,248,0,0,1,1
46,0008_s025_v7_012.jpg,8,7,25,True,7,1047,0.09432043110369273,0.022151898734177215,3,316,0,1,1,1
47,0010_s002_v1_000.jpg,10,1,2,True,3,1052,0.9166666666666666,0.75,1,4,1,1,1,1
48,0010_s002_v4_001.jpg,10,4,2,True,3,1052,0.49107142857142855,0.1875,1,16,1,1,1,1
49,0010_s002_v7_002.jpg,10,7,2,True,3,1052,0.9166666666666666,0.75,1,4,1,1,1,1
50,0010_s011_v4_003.jpg,10,4,11,True,3,1052,0.2528138528138528,0.2727272727272727,5,11,0,1,1,1
51,0010_s011_v6_004.jpg,10,6,11,True,3,1052,0.25519713261648747,0.03225806451612903,3,93,0,1,1,1
52,0010_s011_v7_005.jpg,10,7,11,True,3,1052,0.40811965811965806,0.057692307692307696,2,52,0,1,1,1
53,0012_s002_v4_000.jpg,12,4,2,True,2,1053,0.03721075672295185,0.04878048780487805,39,41,0,0,0,0
54,0012_s002_v7_001.jpg,12,7,2,True,2,1053,0.25,0.25,4,8,0,1,1,1
55,0012_s003_v0_002.jpg,12,0,3,True,2,1053,0.11142857142857143,0.08,7,25,0,0,1,1
56,0012_s003_v1_003.jpg,12,1,3,True,2,1053,0.0707196029776675,0.06451612903225806,13,31,0,0,0,1
57,0014_s002_v1_000.jpg,14,1,2,True,6,1053,0.17404627032576217,0.10344827586206896,6,58,0,0,1,1
58,0014_s002_v3_001.jpg,14,3,2,True,6,1053,0.4874176548089591,0.2608695652173913,1,23,1,1,1,1
59,0014_s005_v3_007.jpg,14,3,5,True,7,1054,0.27300010913456296,0.21212121212121213,3,33,0,1,1,1
60,0014_s020_v0_002.jpg,14,0,20,True,3,1050,0.11596424010217114,0.10344827586206896,9,29,0,0,1,1
61,0014_s020_v1_003.jpg,14,1,20,True,3,1050,0.09262820512820513,0.11538461538461539,16,26,0,0,0,1
62,0014_s020_v2_004.jpg,14,2,20,True,3,1050,0.0977657819763083,0.1111111111111111,13,27,0,0,0,1
63,0014_s020_v3_005.jpg,14,3,20,True,3,1050,0.0849673202614379,0.08823529411764706,14,34,0,0,0,1
64,0014_s020_v4_006.jpg,14,4,20,True,3,1050,0.07631691842218158,0.08108108108108109,19,37,0,0,0,1
65,0016_s002_v0_000.jpg,16,0,2,True,5,1052,0.49142857142857144,0.35714285714285715,2,14,0,1,1,1
66,0016_s002_v3_001.jpg,16,3,2,True,5,1052,0.8476190476190476,0.23809523809523808,1,21,1,1,1,1
67,0016_s002_v5_002.jpg,16,5,2,True,5,1052,0.677816091954023,0.1724137931034483,1,29,1,1,1,1
68,0016_s003_v0_003.jpg,16,0,3,True,6,1053,0.33255472141887016,0.0967741935483871,1,62,1,1,1,1
69,0016_s003_v3_004.jpg,16,3,3,True,6,1053,0.9333333333333332,0.6,1,10,1,1,1,1
70,0016_s004_v1_005.jpg,16,1,4,True,5,1052,0.9666666666666666,0.8333333333333334,1,6,1,1,1,1
71,0016_s004_v3_006.jpg,16,3,4,True,5,1052,0.885,0.625,1,8,1,1,1,1
72,0016_s004_v5_007.jpg,16,5,4,True,5,1052,1.0,1.0,1,5,1,1,1,1
73,0020_s003_v4_000.jpg,20,4,3,True,28,1052,0.7854522624807393,0.6363636363636364,1,44,1,1,1,1
74,0020_s003_v5_001.jpg,20,5,3,True,28,1052,0.8741174825099775,0.4827586206896552,1,58,1,1,1,1
75,0020_s003_v7_002.jpg,20,7,3,True,28,1052,0.89408507132749,0.6222222222222222,1,45,1,1,1,1
76,0020_s025_v0_003.jpg,20,0,25,True,26,1050,0.8849000085759354,0.65,1,40,1,1,1,1
77,0020_s025_v3_004.jpg,20,3,25,True,26,1050,0.7651259749549829,0.4482758620689655,1,58,1,1,1,1
78,0020_s025_v4_005.jpg,20,4,25,True,26,1050,0.7747647785547499,0.5306122448979592,1,49,1,1,1,1
79,0020_s025_v5_006.jpg,20,5,25,True,26,1050,0.7618297768002422,0.4642857142857143,1,56,1,1,1,1
80,0020_s025_v6_007.jpg,20,6,25,True,26,1050,0.7215795387980323,0.48148148148148145,1,54,1,1,1,1
81,0020_s026_v0_008.jpg,20,0,26,True,24,1048,0.6824382049514055,0.4528301886792453,1,53,1,1,1,1
82,0020_s026_v1_009.jpg,20,1,26,True,24,1048,0.7893399730241996,0.4444444444444444,1,54,1,1,1,1
83,0020_s026_v2_010.jpg,20,2,26,True,24,1048,0.8692082681593959,0.47058823529411764,1,51,1,1,1,1
84,0020_s026_v3_011.jpg,20,3,26,True,24,1048,0.8489256631732767,0.6153846153846154,1,39,1,1,1,1
85,0020_s026_v4_012.jpg,20,4,26,True,24,1048,0.6868154090325268,0.48,1,50,1,1,1,1
86,0020_s026_v5_013.jpg,20,5,26,True,24,1048,0.8539224995199864,0.5581395348837209,1,43,1,1,1,1
87,0020_s026_v7_014.jpg,20,7,26,True,24,1048,0.6295893238979323,0.4528301886792453,1,53,1,1,1,1
88,0020_s027_v0_015.jpg,20,0,27,True,24,1048,0.6799457392354734,0.41379310344827586,1,58,1,1,1,1
89,0020_s027_v1_016.jpg,20,1,27,True,24,1048,0.5906512947136698,0.5454545454545454,1,44,1,1,1,1
90,0020_s027_v3_017.jpg,20,3,27,True,24,1048,0.8098889878680638,0.5217391304347826,1,46,1,1,1,1
91,0020_s027_v4_018.jpg,20,4,27,True,24,1048,0.7097525438417202,0.5454545454545454,1,44,1,1,1,1
92,0020_s027_v5_019.jpg,20,5,27,True,24,1048,0.8695162484244433,0.5714285714285714,1,42,1,1,1,1
93,0020_s027_v6_020.jpg,20,6,27,True,24,1048,0.838473239472774,0.5106382978723404,1,47,1,1,1,1
94,0020_s027_v7_021.jpg,20,7,27,True,24,1048,0.7173757044779879,0.6153846153846154,2,39,0,1,1,1
95,0020_s028_v0_022.jpg,20,0,28,True,27,1051,0.7922021528848697,0.5094339622641509,1,53,1,1,1,1
96,0020_s028_v1_023.jpg,20,1,28,True,27,1051,0.7603288403080606,0.5,1,54,1,1,1,1
97,0020_s028_v3_024.jpg,20,3,28,True,27,1051,0.8259109330855519,0.47368421052631576,1,57,1,1,1,1
98,0020_s028_v5_025.jpg,20,5,28,True,27,1051,0.8546793696258933,0.4909090909090909,1,55,1,1,1,1
99,0020_s030_v1_026.jpg,20,1,30,True,26,1050,0.4939260622861515,0.27956989247311825,1,93,1,1,1,1
100,0020_s030_v4_027.jpg,20,4,30,True,26,1050,0.8015436691721614,0.43333333333333335,1,60,1,1,1,1
101,0020_s030_v5_028.jpg,20,5,30,True,26,1050,0.9092772653680973,0.5909090909090909,1,44,1,1,1,1
102,0020_s030_v6_029.jpg,20,6,30,True,26,1050,0.9143146648518081,0.5652173913043478,1,46,1,1,1,1
103,0020_s030_v7_030.jpg,20,7,30,True,26,1050,0.7566241251369967,0.36619718309859156,1,71,1,1,1,1
104,0022_s003_v3_007.jpg,22,3,3,True,7,1053,0.21265030402404864,0.08536585365853659,2,82,0,1,1,1
105,0022_s003_v5_008.jpg,22,5,3,True,7,1053,0.14014500537056926,0.07142857142857142,5,98,0,1,1,1
106,0022_s012_v4_000.jpg,22,4,12,True,7,1053,0.38546453546453546,0.35,2,20,0,1,1,1
107,0022_s012_v7_001.jpg,22,7,12,True,7,1053,0.4037179043490403,0.15217391304347827,1,46,1,1,1,1
108,0022_s019_v0_002.jpg,22,0,19,True,4,1050,0.21605392156862743,0.0392156862745098,2,102,0,1,1,1
109,0022_s019_v3_003.jpg,22,3,19,True,4,1050,0.2607142857142857,0.2,2,20,0,1,1,1
110,0022_s019_v4_004.jpg,22,4,19,True,4,1050,0.6833333333333333,0.4,1,10,1,1,1,1
111,0022_s019_v5_005.jpg,22,5,19,True,4,1050,0.45892857142857146,0.2857142857142857,1,14,1,1,1,1
112,0022_s019_v7_006.jpg,22,7,19,True,4,1050,0.3135648289166413,0.05970149253731343,1,67,1,1,1,1
113,0024_s000_v0_026.jpg,24,0,0,True,26,1047,0.9324099891270686,0.6341463414634146,1,41,1,1,1,1
114,0024_s000_v1_030.jpg,24,1,0,True,26,1047,0.9794269512538742,0.8125,1,32,1,1,1,1
115,0024_s000_v2_028.jpg,24,2,0,True,26,1047,0.9794376792537329,0.8666666666666667,1,30,1,1,1,1
116,0024_s000_v3_031.jpg,24,3,0,True,26,1047,0.8435240130347286,0.2524271844660194,1,103,1,1,1,1
117,0024_s000_v4_027.jpg,24,4,0,True,26,1047,0.6369213601722378,0.325,1,80,1,1,1,1
118,0024_s000_v5_032.jpg,24,5,0,True,26,1047,0.32476798171104954,0.10699588477366255,5,243,0,1,1,1
119,0024_s000_v6_029.jpg,24,6,0,True,26,1047,0.6613545243737774,0.25,1,104,1,1,1,1
120,0024_s000_v7_033.jpg,24,7,0,True,26,1047,0.8981877854963438,0.3291139240506329,1,79,1,1,1,1
121,0024_s003_v0_004.jpg,24,0,3,True,31,1052,0.9847939509507918,0.775,1,40,1,1,1,1
122,0024_s003_v5_005.jpg,24,5,3,True,31,1052,0.9554268252655349,0.5166666666666667,1,60,1,1,1,1
123,0024_s003_v6_006.jpg,24,6,3,True,31,1052,0.9095431051438625,0.5081967213114754,1,61,1,1,1,1
124,0024_s012_v0_000.jpg,24,0,12,True,30,1051,0.851429189588247,0.3225806451612903,1,93,1,1,1,1
125,0024_s012_v3_001.jpg,24,3,12,True,30,1051,0.8705816937111309,0.47619047619047616,1,63,1,1,1,1
126,0024_s012_v5_002.jpg,24,5,12,True,30,1051,0.866785823058293,0.3488372093023256,1,86,1,1,1,1
127,0024_s012_v7_003.jpg,24,7,12,True,30,1051,0.8972123092958934,0.4166666666666667,1,72,1,1,1,1
128,0024_s025_v0_007.jpg,24,0,25,True,27,1048,0.9727764600944678,0.75,1,36,1,1,1,1
129,0024_s025_v1_008.jpg,24,1,25,True,27,1048,0.9149490900757447,0.3253012048192771,1,83,1,1,1,1
130,0024_s025_v2_009.jpg,24,2,25,True,27,1048,0.9311685640950913,0.627906976744186,1,43,1,1,1,1
131,0024_s025_v3_010.jpg,24,3,25,True,27,1048,0.9261827896141622,0.5294117647058824,1,51,1,1,1,1
132,0024_s025_v4_011.jpg,24,4,25,True,27,1048,0.9870572185139899,0.9310344827586207,1,29,1,1,1,1
133,0024_s025_v5_012.jpg,24,5,25,True,27,1048,0.9327271158073495,0.6428571428571429,1,42,1,1,1,1
134,0024_s025_v7_013.jpg,24,7,25,True,27,1048,0.899216673759444,0.5192307692307693,1,52,1,1,1,1
135,0024_s028_v0_014.jpg,24,0,28,True,26,1047,0.7037400447595695,0.11403508771929824,1,228,1,1,1,1
136,0024_s028_v1_015.jpg,24,1,28,True,26,1047,0.9362882006328893,0.35135135135135137,1,74,1,1,1,1
137,0024_s028_v2_016.jpg,24,2,28,True,26,1047,0.9595602417547802,0.7647058823529411,1,34,1,1,1,1
138,0024_s028_v3_017.jpg,24,3,28,True,26,1047,0.9774544229716644,0.7428571428571429,1,35,1,1,1,1
139,0024_s028_v4_018.jpg,24,4,28,True,26,1047,0.8681536679612752,0.5306122448979592,1,49,1,1,1,1
140,0024_s028_v5_019.jpg,24,5,28,True,26,1047,0.8934650702761732,0.7222222222222222,1,36,1,1,1,1
141,0024_s028_v6_020.jpg,24,6,28,True,26,1047,0.9543844244486167,0.7222222222222222,1,36,1,1,1,1
142,0024_s028_v7_021.jpg,24,7,28,True,26,1047,0.9644124676419827,0.7878787878787878,1,33,1,1,1,1
143,0024_s029_v1_022.jpg,24,1,29,True,30,1051,0.9423564029037175,0.5,1,60,1,1,1,1
144,0024_s029_v2_023.jpg,24,2,29,True,30,1051,0.813597206430275,0.26785714285714285,1,112,1,1,1,1
145,0024_s029_v3_024.jpg,24,3,29,True,30,1051,0.896702749020941,0.4225352112676056,1,71,1,1,1,1
146,0024_s029_v7_025.jpg,24,7,29,True,30,1051,0.9263718076244696,0.5660377358490566,1,53,1,1,1,1
147,0026_s002_v2_000.jpg,26,2,2,True,22,1053,0.47125733096549477,0.20952380952380953,1,105,1,1,1,1
148,0026_s002_v4_001.jpg,26,4,2,True,22,1053,0.22384542250085,0.06451612903225806,1,341,1,1,1,1
149,0026_s003_v1_007.jpg,26,1,3,True,21,1052,0.36611648940952257,0.21875,1,96,1,1,1,1
150,0026_s003_v3_008.jpg,26,3,3,True,21,1052,0.4424195999929326,0.26582278481012656,1,79,1,1,1,1
151,0026_s003_v5_009.jpg,26,5,3,True,21,1052,0.3863034049751454,0.1875,1,112,1,1,1,1
152,0026_s005_v1_022.jpg,26,1,5,True,22,1053,0.4403814651249691,0.25,1,88,1,1,1,1
153,0026_s005_v3_023.jpg,26,3,5,True,22,1053,0.4366721876352351,0.24444444444444444,1,90,1,1,1,1
154,0026_s014_v1_002.jpg,26,1,14,True,22,1053,0.4374303977305013,0.1774193548387097,1,124,1,1,1,1
155,0026_s014_v4_003.jpg,26,4,14,True,22,1053,0.3458034488595384,0.16058394160583941,1,137,1,1,1,1
156,0026_s020_v4_004.jpg,26,4,20,True,21,1052,0.47290145694346014,0.14788732394366197,3,142,0,1,1,1
157,0026_s020_v5_005.jpg,26,5,20,True,21,1052,0.7278710722464347,0.11052631578947368,1,190,1,1,1,1
158,0026_s020_v7_006.jpg,26,7,20,True,21,1052,0.6997398659366005,0.12962962962962962,1,162,1,1,1,1
159,0026_s025_v0_010.jpg,26,0,25,True,18,1049,0.38404961319621556,0.16666666666666666,1,108,1,1,1,1
160,0026_s025_v1_011.jpg,26,1,25,True,18,1049,0.4185585075146403,0.13432835820895522,1,134,1,1,1,1
161,0026_s025_v4_012.jpg,26,4,25,True,18,1049,0.39523821283105753,0.12949640287769784,1,139,1,1,1,1
162,0026_s025_v5_013.jpg,26,5,25,True,18,1049,0.5158363121131,0.13333333333333333,1,135,1,1,1,1
163,0026_s025_v6_014.jpg,26,6,25,True,18,1049,0.5910610687389908,0.08571428571428572,1,210,1,1,1,1
164,0026_s025_v7_015.jpg,26,7,25,True,18,1049,0.6147308304113893,0.15517241379310345,1,116,1,1,1,1
165,0026_s027_v1_016.jpg,26,1,27,True,18,1049,0.5556811317641944,0.16666666666666666,1,108,1,1,1,1
166,0026_s027_v3_017.jpg,26,3,27,True,18,1049,0.45733637974678437,0.125,1,144,1,1,1,1
167,0026_s027_v4_018.jpg,26,4,27,True,18,1049,0.3976890618983409,0.12857142857142856,1,140,1,1,1,1
168,0026_s027_v5_019.jpg,26,5,27,True,18,1049,0.5281111514095653,0.17142857142857143,1,105,1,1,1,1
169,0026_s027_v6_020.jpg,26,6,27,True,18,1049,0.512158060102698,0.1276595744680851,1,141,1,1,1,1
170,0026_s027_v7_021.jpg,26,7,27,True,18,1049,0.5848891856384328,0.3,1,60,1,1,1,1
171,0030_s004_v5_002.jpg,30,5,4,True,4,1053,0.6644927536231884,0.057971014492753624,1,69,1,1,1,1
172,0030_s004_v7_003.jpg,30,7,4,True,4,1053,0.3729442970822281,0.13793103448275862,1,29,1,1,1,1
173,0030_s005_v5_004.jpg,30,5,5,True,4,1053,0.5344827586206896,0.034482758620689655,1,116,1,1,1,1
174,0030_s005_v7_005.jpg,30,7,5,True,4,1053,0.5401785714285714,0.2857142857142857,1,14,1,1,1,1
175,0030_s018_v0_000.jpg,30,0,18,True,4,1053,0.04304416343677215,0.019417475728155338,10,206,0,0,1,1
176,0030_s018_v3_001.jpg,30,3,18,True,4,1053,0.375,0.10256410256410256,2,39,0,1,1,1
177,0034_s004_v1_006.jpg,34,1,4,True,11,1053,0.8033556721056722,0.34375,1,32,1,1,1,1
178,0034_s004_v3_007.jpg,34,3,4,True,11,1053,0.8813131313131314,0.5,1,22,1,1,1,1
179,0034_s005_v1_008.jpg,34,1,5,True,10,1052,0.9378174603174603,0.7142857142857143,1,14,1,1,1,1
180,0034_s005_v3_009.jpg,34,3,5,True,10,1052,0.8828102453102453,0.5555555555555556,1,18,1,1,1,1
181,0034_s005_v7_010.jpg,34,7,5,True,10,1052,0.7530050505050505,0.625,1,16,1,1,1,1
182,0034_s009_v1_011.jpg,34,1,9,True,11,1053,0.7572598454177402,0.2894736842105263,1,38,1,1,1,1
183,0034_s009_v3_012.jpg,34,3,9,True,11,1053,0.7717563138615771,0.3142857142857143,1,35,1,1,1,1
184,0034_s014_v1_000.jpg,34,1,14,True,10,1052,0.6232234432234433,0.38461538461538464,1,26,1,1,1,1
185,0034_s014_v3_001.jpg,34,3,14,True,10,1052,0.7602380952380953,0.4166666666666667,1,24,1,1,1,1
186,0034_s014_v4_002.jpg,34,4,14,True,10,1052,0.48168557896987024,0.17543859649122806,1,57,1,1,1,1
187,0034_s018_v1_003.jpg,34,1,18,True,10,1052,0.4681348422109292,0.10416666666666667,1,96,1,1,1,1
188,0034_s018_v3_004.jpg,34,3,18,True,10,1052,0.2878290500132477,0.07692307692307693,2,130,0,1,1,1
189,0034_s018_v5_005.jpg,34,5,18,True,10,1052,0.4227935340802988,0.2777777777777778,2,36,0,1,1,1
190,0036_s000_v0_011.jpg,36,0,0,True,11,1048,0.02294291148507012,0.02576112412177986,133,427,0,0,0,0
191,0036_s000_v1_015.jpg,36,1,0,True,11,1048,0.03421534175374142,0.036544850498338874,100,301,0,0,0,0
192,0036_s000_v2_013.jpg,36,2,0,True,11,1048,0.016855624208559957,0.023206751054852322,165,474,0,0,0,0
193,0036_s000_v3_016.jpg,36,3,0,True,11,1048,0.02195750006599254,0.01510989010989011,97,728,0,0,0,0
194,0036_s000_v4_012.jpg,36,4,0,True,11,1048,0.012755227055348602,0.015759312320916905,218,698,0,0,0,0
195,0036_s000_v5_017.jpg,36,5,0,True,11,1048,0.023371877957979178,0.015965166908563134,87,689,0,0,0,0
196,0036_s000_v6_014.jpg,36,6,0,True,11,1048,0.028963053437065924,0.03374233128834356,78,326,0,0,0,0
197,0036_s004_v1_003.jpg,36,1,4,True,16,1053,0.5037877273620629,0.03755868544600939,1,426,1,1,1,1
198,0036_s004_v3_004.jpg,36,3,4,True,16,1053,0.4924242201694752,0.04984423676012461,1,321,1,1,1,1
199,0036_s007_v6_005.jpg,36,6,7,True,17,1054,0.3326340822383974,0.03777777777777778,1,450,1,1,1,1
200,0036_s008_v1_006.jpg,36,1,8,True,16,1053,0.3896438165243018,0.0299625468164794,1,534,1,1,1,1
201,0036_s008_v7_007.jpg,36,7,8,True,16,1053,0.4189705444133296,0.04199475065616798,1,381,1,1,1,1
202,0036_s009_v1_008.jpg,36,1,9,True,15,1052,0.44218345488066224,0.03424657534246575,1,438,1,1,1,1
203,0036_s009_v4_009.jpg,36,4,9,True,15,1052,0.3101085395203724,0.02895752895752896,1,518,1,1,1,1
204,0036_s009_v7_010.jpg,36,7,9,True,15,1052,0.487254007533611,0.03067484662576687,1,489,1,1,1,1
205,0036_s012_v1_000.jpg,36,1,12,True,15,1052,0.31149724115462085,0.020891364902506964,1,718,1,1,1,1
206,0036_s012_v4_001.jpg,36,4,12,True,15,1052,0.4298834710543863,0.027522935779816515,1,545,1,1,1,1
207,0036_s012_v7_002.jpg,36,7,12,True,15,1052,0.216373899100209,0.016008537886873,2,937,0,1,1,1
208,0045_s005_v1_000.jpg,45,1,5,True,3,1052,0.4777777777777777,0.6,3,5,0,1,1,1
209,0045_s005_v3_001.jpg,45,3,5,True,3,1052,1.0,1.0,1,3,1,1,1,1
210,0045_s005_v7_002.jpg,45,7,5,True,3,1052,1.0,1.0,1,3,1,1,1,1
211,0045_s009_v1_003.jpg,45,1,9,True,3,1052,0.6388888888888888,0.75,2,4,0,1,1,1
212,0045_s009_v3_004.jpg,45,3,9,True,3,1052,0.6388888888888888,0.75,2,4,0,1,1,1
213,0045_s009_v5_005.jpg,45,5,9,True,3,1052,0.6388888888888888,0.75,2,4,0,1,1,1
214,0047_s005_v1_003.jpg,47,1,5,True,6,1053,0.9444444444444445,0.6666666666666666,1,9,1,1,1,1
215,0047_s005_v2_004.jpg,47,2,5,True,6,1053,0.6634920634920635,0.3333333333333333,1,18,1,1,1,1
216,0047_s009_v1_005.jpg,47,1,9,True,5,1052,0.8099999999999999,0.25,1,20,1,1,1,1
217,0047_s009_v4_006.jpg,47,4,9,True,5,1052,1.0,1.0,1,5,1,1,1,1
218,0047_s009_v7_007.jpg,47,7,9,True,5,1052,0.9666666666666666,0.8333333333333334,1,6,1,1,1,1
219,0047_s018_v0_000.jpg,47,0,18,True,5,1052,0.31874269005847955,0.2631578947368421,3,19,0,1,1,1
220,0047_s018_v1_001.jpg,47,1,18,True,5,1052,0.9266666666666665,0.8333333333333334,1,6,1,1,1,1
221,0047_s018_v7_002.jpg,47,7,18,True,5,1052,1.0,1.0,1,5,1,1,1,1
222,0059_s007_v2_015.jpg,59,2,7,True,18,1053,0.4521324755119614,0.23076923076923078,1,78,1,1,1,1
223,0059_s007_v7_016.jpg,59,7,7,True,18,1053,0.5392125930576357,0.1956521739130435,1,92,1,1,1,1
224,0059_s011_v1_017.jpg,59,1,11,True,17,1052,0.3932458182820081,0.09826589595375723,1,173,1,1,1,1
225,0059_s011_v5_018.jpg,59,5,11,True,17,1052,0.4462832656877751,0.17,1,100,1,1,1,1
226,0059_s011_v7_019.jpg,59,7,11,True,17,1052,0.6002949234613755,0.14782608695652175,1,115,1,1,1,1
227,0059_s015_v1_000.jpg,59,1,15,True,17,1052,0.5347816606901379,0.15315315315315314,1,111,1,1,1,1
228,0059_s015_v2_001.jpg,59,2,15,True,17,1052,0.6589344311956082,0.288135593220339,1,59,1,1,1,1
229,0059_s015_v6_002.jpg,59,6,15,True,17,1052,0.7778934383520772,0.2,1,85,1,1,1,1
230,0059_s016_v0_003.jpg,59,0,16,True,18,1053,0.5153903629378471,0.18,1,100,1,1,1,1
231,0059_s016_v7_004.jpg,59,7,16,True,18,1053,0.6526657505429955,0.29508196721311475,1,61,1,1,1,1
232,0059_s021_v1_005.jpg,59,1,21,True,16,1051,0.4796404537213633,0.09815950920245399,1,163,1,1,1,1
233,0059_s021_v2_006.jpg,59,2,21,True,16,1051,0.5284530710800694,0.03455723542116631,1,463,1,1,1,1
234,0059_s021_v3_007.jpg,59,3,21,True,16,1051,0.6357708584746076,0.08247422680412371,1,194,1,1,1,1
235,0059_s021_v7_008.jpg,59,7,21,True,16,1051,0.8761567272596684,0.36363636363636365,1,44,1,1,1,1
236,0059_s028_v0_009.jpg,59,0,28,True,14,1049,0.5507397931661606,0.2,1,70,1,1,1,1
237,0059_s028_v1_010.jpg,59,1,28,True,14,1049,0.877916014890805,0.4,1,35,1,1,1,1
238,0059_s028_v2_011.jpg,59,2,28,True,14,1049,0.6458540831111671,0.14893617021276595,1,94,1,1,1,1
239,0059_s028_v5_012.jpg,59,5,28,True,14,1049,0.6016919346348301,0.10218978102189781,1,137,1,1,1,1
240,0059_s028_v6_013.jpg,59,6,28,True,14,1049,0.5951792832740284,0.09210526315789473,1,152,1,1,1,1
241,0059_s028_v7_014.jpg,59,7,28,True,14,1049,0.8344208196098952,0.5833333333333334,1,24,1,1,1,1
242,0063_s007_v0_007.jpg,63,0,7,True,7,1052,0.5247707778763678,0.30434782608695654,2,23,0,1,1,1
243,0063_s007_v2_008.jpg,63,2,7,True,7,1052,0.7608643457382954,0.4117647058823529,1,17,1,1,1,1
244,0063_s007_v3_009.jpg,63,3,7,True,7,1052,0.826190476190476,0.35,1,20,1,1,1,1
245,0063_s025_v0_000.jpg,63,0,25,True,3,1048,0.6180555555555555,0.1875,1,16,1,1,1,1
246,0063_s025_v1_001.jpg,63,1,25,True,3,1048,0.8666666666666667,0.6,1,5,1,1,1,1
247,0063_s025_v3_002.jpg,63,3,25,True,3,1048,0.6916666666666668,0.075,1,40,1,1,1,1
248,0063_s025_v4_003.jpg,63,4,25,True,3,1048,0.5888888888888889,0.6,2,5,0,1,1,1
249,0063_s025_v5_004.jpg,63,5,25,True,3,1048,0.7192982456140351,0.15789473684210525,1,19,1,1,1,1
250,0063_s025_v6_005.jpg,63,6,25,True,3,1048,0.6818181818181818,0.045454545454545456,1,66,1,1,1,1
251,0063_s025_v7_006.jpg,63,7,25,True,3,1048,0.3357142857142857,0.10714285714285714,2,28,0,1,1,1
252,0069_s008_v2_003.jpg,69,2,8,True,3,1052,0.061642311401231366,0.04918032786885246,17,61,0,0,0,1
253,0069_s008_v4_004.jpg,69,4,8,True,3,1052,0.020926704014939308,0.005357142857142857,21,560,0,0,0,0
254,0069_s008_v7_005.jpg,69,7,8,True,3,1052,0.14484126984126983,0.14285714285714285,6,21,0,0,1,1
255,0069_s012_v1_000.jpg,69,1,12,True,3,1052,0.05473521767381417,0.0375,19,80,0,0,0,1
256,0069_s012_v5_001.jpg,69,5,12,True,3,1052,0.09298109298109299,0.07692307692307693,9,39,0,0,1,1
257,0069_s012_v7_002.jpg,69,7,12,True,3,1052,0.04223743249047327,0.01910828025477707,17,157,0,0,0,1
258,0075_s009_v3_016.jpg,75,3,9,True,16,1052,0.44510745237251836,0.09696969696969697,1,165,1,1,1,1
259,0075_s009_v5_017.jpg,75,5,9,True,16,1052,0.666771968238741,0.12030075187969924,1,133,1,1,1,1
260,0075_s009_v7_018.jpg,75,7,9,True,16,1052,0.18481200652616092,0.13445378151260504,2,119,0,1,1,1
261,0075_s012_v1_000.jpg,75,1,12,True,16,1052,0.4052710887760981,0.07655502392344497,2,209,0,1,1,1
262,0075_s012_v3_001.jpg,75,3,12,True,16,1052,0.5795706337665005,0.12307692307692308,1,130,1,1,1,1
263,0075_s012_v4_002.jpg,75,4,12,True,16,1052,0.494890309635733,0.09090909090909091,1,176,1,1,1,1
264,0075_s019_v0_003.jpg,75,0,19,True,16,1052,0.4918763410440915,0.10256410256410256,1,156,1,1,1,1
265,0075_s019_v3_004.jpg,75,3,19,True,16,1052,0.7445703390922891,0.26229508196721313,1,61,1,1,1,1
266,0075_s019_v5_005.jpg,75,5,19,True,16,1052,0.5143046259400292,0.08839779005524862,1,181,1,1,1,1
267,0075_s021_v1_006.jpg,75,1,21,True,15,1051,0.5859847566960427,0.14018691588785046,1,107,1,1,1,1
268,0075_s021_v5_007.jpg,75,5,21,True,15,1051,0.15599725465293,0.1282051282051282,8,117,0,0,1,1
269,0075_s021_v6_008.jpg,75,6,21,True,15,1051,0.18607353706557753,0.10638297872340426,4,141,0,1,1,1
270,0075_s021_v7_009.jpg,75,7,21,True,15,1051,0.4761312267801092,0.2054794520547945,3,73,0,1,1,1
271,0075_s029_v0_010.jpg,75,0,29,True,13,1049,0.42367464096792573,0.08904109589041095,1,146,1,1,1,1
272,0075_s029_v1_011.jpg,75,1,29,True,13,1049,0.38754641195655737,0.0948905109489051,1,137,1,1,1,1
273,0075_s029_v2_012.jpg,75,2,29,True,13,1049,0.6869607315761163,0.09090909090909091,1,143,1,1,1,1
274,0075_s029_v3_013.jpg,75,3,29,True,13,1049,0.5921204544507711,0.1,1,130,1,1,1,1
275,0075_s029_v5_014.jpg,75,5,29,True,13,1049,0.6718191343272039,0.07222222222222222,1,180,1,1,1,1
276,0075_s029_v6_015.jpg,75,6,29,True,13,1049,0.7083761588712705,0.11926605504587157,1,109,1,1,1,1
277,0079_s010_v1_006.jpg,79,1,10,True,6,1053,0.7232142857142857,0.14285714285714285,1,42,1,1,1,1
278,0079_s010_v3_007.jpg,79,3,10,True,6,1053,0.8708333333333332,0.6,1,10,1,1,1,1
279,0079_s013_v1_000.jpg,79,1,13,True,6,1053,0.71005291005291,0.2222222222222222,1,27,1,1,1,1
280,0079_s013_v3_001.jpg,79,3,13,True,6,1053,0.6696127946127947,0.5454545454545454,1,11,1,1,1,1
281,0079_s022_v1_002.jpg,79,1,22,True,4,1051,0.875,0.5,1,8,1,1,1,1
282,0079_s022_v3_003.jpg,79,3,22,True,4,1051,0.4395363408521303,0.21052631578947367,1,19,1,1,1,1
283,0079_s022_v4_004.jpg,79,4,22,True,4,1051,0.5525265957446809,0.0851063829787234,1,47,1,1,1,1
284,0079_s022_v5_005.jpg,79,5,22,True,4,1051,0.1662912912912913,0.05405405405405406,3,74,0,1,1,1
285,0088_s010_v1_007.jpg,88,1,10,True,7,1052,0.5768467643467643,0.04487179487179487,1,156,1,1,1,1
286,0088_s010_v3_008.jpg,88,3,10,True,7,1052,0.1021464859657055,0.04430379746835443,6,158,0,0,1,1
287,0088_s010_v7_009.jpg,88,7,10,True,7,1052,0.49750233426704016,0.06862745098039216,1,102,1,1,1,1
288,0088_s013_v2_000.jpg,88,2,13,True,7,1052,0.7857142857142857,0.7,1,10,1,1,1,1
289,0088_s013_v4_001.jpg,88,4,13,True,7,1052,0.07907963971037442,0.03804347826086957,5,184,0,1,1,1
290,0088_s013_v7_002.jpg,88,7,13,True,7,1052,0.42589820893392316,0.21875,1,32,1,1,1,1
291,0088_s015_v1_003.jpg,88,1,15,True,8,1053,0.5790303954175905,0.1951219512195122,1,41,1,1,1,1
292,0088_s015_v7_004.jpg,88,7,15,True,8,1053,0.7258518062397372,0.27586206896551724,1,29,1,1,1,1
293,0088_s022_v1_005.jpg,88,1,22,True,8,1053,0.7140824622531939,0.06504065040650407,1,123,1,1,1,1
294,0088_s022_v7_006.jpg,88,7,22,True,8,1053,0.7070184426229509,0.13114754098360656,1,61,1,1,1,1
295,0090_s000_v0_003.jpg,90,0,0,True,3,1047,0.014305246903343026,0.010169491525423728,73,295,0,0,0,0
296,0090_s000_v1_007.jpg,90,1,0,True,3,1047,0.04321378340365683,0.0379746835443038,20,79,0,0,0,1
297,0090_s000_v2_005.jpg,90,2,0,True,3,1047,0.010717786178892833,0.011627906976744186,116,258,0,0,0,0
298,0090_s000_v3_008.jpg,90,3,0,True,3,1047,0.0193990206947524,0.01818181818181818,64,165,0,0,0,0
299,0090_s000_v4_004.jpg,90,4,0,True,3,1047,0.004658135093471954,0.005545286506469501,348,541,0,0,0,0
300,0090_s000_v5_009.jpg,90,5,0,True,3,1047,0.011579415432052818,0.012658227848101266,118,237,0,0,0,0
301,0090_s000_v6_006.jpg,90,6,0,True,3,1047,0.01422945746620289,0.02054794520547945,129,146,0,0,0,0
302,0090_s000_v7_010.jpg,90,7,0,True,3,1047,0.02673317021143108,0.02608695652173913,33,115,0,0,0,0
303,0090_s010_v1_000.jpg,90,1,10,True,8,1052,0.043753002384854384,0.03404255319148936,41,235,0,0,0,0
304,0090_s010_v3_001.jpg,90,3,10,True,8,1052,0.053636489162425256,0.037914691943127965,37,211,0,0,0,0
305,0090_s010_v5_002.jpg,90,5,10,True,8,1052,0.031587250864702446,0.023880597014925373,86,335,0,0,0,0
306,0092_s010_v1_004.jpg,92,1,10,True,4,1052,0.7214285714285714,0.2857142857142857,1,14,1,1,1,1
307,0092_s010_v4_005.jpg,92,4,10,True,4,1052,0.1408869115958668,0.05970149253731343,5,67,0,1,1,1
308,0092_s010_v7_006.jpg,92,7,10,True,4,1052,0.18885281385281383,0.16666666666666666,6,24,0,0,1,1
309,0092_s022_v0_000.jpg,92,0,22,True,3,1051,0.48433048433048437,0.23076923076923078,1,13,1,1,1,1
310,0092_s022_v1_001.jpg,92,1,22,True,3,1051,0.36996336996337,0.038461538461538464,1,78,1,1,1,1
311,0092_s022_v3_002.jpg,92,3,22,True,3,1051,0.38071208298289877,0.07317073170731707,1,41,1,1,1,1
312,0092_s022_v7_003.jpg,92,7,22,True,3,1051,0.2537414965986394,0.061224489795918366,2,49,0,1,1,1
313,0094_s011_v0_020.jpg,94,0,11,True,20,1053,0.3090873402749384,0.055401662049861494,1,361,1,1,1,1
314,0094_s011_v3_021.jpg,94,3,11,True,20,1053,0.5850911395634568,0.15873015873015872,1,126,1,1,1,1
315,0094_s013_v4_000.jpg,94,4,13,True,20,1053,0.3043873051534492,0.05970149253731343,1,335,1,1,1,1
316,0094_s013_v7_001.jpg,94,7,13,True,20,1053,0.6060792674418278,0.136986301369863,1,146,1,1,1,1
317,0094_s015_v4_002.jpg,94,4,15,True,20,1053,0.2105516202638935,0.04024144869215292,1,497,1,1,1,1
318,0094_s015_v7_003.jpg,94,7,15,True,20,1053,0.5699752878179987,0.14705882352941177,1,136,1,1,1,1
319,0094_s016_v1_004.jpg,94,1,16,True,20,1053,0.47515780416634507,0.14814814814814814,1,135,1,1,1,1
320,0094_s016_v7_005.jpg,94,7,16,True,20,1053,0.37462175280199406,0.11299435028248588,1,177,1,1,1,1
321,0094_s023_v0_006.jpg,94,0,23,True,17,1050,0.33303264514672587,0.09239130434782608,2,184,0,1,1,1
322,0094_s023_v1_007.jpg,94,1,23,True,17,1050,0.24629086418036886,0.136,2,125,0,1,1,1
323,0094_s023_v2_008.jpg,94,2,23,True,17,1050,0.22305033730189808,0.1827956989247312,2,93,0,1,1,1
324,0094_s023_v6_009.jpg,94,6,23,True,17,1050,0.23911786766766507,0.13709677419354838,3,124,0,1,1,1
325,0094_s023_v6_010.jpg,94,6,23,True,17,1050,0.16479070650313632,0.08095238095238096,3,210,0,1,1,1
326,0094_s024_v0_011.jpg,94,0,24,True,16,1049,0.09699473529569508,0.08121827411167512,16,197,0,0,0,1
327,0094_s024_v1_012.jpg,94,1,24,True,16,1049,0.37897489963055203,0.09411764705882353,1,170,1,1,1,1
328,0094_s024_v3_013.jpg,94,3,24,True,16,1049,0.40430211229464885,0.08888888888888889,1,180,1,1,1,1
329,0094_s024_v4_014.jpg,94,4,24,True,16,1049,0.16785513797869514,0.046511627906976744,1,344,1,1,1,1
330,0094_s024_v5_015.jpg,94,5,24,True,16,1049,0.12835096981444488,0.0449438202247191,5,356,0,1,1,1
331,0094_s024_v7_016.jpg,94,7,24,True,16,1049,0.3039380441598223,0.08791208791208792,1,182,1,1,1,1
332,0094_s028_v4_017.jpg,94,4,28,True,19,1052,0.13453706564951173,0.04859335038363171,1,391,1,1,1,1
333,0094_s028_v6_018.jpg,94,6,28,True,19,1052,0.38626675563185675,0.07818930041152264,1,243,1,1,1,1
334,0094_s028_v7_019.jpg,94,7,28,True,19,1052,0.4134369477808621,0.12337662337662338,1,154,1,1,1,1
335,0096_s011_v3_010.jpg,96,3,11,True,10,1052,0.05210690974954413,0.04975124378109453,19,201,0,0,0,1
336,0096_s011_v5_011.jpg,96,5,11,True,10,1052,0.14314736524112737,0.06896551724137931,6,145,0,0,1,1
337,0096_s011_v7_012.jpg,96,7,11,True,10,1052,0.24206608270096291,0.022675736961451247,1,441,1,1,1,1
338,0096_s015_v0_000.jpg,96,0,15,True,10,1052,0.5872347330080692,0.04950495049504951,1,202,1,1,1,1
339,0096_s015_v4_001.jpg,96,4,15,True,10,1052,0.24066498800174915,0.05025125628140704,1,199,1,1,1,1
340,0096_s015_v6_002.jpg,96,6,15,True,10,1052,0.3603815210294644,0.08403361344537816,1,119,1,1,1,1
341,0096_s022_v4_003.jpg,96,4,22,True,11,1053,0.26352854341126325,0.04044117647058824,1,272,1,1,1,1
342,0096_s022_v7_004.jpg,96,7,22,True,11,1053,0.4403615083612802,0.11,1,100,1,1,1,1
343,0096_s024_v5_005.jpg,96,5,24,True,11,1053,0.21325628623685144,0.03728813559322034,1,295,1,1,1,1
344,0096_s024_v7_006.jpg,96,7,24,True,11,1053,0.4324103814814544,0.10891089108910891,1,101,1,1,1,1
345,0096_s028_v0_007.jpg,96,0,28,True,10,1052,0.34913560008292704,0.03367003367003367,1,297,1,1,1,1
346,0096_s028_v5_008.jpg,96,5,28,True,10,1052,0.23187149182033956,0.14084507042253522,1,71,1,1,1,1
347,0096_s028_v7_009.jpg,96,7,28,True,10,1052,0.5017498610021855,0.08771929824561403,1,114,1,1,1,1
348,0100_s011_v1_010.jpg,100,1,11,True,10,1053,0.7492619699141437,0.35714285714285715,1,28,1,1,1,1
349,0100_s011_v4_011.jpg,100,4,11,True,10,1053,0.5873010927691233,0.29411764705882354,1,34,1,1,1,1
350,0100_s017_v0_000.jpg,100,0,17,True,9,1052,0.49524959742351043,0.11538461538461539,1,78,1,1,1,1
351,0100_s017_v1_001.jpg,100,1,17,True,9,1052,0.8928910595577262,0.6428571428571429,1,14,1,1,1,1
352,0100_s017_v3_002.jpg,100,3,17,True,9,1052,0.5936304436304436,0.23076923076923078,1,39,1,1,1,1
353,0100_s025_v0_003.jpg,100,0,25,True,5,1048,0.5571428571428572,0.35714285714285715,1,14,1,1,1,1
354,0100_s025_v1_004.jpg,100,1,25,True,5,1048,0.9666666666666666,0.8333333333333334,1,6,1,1,1,1
355,0100_s025_v2_005.jpg,100,2,25,True,5,1048,0.8261904761904761,0.7142857142857143,1,7,1,1,1,1
356,0100_s025_v3_006.jpg,100,3,25,True,5,1048,0.457085020242915,0.13157894736842105,1,38,1,1,1,1
357,0100_s025_v4_007.jpg,100,4,25,True,5,1048,0.28871245306633286,0.09803921568627451,2,51,0,1,1,1
358,0100_s025_v5_008.jpg,100,5,25,True,5,1048,0.2048826380915933,0.07462686567164178,2,67,0,1,1,1
359,0100_s025_v7_009.jpg,100,7,25,True,5,1048,0.6097527472527473,0.3125,1,16,1,1,1,1
360,0110_s011_v4_002.jpg,110,4,11,True,2,1052,0.53125,0.0625,1,32,1,1,1,1
361,0110_s011_v6_003.jpg,110,6,11,True,2,1052,0.05012531328320802,0.047619047619047616,19,42,0,0,0,1
362,0110_s011_v7_004.jpg,110,7,11,True,2,1052,0.75,0.5,1,4,1,1,1,1
363,0110_s012_v0_000.jpg,110,0,12,True,3,1053,0.4356060606060606,0.125,1,24,1,1,1,1
364,0110_s012_v5_001.jpg,110,5,12,True,3,1053,1.0,1.0,1,3,1,1,1,1
365,0112_s012_v0_000.jpg,112,0,12,True,7,1053,0.40685971005738447,0.16279069767441862,1,43,1,1,1,1
366,0112_s012_v3_001.jpg,112,3,12,True,7,1053,0.544988344988345,0.3333333333333333,1,21,1,1,1,1
367,0112_s018_v0_002.jpg,112,0,18,True,7,1053,0.14913246656783602,0.03017241379310345,2,232,0,1,1,1
368,0112_s018_v3_003.jpg,112,3,18,True,7,1053,0.5459280303030303,0.109375,1,64,1,1,1,1
369,0112_s025_v1_004.jpg,112,1,25,True,4,1050,0.13095758408258407,0.10256410256410256,11,39,0,0,0,1
370,0112_s025_v2_005.jpg,112,2,25,True,4,1050,0.030517575936830594,0.020202020202020204,36,198,0,0,0,0
371,0112_s025_v3_006.jpg,112,3,25,True,4,1050,0.18009259259259258,0.037037037037037035,3,108,0,1,1,1
372,0112_s025_v4_007.jpg,112,4,25,True,4,1050,0.05968310907358895,0.058823529411764705,26,68,0,0,0,0
373,0112_s025_v5_008.jpg,112,5,25,True,4,1050,0.05740958848209099,0.0547945205479452,21,73,0,0,0,0
374,0114_s012_v3_000.jpg,114,3,12,True,11,1053,0.658396990215172,0.16923076923076924,1,65,1,1,1,1
375,0114_s012_v5_001.jpg,114,5,12,True,11,1053,0.7427038143899225,0.2682926829268293,1,41,1,1,1,1
376,0114_s016_v3_002.jpg,114,3,16,True,11,1053,0.6408771153089335,0.16666666666666666,1,66,1,1,1,1
377,0114_s016_v5_003.jpg,114,5,16,True,11,1053,0.745701848949954,0.21568627450980393,1,51,1,1,1,1
378,0114_s018_v0_004.jpg,114,0,18,True,9,1051,0.5987209848096945,0.14285714285714285,1,63,1,1,1,1
379,0114_s018_v1_005.jpg,114,1,18,True,9,1051,0.9004629629629629,0.5625,1,16,1,1,1,1
380,0114_s018_v2_006.jpg,114,2,18,True,9,1051,0.8898809523809523,0.5625,1,16,1,1,1,1
381,0114_s018_v6_007.jpg,114,6,18,True,9,1051,0.8054599721266389,0.4090909090909091,1,22,1,1,1,1
382,0114_s019_v0_008.jpg,114,0,19,True,8,1050,0.6707979842654765,0.19047619047619047,1,42,1,1,1,1
383,0114_s019_v1_009.jpg,114,1,19,True,8,1050,0.5958858005733005,0.13333333333333333,1,60,1,1,1,1
384,0114_s019_v2_010.jpg,114,2,19,True,8,1050,0.8222744360902255,0.42105263157894735,1,19,1,1,1,1
385,0114_s019_v4_011.jpg,114,4,19,True,8,1050,0.4523739944695827,0.12307692307692308,1,65,1,1,1,1
386,0114_s019_v6_012.jpg,114,6,19,True,8,1050,0.8849961180124224,0.34782608695652173,1,23,1,1,1,1
387,0116_s012_v0_000.jpg,116,0,12,True,4,1052,0.17166666666666666,0.11428571428571428,6,35,0,0,1,1
388,0116_s012_v4_001.jpg,116,4,12,True,4,1052,0.8541666666666666,0.6666666666666666,1,6,1,1,1,1
389,0116_s012_v6_002.jpg,116,6,12,True,4,1052,0.8875,0.8,1,5,1,1,1,1
390,0116_s029_v1_003.jpg,116,1,29,True,3,1051,0.2492063492063492,0.21428571428571427,3,14,0,1,1,1
391,0116_s029_v3_004.jpg,116,3,29,True,3,1051,0.5782828282828282,0.06818181818181818,1,44,1,1,1,1
392,0116_s029_v5_005.jpg,116,5,29,True,3,1051,0.5232558139534883,0.06976744186046512,1,43,1,1,1,1
393,0116_s029_v7_006.jpg,116,7,29,True,3,1051,0.4047619047619047,0.21428571428571427,2,14,0,1,1,1
394,0122_s012_v2_000.jpg,122,2,12,True,10,1052,0.723208248816768,0.3448275862068966,1,29,1,1,1,1
395,0122_s012_v5_001.jpg,122,5,12,True,10,1052,0.6307864777341522,0.23255813953488372,1,43,1,1,1,1
396,0122_s012_v7_002.jpg,122,7,12,True,10,1052,0.22102639569035976,0.09900990099009901,8,101,0,0,1,1
397,0122_s013_v0_003.jpg,122,0,13,True,11,1053,0.36381734723980713,0.22916666666666666,2,48,0,1,1,1
398,0122_s013_v1_004.jpg,122,1,13,True,11,1053,0.4990981827374958,0.1506849315068493,1,73,1,1,1,1
399,0122_s025_v0_005.jpg,122,0,25,True,5,1047,0.35904761904761906,0.17857142857142858,1,28,1,1,1,1
400,0122_s025_v1_006.jpg,122,1,25,True,5,1047,0.360979020979021,0.19230769230769232,1,26,1,1,1,1
401,0122_s025_v2_007.jpg,122,2,25,True,5,1047,0.3691428571428571,0.1,1,50,1,1,1,1
402,0122_s025_v3_008.jpg,122,3,25,True,5,1047,0.7658119658119659,0.38461538461538464,1,13,1,1,1,1
403,0122_s025_v4_009.jpg,122,4,25,True,5,1047,0.6704081632653061,0.10204081632653061,1,49,1,1,1,1
404,0122_s025_v5_010.jpg,122,5,25,True,5,1047,0.7254545454545454,0.22727272727272727,1,22,1,1,1,1
405,0122_s025_v6_011.jpg,122,6,25,True,5,1047,0.4461217948717948,0.15625,2,32,0,1,1,1
406,0122_s025_v7_012.jpg,122,7,25,True,5,1047,0.1383074268935694,0.0847457627118644,4,59,0,1,1,1
407,0127_s013_v0_000.jpg,127,0,13,True,4,1053,0.5486111111111112,0.08333333333333333,1,48,1,1,1,1
408,0127_s013_v3_001.jpg,127,3,13,True,4,1053,0.272885101010101,0.2222222222222222,2,18,0,1,1,1
409,0127_s022_v4_002.jpg,127,4,22,True,4,1053,0.46439393939393936,0.09090909090909091,1,44,1,1,1,1
410,0127_s022_v7_003.jpg,127,7,22,True,4,1053,0.23106060606060608,0.09090909090909091,2,44,0,1,1,1
411,0127_s028_v3_004.jpg,127,3,28,True,4,1053,0.13850806451612904,0.12903225806451613,5,31,0,1,1,1
412,0127_s028_v5_005.jpg,127,5,28,True,4,1053,0.07623106060606061,0.06060606060606061,11,66,0,0,0,1
413,0129_s013_v0_000.jpg,129,0,13,True,13,1052,0.3916684064818332,0.10569105691056911,1,123,1,1,1,1
414,0129_s013_v3_001.jpg,129,3,13,True,13,1052,0.6543769025347108,0.07471264367816093,1,174,1,1,1,1
415,0129_s013_v5_002.jpg,129,5,13,True,13,1052,0.7820729923671099,0.14444444444444443,1,90,1,1,1,1
416,0129_s015_v3_003.jpg,129,3,15,True,13,1052,0.7265973706376183,0.34210526315789475,1,38,1,1,1,1
417,0129_s015_v5_004.jpg,129,5,15,True,13,1052,0.7032743368852631,0.16455696202531644,1,79,1,1,1,1
418,0129_s015_v7_005.jpg,129,7,15,True,13,1052,0.5415933237200206,0.16666666666666666,1,78,1,1,1,1
419,0129_s016_v1_006.jpg,129,1,16,True,14,1053,0.3923694559408845,0.25925925925925924,3,54,0,1,1,1
420,0129_s016_v6_007.jpg,129,6,16,True,14,1053,0.3518670581549586,0.11023622047244094,1,127,1,1,1,1
421,0129_s023_v0_008.jpg,129,0,23,True,11,1050,0.3169248617705372,0.05314009661835749,1,207,1,1,1,1
422,0129_s023_v1_009.jpg,129,1,23,True,11,1050,0.30080757108033096,0.05365853658536585,1,205,1,1,1,1
423,0129_s023_v3_010.jpg,129,3,23,True,11,1050,0.4449238296009481,0.060109289617486336,1,183,1,1,1,1
424,0129_s023_v4_011.jpg,129,4,23,True,11,1050,0.6615856365856366,0.18333333333333332,1,60,1,1,1,1
425,0129_s023_v5_012.jpg,129,5,23,True,11,1050,0.7172553263729735,0.11,1,100,1,1,1,1
426,0129_s024_v0_013.jpg,129,0,24,True,13,1052,0.24812564863538575,0.05627705627705628,1,231,1,1,1,1
427,0129_s024_v4_014.jpg,129,4,24,True,13,1052,0.48627552130739493,0.19696969696969696,1,66,1,1,1,1
428,0129_s024_v5_015.jpg,129,5,24,True,13,1052,0.5358056315812516,0.08227848101265822,1,158,1,1,1,1
429,0139_s000_v0_002.jpg,139,0,0,True,2,1047,0.011647361647361647,0.014285714285714285,111,140,0,0,0,0
430,0139_s000_v1_006.jpg,139,1,0,True,2,1047,0.016936572199730094,0.021052631578947368,78,95,0,0,0,0
431,0139_s000_v2_004.jpg,139,2,0,True,2,1047,0.011148066026114806,0.012195121951219513,99,164,0,0,0,0
432,0139_s000_v3_007.jpg,139,3,0,True,2,1047,0.02865497076023392,0.03508771929824561,45,57,0,0,0,0
433,0139_s000_v4_003.jpg,139,4,0,True,2,1047,0.03714470284237726,0.046511627906976744,36,43,0,0,0,0
434,0139_s000_v5_008.jpg,139,5,0,True,2,1047,0.014565879664889567,0.019230769230769232,101,104,0,0,0,0
435,0139_s000_v6_005.jpg,139,6,0,True,2,1047,0.013208333333333332,0.016,96,125,0,0,0,0
436,0139_s000_v7_009.jpg,139,7,0,True,2,1047,0.025595238095238095,0.03333333333333333,56,60,0,0,0,0
437,0139_s015_v1_000.jpg,139,1,15,True,8,1053,0.04084898497847667,0.05755395683453238,60,139,0,0,0,0
438,0139_s015_v7_001.jpg,139,7,15,True,8,1053,0.04031815124532638,0.046511627906976744,50,172,0,0,0,0
439,0141_s015_v0_000.jpg,141,0,15,True,5,1052,0.43041474654377876,0.08064516129032258,1,62,1,1,1,1
440,0141_s015_v3_001.jpg,141,3,15,True,5,1052,0.8261904761904761,0.7142857142857143,1,7,1,1,1,1
441,0141_s015_v5_002.jpg,141,5,15,True,5,1052,0.6977777777777778,0.5555555555555556,1,9,1,1,1,1
442,0141_s023_v0_003.jpg,141,0,23,True,3,1050,0.8666666666666667,0.6,1,5,1,1,1,1
443,0141_s023_v1_004.jpg,141,1,23,True,3,1050,0.6984126984126983,0.42857142857142855,1,7,1,1,1,1
444,0141_s023_v3_005.jpg,141,3,23,True,3,1050,0.75,0.25,1,12,1,1,1,1
445,0141_s023_v4_006.jpg,141,4,23,True,3,1050,0.6805555555555555,0.375,1,8,1,1,1,1
446,0141_s023_v5_007.jpg,141,5,23,True,3,1050,0.7777777777777778,0.3333333333333333,1,9,1,1,1,1
447,0143_s016_v0_000.jpg,143,0,16,True,5,1051,1.0,1.0,1,5,1,1,1,1
448,0143_s016_v1_001.jpg,143,1,16,True,5,1051,1.0,1.0,1,5,1,1,1,1
449,0143_s016_v3_002.jpg,143,3,16,True,5,1051,1.0,1.0,1,5,1,1,1,1
450,0143_s016_v5_003.jpg,143,5,16,True,5,1051,1.0,1.0,1,5,1,1,1,1
451,0143_s024_v0_004.jpg,143,0,24,True,4,1050,1.0,1.0,1,4,1,1,1,1
452,0143_s024_v1_005.jpg,143,1,24,True,4,1050,1.0,1.0,1,4,1,1,1,1
453,0143_s024_v3_006.jpg,143,3,24,True,4,1050,1.0,1.0,1,4,1,1,1,1
454,0143_s024_v4_007.jpg,143,4,24,True,4,1050,1.0,1.0,1,4,1,1,1,1
455,0143_s024_v7_008.jpg,143,7,24,True,4,1050,1.0,1.0,1,4,1,1,1,1
456,0145_s016_v0_000.jpg,145,0,16,True,9,1050,0.6389370155538794,0.07377049180327869,1,122,1,1,1,1
457,0145_s016_v3_001.jpg,145,3,16,True,9,1050,0.43530541388073074,0.029508196721311476,1,305,1,1,1,1
458,0145_s016_v4_002.jpg,145,4,16,True,9,1050,0.547018239169402,0.04864864864864865,1,185,1,1,1,1
459,0145_s016_v5_003.jpg,145,5,16,True,9,1050,0.5290916643589033,0.03333333333333333,1,270,1,1,1,1
460,0145_s016_v7_004.jpg,145,7,16,True,9,1050,0.546200653429569,0.03614457831325301,1,249,1,1,1,1
461,0145_s023_v0_005.jpg,145,0,23,True,9,1050,0.03566972603967867,0.019189765458422176,32,469,0,0,0,0
462,0145_s023_v1_006.jpg,145,1,23,True,9,1050,0.7785714285714286,0.2571428571428571,1,35,1,1,1,1
463,0145_s023_v3_007.jpg,145,3,23,True,9,1050,0.6887464134003403,0.3103448275862069,1,29,1,1,1,1
464,0145_s023_v4_008.jpg,145,4,23,True,9,1050,0.6984594042565058,0.13043478260869565,1,69,1,1,1,1
465,0145_s023_v7_009.jpg,145,7,23,True,9,1050,0.10847231510476335,0.047872340425531915,10,188,0,0,1,1
466,0145_s024_v1_010.jpg,145,1,24,True,10,1051,0.5592159369682305,0.09174311926605505,1,109,1,1,1,1
467,0145_s024_v3_011.jpg,145,3,24,True,10,1051,0.7093589743589744,0.07692307692307693,1,130,1,1,1,1
468,0145_s024_v4_012.jpg,145,4,24,True,10,1051,0.6469985423932793,0.10101010101010101,1,99,1,1,1,1
469,0145_s024_v5_013.jpg,145,5,24,True,10,1051,0.5970456882428805,0.07633587786259542,1,131,1,1,1,1
470,0150_s000_v0_007.jpg,150,0,0,True,7,1047,0.06665507136385143,0.034482758620689655,14,203,0,0,0,1
471,0150_s000_v1_011.jpg,150,1,0,True,7,1047,0.4062608254704027,0.07608695652173914,1,92,1,1,1,1
472,0150_s000_v2_009.jpg,150,2,0,True,7,1047,0.1687645796629596,0.07216494845360824,3,97,0,1,1,1
473,0150_s000_v3_012.jpg,150,3,0,True,7,1047,0.34309100790678626,0.06542056074766354,1,107,1,1,1,1
474,0150_s000_v4_008.jpg,150,4,0,True,7,1047,0.05841515513139029,0.030973451327433628,17,226,0,0,0,1
475,0150_s000_v5_013.jpg,150,5,0,True,7,1047,0.04211134523711698,0.026923076923076925,13,260,0,0,0,1
476,0150_s000_v6_010.jpg,150,6,0,True,7,1047,0.06284196417910282,0.05555555555555555,9,126,0,0,1,1
477,0150_s000_v7_014.jpg,150,7,0,True,7,1047,0.2636402144926978,0.09859154929577464,2,71,0,1,1,1
478,0150_s016_v1_000.jpg,150,1,16,True,12,1052,0.2329366382016119,0.023622047244094488,1,508,1,1,1,1
479,0150_s016_v4_001.jpg,150,4,16,True,12,1052,0.20687496766344238,0.05555555555555555,1,216,1,1,1,1
480,0150_s016_v7_002.jpg,150,7,16,True,12,1052,0.33527822321595896,0.07100591715976332,1,169,1,1,1,1
481,0150_s024_v0_003.jpg,150,0,24,True,11,1051,0.4032039442463642,0.05392156862745098,1,204,1,1,1,1
482,0150_s024_v1_004.jpg,150,1,24,True,11,1051,0.41221453790027457,0.11458333333333333,1,96,1,1,1,1
483,0150_s024_v3_005.jpg,150,3,24,True,11,1051,0.15474942360611088,0.11956521739130435,3,92,0,1,1,1
484,0150_s024_v7_006.jpg,150,7,24,True,11,1051,0.1469963332502318,0.027777777777777776,1,396,1,1,1,1
485,0152_s016_v1_000.jpg,152,1,16,True,3,1054,0.7000000000000001,0.6,1,5,1,1,1,1
486,0152_s018_v3_001.jpg,152,3,18,True,1,1052,0.14285714285714285,0.14285714285714285,7,7,0,0,1,1
487,0152_s018_v5_002.jpg,152,5,18,True,1,1052,0.3333333333333333,0.3333333333333333,3,3,0,1,1,1
488,0152_s018_v7_003.jpg,152,7,18,True,1,1052,0.3333333333333333,0.3333333333333333,3,3,0,1,1,1
489,0160_s017_v0_000.jpg,160,0,17,True,12,1052,0.21225397006496763,0.16666666666666666,4,72,0,1,1,1
490,0160_s017_v1_001.jpg,160,1,17,True,12,1052,0.40369894696520087,0.23529411764705882,5,51,0,1,1,1
491,0160_s017_v3_002.jpg,160,3,17,True,12,1052,0.5162491223879732,0.27906976744186046,2,43,0,1,1,1
492,0160_s029_v1_003.jpg,160,1,29,True,9,1049,0.3099742366082235,0.2571428571428571,2,35,0,1,1,1
493,0160_s029_v3_004.jpg,160,3,29,True,9,1049,0.39750009602550435,0.2571428571428571,1,35,1,1,1,1
494,0160_s029_v4_005.jpg,160,4,29,True,9,1049,0.2041100992522482,0.13432835820895522,5,67,0,1,1,1
495,0160_s029_v5_006.jpg,160,5,29,True,9,1049,0.8633658008658008,0.5625,1,16,1,1,1,1
496,0160_s029_v6_007.jpg,160,6,29,True,9,1049,0.8011864678531345,0.4090909090909091,1,22,1,1,1,1
497,0160_s029_v7_008.jpg,160,7,29,True,9,1049,0.8790123456790124,0.75,1,12,1,1,1,1
498,0160_s030_v0_009.jpg,160,0,30,True,9,1049,0.6585377585377584,0.32142857142857145,1,28,1,1,1,1
499,0160_s030_v1_010.jpg,160,1,30,True,9,1049,0.2969547811024589,0.1267605633802817,3,71,0,1,1,1
500,0160_s030_v3_011.jpg,160,3,30,True,9,1049,0.302079356279879,0.14754098360655737,4,61,0,1,1,1
501,0160_s030_v4_012.jpg,160,4,30,True,9,1049,0.6982702482702483,0.32142857142857145,1,28,1,1,1,1
502,0160_s030_v5_013.jpg,160,5,30,True,9,1049,0.5923611638523919,0.23684210526315788,1,38,1,1,1,1
503,0160_s030_v6_014.jpg,160,6,30,True,9,1049,0.5948000073000074,0.17307692307692307,1,52,1,1,1,1
504,0170_s018_v0_000.jpg,170,0,18,True,6,1053,0.087292472747943,0.03773584905660377,7,159,0,0,1,1
505,0170_s018_v5_001.jpg,170,5,18,True,6,1053,0.35915343915343917,0.12,3,50,0,1,1,1
506,0170_s027_v0_002.jpg,170,0,27,True,2,1049,0.03083804143126177,0.03389830508474576,36,59,0,0,0,0
507,0170_s027_v1_003.jpg,170,1,27,True,2,1049,0.0928030303030303,0.06060606060606061,8,33,0,0,1,1
508,0170_s027_v2_004.jpg,170,2,27,True,2,1049,0.012462006079027355,0.010638297872340425,70,188,0,0,0,0
509,0170_s027_v3_005.jpg,170,3,27,True,2,1049,0.020842379504993486,0.02040816326530612,47,98,0,0,0,0
510,0170_s027_v4_006.jpg,170,4,27,True,2,1049,0.03167641325536062,0.037037037037037035,38,54,0,0,0,0
511,0170_s027_v7_007.jpg,170,7,27,True,2,1049,0.032782515991471216,0.029850746268656716,28,67,0,0,0,0
512,0176_s019_v0_000.jpg,176,0,19,True,5,1051,0.273678340931536,0.0228310502283105,1,219,1,1,1,1
513,0176_s019_v1_001.jpg,176,1,19,True,5,1051,0.9266666666666665,0.8333333333333334,1,6,1,1,1,1
514,0176_s019_v4_002.jpg,176,4,19,True,5,1051,0.12086402051919294,0.03205128205128205,5,156,0,1,1,1
515,0176_s019_v5_003.jpg,176,5,19,True,5,1051,0.5371282051282052,0.19230769230769232,1,26,1,1,1,1
516,0176_s029_v1_004.jpg,176,1,29,True,4,1050,0.40853264382676147,0.11764705882352941,1,34,1,1,1,1
517,0176_s029_v3_005.jpg,176,3,29,True,4,1050,0.1414204075494398,0.06451612903225806,3,62,0,1,1,1
518,0176_s029_v5_006.jpg,176,5,29,True,4,1050,0.24607142857142858,0.11428571428571428,2,35,0,1,1,1
519,0176_s029_v6_007.jpg,176,6,29,True,4,1050,0.08208650555814283,0.030534351145038167,5,131,0,1,1,1
520,0176_s029_v7_008.jpg,176,7,29,True,4,1050,0.33057471264367816,0.06896551724137931,1,58,1,1,1,1
521,0178_s019_v1_000.jpg,178,1,19,True,2,1051,0.75,0.5,1,4,1,1,1,1
522,0178_s019_v2_001.jpg,178,2,19,True,2,1051,0.23809523809523808,0.14285714285714285,3,14,0,1,1,1
523,0178_s019_v4_002.jpg,178,4,19,True,2,1051,0.5357142857142857,0.07142857142857142,1,28,1,1,1,1
524,0178_s019_v7_003.jpg,178,7,19,True,2,1051,0.325,0.4,4,5,0,1,1,1
525,0178_s022_v3_004.jpg,178,3,22,True,4,1053,0.5592105263157894,0.07017543859649122,1,57,1,1,1,1
526,0178_s022_v4_005.jpg,178,4,22,True,4,1053,0.5845238095238094,0.5714285714285714,2,7,0,1,1,1
527,0196_s000_v0_002.jpg,196,0,0,True,2,1052,0.025274725274725275,0.02197802197802198,35,91,0,0,0,0
528,0196_s000_v1_004.jpg,196,1,0,True,2,1052,0.54,0.08,1,25,1,1,1,1
529,0196_s000_v2_003.jpg,196,2,0,True,2,1052,0.03970125786163522,0.03773584905660377,24,53,0,0,0,0
530,0196_s022_v0_000.jpg,196,0,22,True,3,1053,0.13794871794871796,0.06,5,50,0,1,1,1
531,0196_s022_v7_001.jpg,196,7,22,True,3,1053,0.07630906768837803,0.034482758620689655,12,87,0,0,0,1
532,0204_s022_v0_000.jpg,204,0,22,True,2,1051,0.10818713450292397,0.10526315789473684,9,19,0,0,1,1
533,0204_s022_v5_001.jpg,204,5,22,True,2,1051,0.14,0.08,5,25,0,1,1,1
534,0204_s022_v6_002.jpg,204,6,22,True,2,1051,0.7,0.4,1,5,1,1,1,1
535,0204_s022_v7_003.jpg,204,7,22,True,2,1051,0.75,0.5,1,4,1,1,1,1
536,0204_s024_v1_004.jpg,204,1,24,True,4,1053,0.14280936454849497,0.08695652173913043,5,46,0,1,1,1
537,0204_s024_v3_005.jpg,204,3,24,True,4,1053,0.6008771929824561,0.07017543859649122,1,57,1,1,1,1
538,0220_s023_v0_000.jpg,220,0,23,True,4,1048,0.010275352548819722,0.014035087719298246,171,285,0,0,0,0
539,0220_s023_v1_001.jpg,220,1,23,True,4,1048,0.1267142648721596,0.10526315789473684,6,38,0,0,1,1
540,0220_s023_v3_002.jpg,220,3,23,True,4,1048,0.019607570690656745,0.011869436201780416,27,337,0,0,0,0
541,0220_s023_v4_003.jpg,220,4,23,True,4,1048,0.02151589051093066,0.0273972602739726,70,146,0,0,0,0
542,0220_s023_v5_004.jpg,220,5,23,True,4,1048,0.03420027883550519,0.014925373134328358,11,268,0,0,0,1
543,0220_s023_v6_005.jpg,220,6,23,True,4,1048,0.038341821222256,0.015384615384615385,11,260,0,0,0,1
544,0220_s023_v7_006.jpg,220,7,23,True,4,1048,0.40476190476190477,0.2857142857142857,2,14,0,1,1,1
545,0220_s024_v0_007.jpg,220,0,24,True,7,1051,0.03789808255533554,0.023890784982935155,14,293,0,0,0,1
546,0220_s024_v1_008.jpg,220,1,24,True,7,1051,0.03875937127970277,0.021806853582554516,13,321,0,0,0,1
547,0220_s024_v2_009.jpg,220,2,24,True,7,1051,0.022298515229272193,0.029787234042553193,127,235,0,0,0,0
548,0220_s024_v3_010.jpg,220,3,24,True,7,1051,0.021593283401391848,0.024734982332155476,77,283,0,0,0,0
549,0228_s026_v2_000.jpg,228,2,26,True,6,1050,0.43071750944091364,0.07792207792207792,1,77,1,1,1,1
550,0228_s026_v3_001.jpg,228,3,26,True,6,1050,0.861904761904762,0.17142857142857143,1,35,1,1,1,1
551,0228_s026_v4_002.jpg,228,4,26,True,6,1050,0.4635822510822511,0.2857142857142857,1,21,1,1,1,1
552,0228_s026_v5_003.jpg,228,5,26,True,6,1050,0.8859649122807017,0.3157894736842105,1,19,1,1,1,1
553,0228_s026_v6_004.jpg,228,6,26,True,6,1050,0.4644945697577276,0.10714285714285714,2,56,0,1,1,1
554,0228_s030_v2_005.jpg,228,2,30,True,5,1049,0.8833333333333334,0.4166666666666667,1,12,1,1,1,1
555,0228_s030_v3_006.jpg,228,3,30,True,5,1049,0.6018939393939394,0.3125,1,16,1,1,1,1
556,0228_s030_v4_007.jpg,228,4,30,True,5,1049,0.34468494468494465,0.09090909090909091,1,55,1,1,1,1
557,0228_s030_v5_008.jpg,228,5,30,True,5,1049,0.6187878787878788,0.22727272727272727,1,22,1,1,1,1
558,0228_s030_v6_009.jpg,228,6,30,True,5,1049,0.5976190476190476,0.5,2,10,0,1,1,1
559,0228_s030_v7_010.jpg,228,7,30,True,5,1049,0.7861904761904762,0.7142857142857143,1,7,1,1,1,1
560,0239_s028_v3_000.jpg,239,3,28,True,2,1052,0.7,0.4,1,5,1,1,1,1
561,0239_s028_v5_001.jpg,239,5,28,True,2,1052,0.26666666666666666,0.3333333333333333,5,6,0,1,1,1
562,0239_s028_v6_002.jpg,239,6,28,True,2,1052,0.09429824561403508,0.10526315789473684,12,19,0,0,0,1
563,0239_s029_v3_003.jpg,239,3,29,True,3,1053,0.25833333333333336,0.125,4,24,0,1,1,1
564,0239_s029_v4_004.jpg,239,4,29,True,3,1053,0.2253968253968254,0.14285714285714285,3,21,0,1,1,1
565,0241_s028_v1_000.jpg,241,1,28,True,4,1050,0.049660633484162886,0.05128205128205128,34,78,0,0,0,0
566,0241_s028_v2_001.jpg,241,2,28,True,4,1050,0.09156611885444836,0.057971014492753624,15,69,0,0,0,1
567,0241_s028_v3_002.jpg,241,3,28,True,4,1050,0.07161064425770308,0.058823529411764705,21,68,0,0,0,0
568,0241_s028_v5_003.jpg,241,5,28,True,4,1050,0.05164361201792729,0.06451612903225806,25,62,0,0,0,0
569,0241_s028_v7_004.jpg,241,7,28,True,4,1050,0.03800730519480519,0.030303030303030304,30,132,0,0,0,0
570,0241_s029_v0_005.jpg,241,0,29,True,5,1051,0.09170478898491449,0.05319148936170213,4,94,0,1,1,1
571,0241_s029_v3_006.jpg,241,3,29,True,5,1051,0.21659281894576013,0.11363636363636363,4,44,0,1,1,1
572,0241_s029_v5_007.jpg,241,5,29,True,5,1051,0.3035839160839161,0.10416666666666667,2,48,0,1,1,1
573,0241_s029_v7_008.jpg,241,7,29,True,5,1051,0.0808996491573218,0.09803921568627451,23,51,0,0,0,0
574,0253_s000_v0_004.jpg,253,0,0,True,12,1050,0.04177006655229378,0.040955631399317405,45,293,0,0,0,0
575,0253_s000_v1_007.jpg,253,1,0,True,12,1050,0.03907163477830871,0.04838709677419355,68,248,0,0,0,0
576,0253_s000_v2_006.jpg,253,2,0,True,12,1050,0.04149810827594563,0.0410958904109589,35,292,0,0,0,0
577,0253_s000_v4_005.jpg,253,4,0,True,12,1050,0.03360830223474025,0.030456852791878174,55,394,0,0,0,0
578,0253_s000_v7_009.jpg,253,7,0,True,12,1050,0.021382252127983583,0.026143790849673203,108,459,0,0,0,0
579,0253_s001_v0_004.jpg,253,0,1,True,9,1047,0.06257878794413643,0.02903225806451613,10,310,0,0,1,1
580,0253_s001_v1_008.jpg,253,1,1,True,9,1047,0.04561937227630297,0.036885245901639344,20,244,0,0,0,1
581,0253_s001_v2_006.jpg,253,2,1,True,9,1047,0.05297551977284533,0.02088167053364269,13,431,0,0,0,1
582,0253_s001_v3_009.jpg,253,3,1,True,9,1047,0.060063802579159026,0.07317073170731707,49,123,0,0,0,0
583,0253_s001_v4_005.jpg,253,4,1,True,9,1047,0.08465355525905986,0.024793388429752067,4,363,0,1,1,1
584,0253_s001_v5_010.jpg,253,5,1,True,9,1047,0.08297584122609909,0.02040816326530612,9,441,0,0,1,1
585,0253_s001_v6_007.jpg,253,6,1,True,9,1047,0.03791063027006787,0.01717557251908397,19,524,0,0,0,1
586,0253_s001_v7_011.jpg,253,7,1,True,9,1047,0.05399925271186123,0.02875399361022364,17,313,0,0,0,1
587,0253_s030_v1_000.jpg,253,1,30,True,13,1051,0.18782765368478466,0.018922852983988356,1,687,1,1,1,1
588,0253_s030_v3_001.jpg,253,3,30,True,13,1051,0.0928828274092666,0.023853211009174313,9,545,0,0,1,1
589,0253_s030_v5_002.jpg,253,5,30,True,13,1051,0.17181747252789933,0.03324808184143223,3,391,0,1,1,1
590,0253_s030_v7_003.jpg,253,7,30,True,13,1051,0.10578111309378195,0.020933977455716585,11,621,0,0,0,1
