query_index,name,identity,camera,scene,valid,relevant_gallery,kept_gallery,AP,INP,first_match,last_match,Rank-1,Rank-5,Rank-10,Rank-20
0,0002_s002_v0_000.jpg,2,0,2,True,2,1053,1.0,1.0,1,2,1,1,1,1
1,0002_s002_v3_001.jpg,2,3,2,True,2,1053,1.0,1.0,1,2,1,1,1,1
2,0002_s013_v1_002.jpg,2,1,13,True,2,1053,1.0,1.0,1,2,1,1,1,1
3,0002_s013_v4_003.jpg,2,4,13,True,2,1053,0.8333333333333333,0.6666666666666666,1,3,1,1,1,1
4,0004_s002_v3_000.jpg,4,3,2,True,11,1054,0.7166324903167008,0.2,1,55,1,1,1,1
5,0004_s007_v1_010.jpg,4,1,7,True,10,1053,0.8940508021390373,0.5882352941176471,1,17,1,1,1,1
6,0004_s007_v6_011.jpg,4,6,7,True,10,1053,0.8320212201591511,0.3448275862068966,1,29,1,1,1,1
7,0004_s021_v1_001.jpg,4,1,21,True,10,1053,0.914185331576636,0.43478260869565216,1,23,1,1,1,1
8,0004_s021_v7_002.jpg,4,7,21,True,10,1053,0.8324531024531023,0.23809523809523808,1,42,1,1,1,1
9,0004_s022_v3_003.jpg,4,3,22,True,10,1053,0.4551037576764321,0.23255813953488372,1,43,1,1,1,1
10,0004_s022_v4_004.jpg,4,4,22,True,10,1053,0.17523546332665907,0.10101010101010101,4,99,0,1,1,1
11,0004_s026_v0_005.jpg,4,0,26,True,7,1050,0.6348392348392349,0.25925925925925924,1,27,1,1,1,1
12,0004_s026_v1_006.jpg,4,1,26,True,7,1050,0.827027027027027,0.1891891891891892,1,37,1,1,1,1
13,0004_s026_v2_007.jpg,4,2,26,True,7,1050,0.5849921845760958,0.06796116504854369,1,103,1,1,1,1
14,0004_s026_v6_008.jpg,4,6,26,True,7,1050,0.7666256157635468,0.2413793103448276,1,29,1,1,1,1
15,0004_s026_v7_009.jpg,4,7,26,True,7,1050,0.7782021899668958,0.06862745098039216,1,102,1,1,1,1
16,0006_s002_v1_000.jpg,6,1,2,True,14,1053,0.13193573511531986,0.06060606060606061,4,231,0,1,1,1
17,0006_s002_v7_001.jpg,6,7,2,True,14,1053,0.17429513138683778,0.07216494845360824,4,194,0,1,1,1
18,0006_s007_v0_012.jpg,6,0,7,True,12,1051,0.24556035579908753,0.12371134020618557,5,97,0,1,1,1
19,0006_s007_v4_013.jpg,6,4,7,True,12,1051,0.43609156747963485,0.10526315789473684,1,114,1,1,1,1
20,0006_s007_v5_014.jpg,6,5,7,True,12,1051,0.32360756512796357,0.0967741935483871,2,124,0,1,1,1
21,0006_s007_v6_015.jpg,6,6,7,True,12,1051,0.43941343547138695,0.05660377358490566,1,212,1,1,1,1
22,0006_s027_v1_002.jpg,6,1,27,True,10,1049,0.25090964948781447,0.08695652173913043,2,115,0,1,1,1
23,0006_s027_v2_003.jpg,6,2,27,True,10,1049,0.5365354086201924,0.02967359050445104,1,337,1,1,1,1
24,0006_s027_v3_004.jpg,6,3,27,True,10,1049,0.5549444882148469,0.08196721311475409,1,122,1,1,1,1
25,0006_s027_v4_005.jpg,6,4,27,True,10,1049,0.5301027951027951,0.09009009009009009,1,111,1,1,1,1
26,0006_s027_v5_006.jpg,6,5,27,True,10,1049,0.42634796313712664,0.036231884057971016,1,276,1,1,1,1
27,0006_s027_v7_007.jpg,6,7,27,True,10,1049,0.11341263767651275,0.054945054945054944,11,182,0,0,0,1
28,0006_s028_v2_008.jpg,6,2,28,True,12,1051,0.5105706165854681,0.07792207792207792,1,154,1,1,1,1
29,0006_s028_v3_009.jpg,6,3,28,True,12,1051,0.4653015474447085,0.08888888888888889,1,135,1,1,1,1
30,0006_s028_v4_010.jpg,6,4,28,True,12,1051,0.4897206321065593,0.05150214592274678,1,233,1,1,1,1
31,0006_s028_v5_011.jpg,6,5,28,True,12,1051,0.455585556445064,0.09230769230769231,2,130,0,1,1,1
32,0008_s002_v0_000.jpg,8,0,2,True,12,1052,0.09729106842872785,0.05741626794258373,2,209,0,1,1,1
33,0008_s002_v3_001.jpg,8,3,2,True,12,1052,0.12427548552454155,0.026200873362445413,1,458,1,1,1,1
34,0008_s002_v5_002.jpg,8,5,2,True,12,1052,0.1895136735183538,0.041811846689895474,2,287,0,1,1,1
35,0008_s005_v3_013.jpg,8,3,5,True,13,1053,0.28097808548188874,0.035422343324250684,1,367,1,1,1,1
36,0008_s005_v5_014.jpg,8,5,5,True,13,1053,0.1565185135850394,0.03350515463917526,1,388,1,1,1,1
37,0008_s018_v4_003.jpg,8,4,18,True,13,1053,0.09361972768358523,0.028077753779697623,4,463,0,1,1,1
38,0008_s018_v5_004.jpg,8,5,18,True,13,1053,0.1555405480485663,0.030805687203791468,1,422,1,1,1,1
39,0008_s025_v0_005.jpg,8,0,25,True,7,1047,0.09551223465101023,0.01912568306010929,2,366,0,1,1,1
40,0008_s025_v1_006.jpg,8,1,25,True,7,1047,0.0157910227550259,0.013108614232209739,78,534,0,0,0,0
41,0008_s025_v2_007.jpg,8,2,25,True,7,1047,0.015194175007547805,0.01440329218106996,65,486,0,0,0,0
42,0008_s025_v3_008.jpg,8,3,25,True,7,1047,0.13520463171289018,0.04827586206896552,9,145,0,0,1,1
43,0008_s025_v4_009.jpg,8,4,25,True,7,1047,0.043540114693424344,0.036458333333333336,25,192,0,0,0,0
44,0008_s025_v5_010.jpg,8,5,25,True,7,1047,0.09684795766917238,0.041916167664670656,10,167,0,0,1,1
45,0008_s025_v6_011.jpg,8,6,25,True,7,1047,0.04841482997071251,0.034482758620689655,12,203,0,0,0,1
46,0008_s025_v7_012.jpg,8,7,25,True,7,1047,0.030533565922732035,0.01580135440180587,14,443,0,0,0,1
47,0010_s002_v1_000.jpg,10,1,2,True,3,1052,0.6180555555555555,0.1875,1,16,1,1,1,1
48,0010_s002_v4_001.jpg,10,4,2,True,3,1052,0.08305647840531562,0.03488372093023256,7,86,0,0,1,1
49,0010_s002_v7_002.jpg,10,7,2,True,3,1052,0.36507936507936506,0.42857142857142855,3,7,0,1,1,1
50,0010_s011_v4_003.jpg,10,4,11,True,3,1052,0.06921052631578949,0.075,19,40,0,0,0,1
51,0010_s011_v6_004.jpg,10,6,11,True,3,1052,0.042586725550435224,0.015625,21,192,0,0,0,0
52,0010_s011_v7_005.jpg,10,7,11,True,3,1052,0.19365079365079363,0.047619047619047616,3,63,0,1,1,1
53,0012_s002_v4_000.jpg,12,4,2,True,2,1053,0.011505768063145114,0.014814814814814815,122,135,0,0,0,0
54,0012_s002_v7_001.jpg,12,7,2,True,2,1053,0.039972899728997285,0.024390243902439025,18,82,0,0,0,1
55,0012_s003_v0_002.jpg,12,0,3,True,2,1053,0.08333333333333333,0.05555555555555555,9,36,0,0,1,1
56,0012_s003_v1_003.jpg,12,1,3,True,2,1053,0.018910256410256412,0.025,78,80,0,0,0,0
57,0014_s002_v1_000.jpg,14,1,2,True,6,1053,0.14774802083683022,0.05660377358490566,8,106,0,0,1,1
58,0014_s002_v3_001.jpg,14,3,2,True,6,1053,0.46613756613756613,0.13333333333333333,1,45,1,1,1,1
59,0014_s005_v3_007.jpg,14,3,5,True,7,1054,0.1739015390659469,0.0875,4,80,0,1,1,1
60,0014_s020_v0_002.jpg,14,0,20,True,3,1050,0.09935064935064936,0.10714285714285714,11,28,0,0,0,1
61,0014_s020_v1_003.jpg,14,1,20,True,3,1050,0.07664488017429194,0.06,17,50,0,0,0,1
62,0014_s020_v2_004.jpg,14,2,20,True,3,1050,0.06492948056415548,0.08333333333333333,19,36,0,0,0,1
63,0014_s020_v3_005.jpg,14,3,20,True,3,1050,0.0711865711865712,0.08108108108108109,18,37,0,0,0,1
64,0014_s020_v4_006.jpg,14,4,20,True,3,1050,0.0387719298245614,0.04,38,75,0,0,0,0
65,0016_s002_v0_000.jpg,16,0,2,True,5,1052,0.16550478007749375,0.1724137931034483,5,29,0,1,1,1
66,0016_s002_v3_001.jpg,16,3,2,True,5,1052,0.7775438596491228,0.08771929824561403,1,57,1,1,1,1
67,0016_s002_v5_002.jpg,16,5,2,True,5,1052,0.10471378945891689,0.03496503496503497,8,143,0,0,1,1
68,0016_s003_v0_003.jpg,16,0,3,True,6,1053,0.0799476812144373,0.015384615384615385,3,390,0,1,1,1
69,0016_s003_v3_004.jpg,16,3,3,True,6,1053,0.7288949275362319,0.2608695652173913,1,23,1,1,1,1
70,0016_s004_v1_005.jpg,16,1,4,True,5,1052,0.6333333333333333,0.23809523809523808,1,21,1,1,1,1
71,0016_s004_v3_006.jpg,16,3,4,True,5,1052,0.7644444444444444,0.5555555555555556,1,9,1,1,1,1
72,0016_s004_v5_007.jpg,16,5,4,True,5,1052,0.8666666666666666,0.3333333333333333,1,15,1,1,1,1
73,0020_s003_v4_000.jpg,20,4,3,True,28,1052,0.7991799535089363,0.6086956521739131,1,46,1,1,1,1
74,0020_s003_v5_001.jpg,20,5,3,True,28,1052,0.8501747770613831,0.3835616438356164,1,73,1,1,1,1
75,0020_s003_v7_002.jpg,20,7,3,True,28,1052,0.820462233524463,0.5185185185185185,1,54,1,1,1,1
76,0020_s025_v0_003.jpg,20,0,25,True,26,1050,0.8321495127467823,0.6046511627906976,1,43,1,1,1,1
77,0020_s025_v3_004.jpg,20,3,25,True,26,1050,0.8045049178443725,0.29213483146067415,1,89,1,1,1,1
78,0020_s025_v4_005.jpg,20,4,25,True,26,1050,0.8192301367823897,0.49056603773584906,1,53,1,1,1,1
79,0020_s025_v5_006.jpg,20,5,25,True,26,1050,0.8443680599301824,0.6842105263157895,1,38,1,1,1,1
80,0020_s025_v6_007.jpg,20,6,25,True,26,1050,0.6188100341156129,0.45614035087719296,2,57,0,1,1,1
81,0020_s026_v0_008.jpg,20,0,26,True,24,1048,0.6855705950208716,0.42857142857142855,1,56,1,1,1,1
82,0020_s026_v1_009.jpg,20,1,26,True,24,1048,0.7739918235122838,0.36363636363636365,1,66,1,1,1,1
83,0020_s026_v2_010.jpg,20,2,26,True,24,1048,0.7623970126005272,0.46153846153846156,1,52,1,1,1,1
84,0020_s026_v3_011.jpg,20,3,26,True,24,1048,0.8414287453842716,0.5714285714285714,1,42,1,1,1,1
85,0020_s026_v4_012.jpg,20,4,26,True,24,1048,0.7306733166662287,0.41379310344827586,1,58,1,1,1,1
86,0020_s026_v5_013.jpg,20,5,26,True,24,1048,0.8196192403102668,0.5217391304347826,1,46,1,1,1,1
87,0020_s026_v7_014.jpg,20,7,26,True,24,1048,0.5696027897882662,0.42857142857142855,1,56,1,1,1,1
88,0020_s027_v0_015.jpg,20,0,27,True,24,1048,0.552707188813048,0.43636363636363634,1,55,1,1,1,1
89,0020_s027_v1_016.jpg,20,1,27,True,24,1048,0.6751334085554843,0.5333333333333333,1,45,1,1,1,1
90,0020_s027_v3_017.jpg,20,3,27,True,24,1048,0.6815539540207017,0.41379310344827586,1,58,1,1,1,1
91,0020_s027_v4_018.jpg,20,4,27,True,24,1048,0.7411343275006725,0.5581395348837209,1,43,1,1,1,1
92,0020_s027_v5_019.jpg,20,5,27,True,24,1048,0.9014621344284657,0.5333333333333333,1,45,1,1,1,1
93,0020_s027_v6_020.jpg,20,6,27,True,24,1048,0.6589039966101257,0.5217391304347826,2,46,0,1,1,1
94,0020_s027_v7_021.jpg,20,7,27,True,24,1048,0.6503498644274169,0.5714285714285714,3,42,0,1,1,1
95,0020_s028_v0_022.jpg,20,0,28,True,27,1051,0.7407327874105237,0.42857142857142855,1,63,1,1,1,1
96,0020_s028_v1_023.jpg,20,1,28,True,27,1051,0.757906364195316,0.32926829268292684,1,82,1,1,1,1
97,0020_s028_v3_024.jpg,20,3,28,True,27,1051,0.818900299859989,0.27,1,100,1,1,1,1
98,0020_s028_v5_025.jpg,20,5,28,True,27,1051,0.8307152824535725,0.627906976744186,1,43,1,1,1,1
99,0020_s030_v1_026.jpg,20,1,30,True,26,1050,0.44191423301396154,0.2184873949579832,3,119,0,1,1,1
100,0020_s030_v4_027.jpg,20,4,30,True,26,1050,0.7369651725961859,0.35135135135135137,1,74,1,1,1,1
101,0020_s030_v5_028.jpg,20,5,30,True,26,1050,0.840230853310201,0.40625,1,64,1,1,1,1
102,0020_s030_v6_029.jpg,20,6,30,True,26,1050,0.8377664934073942,0.49056603773584906,1,53,1,1,1,1
103,0020_s030_v7_030.jpg,20,7,30,True,26,1050,0.8102549223460602,0.4126984126984127,1,63,1,1,1,1
104,0022_s003_v3_007.jpg,22,3,3,True,7,1053,0.3104976177410785,0.09859154929577464,3,71,0,1,1,1
105,0022_s003_v5_008.jpg,22,5,3,True,7,1053,0.09929536034597326,0.06422018348623854,17,109,0,0,0,1
106,0022_s012_v4_000.jpg,22,4,12,True,7,1053,0.3666666666666667,0.2,2,35,0,1,1,1
107,0022_s012_v7_001.jpg,22,7,12,True,7,1053,0.34718771566597656,0.2,2,35,0,1,1,1
108,0022_s019_v0_002.jpg,22,0,19,True,4,1050,0.22648809523809524,0.11428571428571428,3,35,0,1,1,1
109,0022_s019_v3_003.jpg,22,3,19,True,4,1050,0.19181642001409444,0.09302325581395349,2,43,0,1,1,1
110,0022_s019_v4_004.jpg,22,4,19,True,4,1050,0.4294117647058823,0.11764705882352941,1,34,1,1,1,1
111,0022_s019_v5_005.jpg,22,5,19,True,4,1050,0.15216727716727718,0.07692307692307693,7,52,0,0,1,1
112,0022_s019_v7_006.jpg,22,7,19,True,4,1050,0.30268945163747146,0.039603960396039604,1,101,1,1,1,1
113,0024_s000_v0_026.jpg,24,0,0,True,26,1047,0.39263165298931957,0.15294117647058825,1,170,1,1,1,1
114,0024_s000_v1_030.jpg,24,1,0,True,26,1047,0.7284103613845978,0.1984732824427481,1,131,1,1,1,1
115,0024_s000_v2_028.jpg,24,2,0,True,26,1047,0.6432588800358536,0.26804123711340205,1,97,1,1,1,1
116,0024_s000_v3_031.jpg,24,3,0,True,26,1047,0.32797331344021485,0.1092436974789916,1,238,1,1,1,1
117,0024_s000_v4_027.jpg,24,4,0,True,26,1047,0.12421086369152476,0.07407407407407407,5,351,0,1,1,1
118,0024_s000_v5_032.jpg,24,5,0,True,26,1047,0.16980109366435722,0.05555555555555555,11,468,0,0,0,1
119,0024_s000_v6_029.jpg,24,6,0,True,26,1047,0.2779524543412527,0.11659192825112108,7,223,0,0,1,1
120,0024_s000_v7_033.jpg,24,7,0,True,26,1047,0.5883284558702179,0.13402061855670103,1,194,1,1,1,1
121,0024_s003_v0_004.jpg,24,0,3,True,31,1052,0.7187249820018025,0.1901840490797546,1,163,1,1,1,1
122,0024_s003_v5_005.jpg,24,5,3,True,31,1052,0.5111003399303516,0.08707865168539326,1,356,1,1,1,1
123,0024_s003_v6_006.jpg,24,6,3,True,31,1052,0.423010660762588,0.09422492401215805,1,329,1,1,1,1
124,0024_s012_v0_000.jpg,24,0,12,True,30,1051,0.25616623542100425,0.08174386920980926,1,367,1,1,1,1
125,0024_s012_v3_001.jpg,24,3,12,True,30,1051,0.26418945988958425,0.09404388714733543,1,319,1,1,1,1
126,0024_s012_v5_002.jpg,24,5,12,True,30,1051,0.3435457633665557,0.09259259259259259,1,324,1,1,1,1
127,0024_s012_v7_003.jpg,24,7,12,True,30,1051,0.39077113760275195,0.09090909090909091,1,330,1,1,1,1
128,0024_s025_v0_007.jpg,24,0,25,True,27,1048,0.595047768261628,0.24770642201834864,1,109,1,1,1,1
129,0024_s025_v1_008.jpg,24,1,25,True,27,1048,0.5450193563370126,0.09540636042402827,1,283,1,1,1,1
130,0024_s025_v2_009.jpg,24,2,25,True,27,1048,0.4628834348650935,0.10465116279069768,1,258,1,1,1,1
131,0024_s025_v3_010.jpg,24,3,25,True,27,1048,0.49555653449562187,0.1267605633802817,1,213,1,1,1,1
132,0024_s025_v4_011.jpg,24,4,25,True,27,1048,0.26227727472927587,0.14285714285714285,3,189,0,1,1,1
133,0024_s025_v5_012.jpg,24,5,25,True,27,1048,0.3215030910141366,0.08011869436201781,1,337,1,1,1,1
134,0024_s025_v7_013.jpg,24,7,25,True,27,1048,0.44616822216849045,0.20610687022900764,2,131,0,1,1,1
135,0024_s028_v0_014.jpg,24,0,28,True,26,1047,0.26067189000698454,0.04779411764705882,1,544,1,1,1,1
136,0024_s028_v1_015.jpg,24,1,28,True,26,1047,0.513622795511762,0.1187214611872146,1,219,1,1,1,1
137,0024_s028_v2_016.jpg,24,2,28,True,26,1047,0.5156159832018312,0.22033898305084745,1,118,1,1,1,1
138,0024_s028_v3_017.jpg,24,3,28,True,26,1047,0.5802924457376959,0.203125,1,128,1,1,1,1
139,0024_s028_v4_018.jpg,24,4,28,True,26,1047,0.25501038613659294,0.09923664122137404,3,262,0,1,1,1
140,0024_s028_v5_019.jpg,24,5,28,True,26,1047,0.40068838467772555,0.13612565445026178,1,191,1,1,1,1
141,0024_s028_v6_020.jpg,24,6,28,True,26,1047,0.3638461340683531,0.15028901734104047,2,173,0,1,1,1
142,0024_s028_v7_021.jpg,24,7,28,True,26,1047,0.5751355168070575,0.21666666666666667,1,120,1,1,1,1
143,0024_s029_v1_022.jpg,24,1,29,True,30,1051,0.6301784195265597,0.16393442622950818,1,183,1,1,1,1
144,0024_s029_v2_023.jpg,24,2,29,True,30,1051,0.35889935878246787,0.0970873786407767,1,309,1,1,1,1
145,0024_s029_v3_024.jpg,24,3,29,True,30,1051,0.5618074691285605,0.11494252873563218,1,261,1,1,1,1
146,0024_s029_v7_025.jpg,24,7,29,True,30,1051,0.6235734069291156,0.1388888888888889,1,216,1,1,1,1
147,0026_s002_v2_000.jpg,26,2,2,True,22,1053,0.22426188454903856,0.08088235294117647,6,272,0,0,1,1
148,0026_s002_v4_001.jpg,26,4,2,True,22,1053,0.11287871772505177,0.0334855403348554,1,657,1,1,1,1
149,0026_s003_v1_007.jpg,26,1,3,True,21,1052,0.2978889746172325,0.09545454545454546,1,220,1,1,1,1
150,0026_s003_v3_008.jpg,26,3,3,True,21,1052,0.3496986888234534,0.08713692946058091,1,241,1,1,1,1
151,0026_s003_v5_009.jpg,26,5,3,True,21,1052,0.14310070916046783,0.07023411371237458,2,299,0,1,1,1
152,0026_s005_v1_022.jpg,26,1,5,True,22,1053,0.4192412665554979,0.10628019323671498,1,207,1,1,1,1
153,0026_s005_v3_023.jpg,26,3,5,True,22,1053,0.4484550529962839,0.17054263565891473,1,129,1,1,1,1
154,0026_s014_v1_002.jpg,26,1,14,True,22,1053,0.2913311103738377,0.09205020920502092,2,239,0,1,1,1
155,0026_s014_v4_003.jpg,26,4,14,True,22,1053,0.2551287845172355,0.07119741100323625,2,309,0,1,1,1
156,0026_s020_v4_004.jpg,26,4,20,True,21,1052,0.10060048638028109,0.06521739130434782,14,322,0,0,0,1
157,0026_s020_v5_005.jpg,26,5,20,True,21,1052,0.2398461527318705,0.03671328671328671,6,572,0,0,1,1
158,0026_s020_v7_006.jpg,26,7,20,True,21,1052,0.2910235097708647,0.05585106382978723,5,376,0,1,1,1
159,0026_s025_v0_010.jpg,26,0,25,True,18,1049,0.18351467794448592,0.07346938775510205,1,245,1,1,1,1
160,0026_s025_v1_011.jpg,26,1,25,True,18,1049,0.43629194456948645,0.07758620689655173,1,232,1,1,1,1
161,0026_s025_v4_012.jpg,26,4,25,True,18,1049,0.3031023978443996,0.10404624277456648,1,173,1,1,1,1
162,0026_s025_v5_013.jpg,26,5,25,True,18,1049,0.44799113535739754,0.055900621118012424,1,322,1,1,1,1
163,0026_s025_v6_014.jpg,26,6,25,True,18,1049,0.5018301360159563,0.05421686746987952,1,332,1,1,1,1
164,0026_s025_v7_015.jpg,26,7,25,True,18,1049,0.4417524109227904,0.08333333333333333,1,216,1,1,1,1
165,0026_s027_v1_016.jpg,26,1,27,True,18,1049,0.528824674635435,0.08955223880597014,1,201,1,1,1,1
166,0026_s027_v3_017.jpg,26,3,27,True,18,1049,0.3165715670103382,0.05217391304347826,1,345,1,1,1,1
167,0026_s027_v4_018.jpg,26,4,27,True,18,1049,0.282780630816948,0.054380664652567974,1,331,1,1,1,1
168,0026_s027_v5_019.jpg,26,5,27,True,18,1049,0.28940455330547726,0.05660377358490566,1,318,1,1,1,1
169,0026_s027_v6_020.jpg,26,6,27,True,18,1049,0.36864374956946994,0.06498194945848375,1,277,1,1,1,1
170,0026_s027_v7_021.jpg,26,7,27,True,18,1049,0.40406626759282815,0.08490566037735849,1,212,1,1,1,1
171,0030_s004_v5_002.jpg,30,5,4,True,4,1053,0.5725,0.04,1,100,1,1,1,1
172,0030_s004_v7_003.jpg,30,7,4,True,4,1053,0.5178571428571429,0.07142857142857142,1,56,1,1,1,1
173,0030_s005_v5_004.jpg,30,5,5,True,4,1053,0.5924242424242424,0.03636363636363636,1,110,1,1,1,1
174,0030_s005_v7_005.jpg,30,7,5,True,4,1053,0.5055555555555555,0.2222222222222222,1,18,1,1,1,1
175,0030_s018_v0_000.jpg,30,0,18,True,4,1053,0.051447419601577817,0.019704433497536946,7,203,0,0,1,1
176,0030_s018_v3_001.jpg,30,3,18,True,4,1053,0.5657327586206896,0.13793103448275862,1,29,1,1,1,1
177,0034_s004_v1_006.jpg,34,1,4,True,11,1053,0.7079899875952508,0.19298245614035087,1,57,1,1,1,1
178,0034_s004_v3_007.jpg,34,3,4,True,11,1053,0.7198373596100869,0.21153846153846154,1,52,1,1,1,1
179,0034_s005_v1_008.jpg,34,1,5,True,10,1052,0.7277321552321552,0.2702702702702703,1,37,1,1,1,1
180,0034_s005_v3_009.jpg,34,3,5,True,10,1052,0.7592651608680777,0.12658227848101267,1,79,1,1,1,1
181,0034_s005_v7_010.jpg,34,7,5,True,10,1052,0.6489438674732793,0.13513513513513514,1,74,1,1,1,1
182,0034_s009_v1_011.jpg,34,1,9,True,11,1053,0.5898351916727158,0.05641025641025641,1,195,1,1,1,1
183,0034_s009_v3_012.jpg,34,3,9,True,11,1053,0.644011544011544,0.05913978494623656,1,186,1,1,1,1
184,0034_s014_v1_000.jpg,34,1,14,True,10,1052,0.46673320173442023,0.09900990099009901,1,101,1,1,1,1
185,0034_s014_v3_001.jpg,34,3,14,True,10,1052,0.7546507936507937,0.2222222222222222,1,45,1,1,1,1
186,0034_s014_v4_002.jpg,34,4,14,True,10,1052,0.3408674601234229,0.04950495049504951,1,202,1,1,1,1
187,0034_s018_v1_003.jpg,34,1,18,True,10,1052,0.5212956951449867,0.03076923076923077,1,325,1,1,1,1
188,0034_s018_v3_004.jpg,34,3,18,True,10,1052,0.4233468039053145,0.026595744680851064,1,376,1,1,1,1
189,0034_s018_v5_005.jpg,34,5,18,True,10,1052,0.5534316962674539,0.10309278350515463,1,97,1,1,1,1
190,0036_s000_v0_011.jpg,36,0,0,True,11,1048,0.011031163966198671,0.013888888888888888,220,792,0,0,0,0
191,0036_s000_v1_015.jpg,36,1,0,True,11,1048,0.01627560929852443,0.016591251885369532,139,663,0,0,0,0
192,0036_s000_v2_013.jpg,36,2,0,True,11,1048,0.010982737220297785,0.01437908496732026,247,765,0,0,0,0
193,0036_s000_v3_016.jpg,36,3,0,True,11,1048,0.01359582957779121,0.015918958031837915,81,691,0,0,0,0
194,0036_s000_v4_012.jpg,36,4,0,True,11,1048,0.008834380175610166,0.012600229095074456,250,873,0,0,0,0
195,0036_s000_v5_017.jpg,36,5,0,True,11,1048,0.011217465337227369,0.013546798029556651,99,812,0,0,0,0
196,0036_s000_v6_014.jpg,36,6,0,True,11,1048,0.013944303214023217,0.020146520146520148,174,546,0,0,0,0
197,0036_s004_v1_003.jpg,36,1,4,True,16,1053,0.3124713829980588,0.0215633423180593,1,742,1,1,1,1
198,0036_s004_v3_004.jpg,36,3,4,True,16,1053,0.3001951803469004,0.022535211267605635,2,710,0,1,1,1
199,0036_s007_v6_005.jpg,36,6,7,True,17,1054,0.15610144827531355,0.017616580310880828,2,965,0,1,1,1
200,0036_s008_v1_006.jpg,36,1,8,True,16,1053,0.20627064304957302,0.017582417582417582,1,910,1,1,1,1
201,0036_s008_v7_007.jpg,36,7,8,True,16,1053,0.21073545676890854,0.025974025974025976,1,616,1,1,1,1
202,0036_s009_v1_008.jpg,36,1,9,True,15,1052,0.23528764445508354,0.01698754246885617,1,883,1,1,1,1
203,0036_s009_v4_009.jpg,36,4,9,True,15,1052,0.19129843246344158,0.020080321285140562,1,747,1,1,1,1
204,0036_s009_v7_010.jpg,36,7,9,True,15,1052,0.33481917924592447,0.016304347826086956,1,920,1,1,1,1
205,0036_s012_v1_000.jpg,36,1,12,True,15,1052,0.2353653278783173,0.014634146341463415,1,1025,1,1,1,1
206,0036_s012_v4_001.jpg,36,4,12,True,15,1052,0.14845156300430457,0.017814726840855107,2,842,0,1,1,1
207,0036_s012_v7_002.jpg,36,7,12,True,15,1052,0.20305474474861543,0.015105740181268883,1,993,1,1,1,1
208,0045_s005_v1_000.jpg,45,1,5,True,3,1052,0.4444444444444444,0.3333333333333333,2,9,0,1,1,1
209,0045_s005_v3_001.jpg,45,3,5,True,3,1052,0.8333333333333334,0.5,1,6,1,1,1,1
210,0045_s005_v7_002.jpg,45,7,5,True,3,1052,0.5333333333333333,0.6,2,5,0,1,1,1
211,0045_s009_v1_003.jpg,45,1,9,True,3,1052,0.22905982905982905,0.2,3,15,0,1,1,1
212,0045_s009_v3_004.jpg,45,3,9,True,3,1052,0.2611111111111111,0.3333333333333333,5,9,0,1,1,1
213,0045_s009_v5_005.jpg,45,5,9,True,3,1052,0.6428571428571429,0.42857142857142855,1,7,1,1,1,1
214,0047_s005_v1_003.jpg,47,1,5,True,6,1053,0.7757575757575758,0.2,1,30,1,1,1,1
215,0047_s005_v2_004.jpg,47,2,5,True,6,1053,0.4854875283446713,0.12244897959183673,1,49,1,1,1,1
216,0047_s009_v1_005.jpg,47,1,9,True,5,1052,0.344281045751634,0.2777777777777778,2,18,0,1,1,1
217,0047_s009_v4_006.jpg,47,4,9,True,5,1052,0.610909090909091,0.45454545454545453,1,11,1,1,1,1
218,0047_s009_v7_007.jpg,47,7,9,True,5,1052,0.39975429975429966,0.13513513513513514,2,37,0,1,1,1
219,0047_s018_v0_000.jpg,47,0,18,True,5,1052,0.5523703703703704,0.18518518518518517,1,27,1,1,1,1
220,0047_s018_v1_001.jpg,47,1,18,True,5,1052,0.217,0.1,2,50,0,1,1,1
221,0047_s018_v7_002.jpg,47,7,18,True,5,1052,0.7433333333333334,0.5,1,10,1,1,1,1
222,0059_s007_v2_015.jpg,59,2,7,True,18,1053,0.5887377097410786,0.4090909090909091,1,44,1,1,1,1
223,0059_s007_v7_016.jpg,59,7,7,True,18,1053,0.74196119138936,0.2,1,90,1,1,1,1
224,0059_s011_v1_017.jpg,59,1,11,True,17,1052,0.7477396858850108,0.20238095238095238,1,84,1,1,1,1
225,0059_s011_v5_018.jpg,59,5,11,True,17,1052,0.7582511047603927,0.2236842105263158,1,76,1,1,1,1
226,0059_s011_v7_019.jpg,59,7,11,True,17,1052,0.7613571069453422,0.26153846153846155,1,65,1,1,1,1
227,0059_s015_v1_000.jpg,59,1,15,True,17,1052,0.6007914833355049,0.13178294573643412,1,129,1,1,1,1
228,0059_s015_v2_001.jpg,59,2,15,True,17,1052,0.6699648785345339,0.20238095238095238,1,84,1,1,1,1
229,0059_s015_v6_002.jpg,59,6,15,True,17,1052,0.5667864876332327,0.13178294573643412,1,129,1,1,1,1
230,0059_s016_v0_003.jpg,59,0,16,True,18,1053,0.5623127827209696,0.1836734693877551,1,98,1,1,1,1
231,0059_s016_v7_004.jpg,59,7,16,True,18,1053,0.6963204188178388,0.3157894736842105,1,57,1,1,1,1
232,0059_s021_v1_005.jpg,59,1,21,True,16,1051,0.5291851673957688,0.2318840579710145,2,69,0,1,1,1
233,0059_s021_v2_006.jpg,59,2,21,True,16,1051,0.4969336274138131,0.0469208211143695,1,341,1,1,1,1
234,0059_s021_v3_007.jpg,59,3,21,True,16,1051,0.6724365785217712,0.1839080459770115,1,87,1,1,1,1
235,0059_s021_v7_008.jpg,59,7,21,True,16,1051,0.8260803058597176,0.5925925925925926,1,27,1,1,1,1
236,0059_s028_v0_009.jpg,59,0,28,True,14,1049,0.6553870185233385,0.3111111111111111,1,45,1,1,1,1
237,0059_s028_v1_010.jpg,59,1,28,True,14,1049,0.830616539545111,0.25925925925925924,1,54,1,1,1,1
238,0059_s028_v2_011.jpg,59,2,28,True,14,1049,0.6942348914248334,0.358974358974359,1,39,1,1,1,1
239,0059_s028_v5_012.jpg,59,5,28,True,14,1049,0.7209080675700592,0.25925925925925924,1,54,1,1,1,1
240,0059_s028_v6_013.jpg,59,6,28,True,14,1049,0.45018982185749384,0.1346153846153846,2,104,0,1,1,1
241,0059_s028_v7_014.jpg,59,7,28,True,14,1049,0.8038987573394243,0.2857142857142857,1,49,1,1,1,1
242,0063_s007_v0_007.jpg,63,0,7,True,7,1052,0.2258979483080202,0.050359712230215826,1,139,1,1,1,1
243,0063_s007_v2_008.jpg,63,2,7,True,7,1052,0.54486753556521,0.16279069767441862,1,43,1,1,1,1
244,0063_s007_v3_009.jpg,63,3,7,True,7,1052,0.5710559006211181,0.28,1,25,1,1,1,1
245,0063_s025_v0_000.jpg,63,0,25,True,3,1048,0.4537037037037037,0.1111111111111111,1,27,1,1,1,1
246,0063_s025_v1_001.jpg,63,1,25,True,3,1048,0.6969696969696969,0.09090909090909091,1,33,1,1,1,1
247,0063_s025_v3_002.jpg,63,3,25,True,3,1048,0.0436735778841042,0.014354066985645933,20,209,0,0,0,1
248,0063_s025_v4_003.jpg,63,4,25,True,3,1048,0.12810457516339868,0.16666666666666666,10,18,0,0,1,1
249,0063_s025_v5_004.jpg,63,5,25,True,3,1048,0.10946391135070381,0.018867924528301886,6,159,0,0,1,1
250,0063_s025_v6_005.jpg,63,6,25,True,3,1048,0.087531328320802,0.019736842105263157,7,152,0,0,1,1
251,0063_s025_v7_006.jpg,63,7,25,True,3,1048,0.04252480673820238,0.028037383177570093,16,107,0,0,0,1
252,0069_s008_v2_003.jpg,69,2,8,True,3,1052,0.1007662835249042,0.03333333333333333,5,90,0,1,1,1
253,0069_s008_v4_004.jpg,69,4,8,True,3,1052,0.0042320864698404586,0.003374578177727784,178,889,0,0,0,0
254,0069_s008_v7_005.jpg,69,7,8,True,3,1052,0.07675070028011205,0.058823529411764705,10,51,0,0,1,1
255,0069_s012_v1_000.jpg,69,1,12,True,3,1052,0.07456977501820551,0.013452914798206279,13,223,0,0,0,1
256,0069_s012_v5_001.jpg,69,5,12,True,3,1052,0.029264081442959177,0.02654867256637168,31,113,0,0,0,0
257,0069_s012_v7_002.jpg,69,7,12,True,3,1052,0.04629921132718217,0.008645533141210375,14,347,0,0,0,1
258,0075_s009_v3_016.jpg,75,3,9,True,16,1052,0.6216761969692389,0.12403100775193798,1,129,1,1,1,1
259,0075_s009_v5_017.jpg,75,5,9,True,16,1052,0.5035741110962799,0.08121827411167512,2,197,0,1,1,1
260,0075_s009_v7_018.jpg,75,7,9,True,16,1052,0.10083564110453913,0.07373271889400922,3,217,0,1,1,1
261,0075_s012_v1_000.jpg,75,1,12,True,16,1052,0.5982159956460635,0.09696969696969697,1,165,1,1,1,1
262,0075_s012_v3_001.jpg,75,3,12,True,16,1052,0.45693587324173807,0.08290155440414508,1,193,1,1,1,1
263,0075_s012_v4_002.jpg,75,4,12,True,16,1052,0.2989713537504858,0.05574912891986063,1,287,1,1,1,1
264,0075_s019_v0_003.jpg,75,0,19,True,16,1052,0.25308435624171466,0.07174887892376682,1,223,1,1,1,1
265,0075_s019_v3_004.jpg,75,3,19,True,16,1052,0.582223717101934,0.08,1,200,1,1,1,1
266,0075_s019_v5_005.jpg,75,5,19,True,16,1052,0.4080532007346285,0.07079646017699115,1,226,1,1,1,1
267,0075_s021_v1_006.jpg,75,1,21,True,15,1051,0.36813119291821117,0.09615384615384616,1,156,1,1,1,1
268,0075_s021_v5_007.jpg,75,5,21,True,15,1051,0.12323200907102247,0.07211538461538461,24,208,0,0,0,0
269,0075_s021_v6_008.jpg,75,6,21,True,15,1051,0.07836096687094345,0.037037037037037035,4,405,0,1,1,1
270,0075_s021_v7_009.jpg,75,7,21,True,15,1051,0.3428755165374164,0.234375,6,64,0,0,1,1
271,0075_s029_v0_010.jpg,75,0,29,True,13,1049,0.16006204005117144,0.041401273885350316,1,314,1,1,1,1
272,0075_s029_v1_011.jpg,75,1,29,True,13,1049,0.3777082979126058,0.06046511627906977,1,215,1,1,1,1
273,0075_s029_v2_012.jpg,75,2,29,True,13,1049,0.15159468809374577,0.03178484107579462,8,409,0,0,1,1
274,0075_s029_v3_013.jpg,75,3,29,True,13,1049,0.34361998466649624,0.06046511627906977,1,215,1,1,1,1
275,0075_s029_v5_014.jpg,75,5,29,True,13,1049,0.5305760905760907,0.04727272727272727,1,275,1,1,1,1
276,0075_s029_v6_015.jpg,75,6,29,True,13,1049,0.5723435341152953,0.065,1,200,1,1,1,1
277,0079_s010_v1_006.jpg,79,1,10,True,6,1053,0.472518798748307,0.09836065573770492,1,61,1,1,1,1
278,0079_s010_v3_007.jpg,79,3,10,True,6,1053,0.7619047619047619,0.21428571428571427,1,28,1,1,1,1
279,0079_s013_v1_000.jpg,79,1,13,True,6,1053,0.514176245210728,0.05172413793103448,1,116,1,1,1,1
280,0079_s013_v3_001.jpg,79,3,13,True,6,1053,0.36735876481176666,0.061855670103092786,2,97,0,1,1,1
281,0079_s022_v1_002.jpg,79,1,22,True,4,1051,0.8303571428571428,0.5714285714285714,1,7,1,1,1,1
282,0079_s022_v3_003.jpg,79,3,22,True,4,1051,0.5346590909090909,0.36363636363636365,1,11,1,1,1,1
283,0079_s022_v4_004.jpg,79,4,22,True,4,1051,0.546415770609319,0.08888888888888889,1,45,1,1,1,1
284,0079_s022_v5_005.jpg,79,5,22,True,4,1051,0.049842557848655406,0.032,13,125,0,0,0,1
285,0088_s010_v1_007.jpg,88,1,10,True,7,1052,0.49857877971085524,0.026415094339622643,1,265,1,1,1,1
286,0088_s010_v3_008.jpg,88,3,10,True,7,1052,0.044554862253335,0.02456140350877193,25,285,0,0,0,0
287,0088_s010_v7_009.jpg,88,7,10,True,7,1052,0.6307977736549165,0.10606060606060606,1,66,1,1,1,1
288,0088_s013_v2_000.jpg,88,2,13,True,7,1052,0.7567441330599224,0.3684210526315789,1,19,1,1,1,1
289,0088_s013_v4_001.jpg,88,4,13,True,7,1052,0.10534307970748646,0.03954802259887006,3,177,0,1,1,1
290,0088_s013_v7_002.jpg,88,7,13,True,7,1052,0.5880506737969543,0.14893617021276595,1,47,1,1,1,1
291,0088_s015_v1_003.jpg,88,1,15,True,8,1053,0.28099027409372235,0.041025641025641026,2,195,0,1,1,1
292,0088_s015_v7_004.jpg,88,7,15,True,8,1053,0.6473350004903402,0.07766990291262135,1,103,1,1,1,1
293,0088_s022_v1_005.jpg,88,1,22,True,8,1053,0.7795789605197401,0.11594202898550725,1,69,1,1,1,1
294,0088_s022_v7_006.jpg,88,7,22,True,8,1053,0.7866440294284097,0.25806451612903225,1,31,1,1,1,1
295,0090_s000_v0_003.jpg,90,0,0,True,3,1047,0.011527714444642234,0.01675977653631285,158,179,0,0,0,0
296,0090_s000_v1_007.jpg,90,1,0,True,3,1047,0.024193155523078796,0.02142857142857143,46,140,0,0,0,0
297,0090_s000_v2_005.jpg,90,2,0,True,3,1047,0.009034988000505242,0.011538461538461539,175,260,0,0,0,0
298,0090_s000_v3_008.jpg,90,3,0,True,3,1047,0.0261194332805586,0.03529411764705882,69,85,0,0,0,0
299,0090_s000_v4_004.jpg,90,4,0,True,3,1047,0.005115222298065296,0.007228915662650603,363,415,0,0,0,0
300,0090_s000_v5_009.jpg,90,5,0,True,3,1047,0.019884338174629118,0.02608695652173913,76,115,0,0,0,0
301,0090_s000_v6_006.jpg,90,6,0,True,3,1047,0.009422427482715818,0.009174311926605505,98,327,0,0,0,0
302,0090_s000_v7_010.jpg,90,7,0,True,3,1047,0.04219311642831799,0.04838709677419355,34,62,0,0,0,0
303,0090_s010_v1_000.jpg,90,1,10,True,8,1052,0.050821152957455214,0.02056555269922879,11,389,0,0,0,1
304,0090_s010_v3_001.jpg,90,3,10,True,8,1052,0.05377200209205186,0.0273972602739726,17,292,0,0,0,1
305,0090_s010_v5_002.jpg,90,5,10,True,8,1052,0.02395666917267556,0.018604651162790697,43,430,0,0,0,0
306,0092_s010_v1_004.jpg,92,1,10,True,4,1052,0.38611111111111107,0.1111111111111111,3,36,0,1,1,1
307,0092_s010_v4_005.jpg,92,4,10,True,4,1052,0.07251125336231719,0.05405405405405406,13,74,0,0,0,1
308,0092_s010_v7_006.jpg,92,7,10,True,4,1052,0.1224896480331263,0.14285714285714285,12,28,0,0,0,1
309,0092_s022_v0_000.jpg,92,0,22,True,3,1051,0.29393939393939394,0.2,2,15,0,1,1,1
310,0092_s022_v1_001.jpg,92,1,22,True,3,1051,0.377565982404692,0.06818181818181818,1,44,1,1,1,1
311,0092_s022_v3_002.jpg,92,3,22,True,3,1051,0.37601078167115903,0.05660377358490566,1,53,1,1,1,1
312,0092_s022_v7_003.jpg,92,7,22,True,3,1051,0.01161814880035219,0.013392857142857142,118,224,0,0,0,0
313,0094_s011_v0_020.jpg,94,0,11,True,20,1053,0.14648601128766478,0.04106776180698152,3,487,0,1,1,1
314,0094_s011_v3_021.jpg,94,3,11,True,20,1053,0.5194720876744997,0.06825938566552901,1,293,1,1,1,1
315,0094_s013_v4_000.jpg,94,4,13,True,20,1053,0.22010547293892863,0.028011204481792718,1,714,1,1,1,1
316,0094_s013_v7_001.jpg,94,7,13,True,20,1053,0.6081565932090843,0.0711743772241993,1,281,1,1,1,1
317,0094_s015_v4_002.jpg,94,4,15,True,20,1053,0.24282326034834129,0.02560819462227913,1,781,1,1,1,1
318,0094_s015_v7_003.jpg,94,7,15,True,20,1053,0.6493090141976995,0.07633587786259542,1,262,1,1,1,1
319,0094_s016_v1_004.jpg,94,1,16,True,20,1053,0.2452932494569712,0.04424778761061947,1,452,1,1,1,1
320,0094_s016_v7_005.jpg,94,7,16,True,20,1053,0.1933001267353161,0.039603960396039604,1,505,1,1,1,1
321,0094_s023_v0_006.jpg,94,0,23,True,17,1050,0.1654085506731883,0.08673469387755102,10,196,0,0,1,1
322,0094_s023_v1_007.jpg,94,1,23,True,17,1050,0.2783879049728685,0.09289617486338798,1,183,1,1,1,1
323,0094_s023_v2_008.jpg,94,2,23,True,17,1050,0.10975746830373406,0.05704697986577181,13,298,0,0,0,1
324,0094_s023_v6_009.jpg,94,6,23,True,17,1050,0.07211891936132317,0.04228855721393035,26,402,0,0,0,0
325,0094_s023_v6_010.jpg,94,6,23,True,17,1050,0.08976643919341479,0.04197530864197531,10,405,0,0,1,1
326,0094_s024_v0_011.jpg,94,0,24,True,16,1049,0.11319632251421194,0.043596730245231606,9,367,0,0,1,1
327,0094_s024_v1_012.jpg,94,1,24,True,16,1049,0.359126650331672,0.041025641025641026,1,390,1,1,1,1
328,0094_s024_v3_013.jpg,94,3,24,True,16,1049,0.26472850423992117,0.03764705882352941,1,425,1,1,1,1
329,0094_s024_v4_014.jpg,94,4,24,True,16,1049,0.1353242555665904,0.027257240204429302,3,587,0,1,1,1
330,0094_s024_v5_015.jpg,94,5,24,True,16,1049,0.12495192269661592,0.035634743875278395,9,449,0,0,1,1
331,0094_s024_v7_016.jpg,94,7,24,True,16,1049,0.3312286832361166,0.04984423676012461,1,321,1,1,1,1
332,0094_s028_v4_017.jpg,94,4,28,True,19,1052,0.14099838917344198,0.1386861313868613,16,137,0,0,0,1
333,0094_s028_v6_018.jpg,94,6,28,True,19,1052,0.20403211956338208,0.06070287539936102,7,313,0,0,1,1
334,0094_s028_v7_019.jpg,94,7,28,True,19,1052,0.4659911235836179,0.1292517006802721,1,147,1,1,1,1
335,0096_s011_v3_010.jpg,96,3,11,True,10,1052,0.037523951766323435,0.01763668430335097,10,567,0,0,1,1
336,0096_s011_v5_011.jpg,96,5,11,True,10,1052,0.03574652962290568,0.022172949002217297,10,451,0,0,1,1
337,0096_s011_v7_012.jpg,96,7,11,True,10,1052,0.02715244264130983,0.022026431718061675,57,454,0,0,0,0
338,0096_s015_v0_000.jpg,96,0,15,True,10,1052,0.3688666138886457,0.043668122270742356,1,229,1,1,1,1
339,0096_s015_v4_001.jpg,96,4,15,True,10,1052,0.13953024154965132,0.0398406374501992,4,251,0,1,1,1
340,0096_s015_v6_002.jpg,96,6,15,True,10,1052,0.21155701591006543,0.03367003367003367,2,297,0,1,1,1
341,0096_s022_v4_003.jpg,96,4,22,True,11,1053,0.1280131240973663,0.026829268292682926,2,410,0,1,1,1
342,0096_s022_v7_004.jpg,96,7,22,True,11,1053,0.2900753422556101,0.04247104247104247,1,259,1,1,1,1
343,0096_s024_v5_005.jpg,96,5,24,True,11,1053,0.1730259579202937,0.03642384105960265,1,302,1,1,1,1
344,0096_s024_v7_006.jpg,96,7,24,True,11,1053,0.24952505773206593,0.03343465045592705,1,329,1,1,1,1
345,0096_s028_v0_007.jpg,96,0,28,True,10,1052,0.1972887860558411,0.01524390243902439,1,656,1,1,1,1
346,0096_s028_v5_008.jpg,96,5,28,True,10,1052,0.1120234804742822,0.04854368932038835,2,206,0,1,1,1
347,0096_s028_v7_009.jpg,96,7,28,True,10,1052,0.23831642179369453,0.037037037037037035,1,270,1,1,1,1
348,0100_s011_v1_010.jpg,100,1,11,True,10,1053,0.48619172494172486,0.3333333333333333,1,30,1,1,1,1
349,0100_s011_v4_011.jpg,100,4,11,True,10,1053,0.3046114014711576,0.2,3,50,0,1,1,1
350,0100_s017_v0_000.jpg,100,0,17,True,9,1052,0.20420902929072862,0.075,2,120,0,1,1,1
351,0100_s017_v1_001.jpg,100,1,17,True,9,1052,0.6779529529529529,0.24324324324324326,1,37,1,1,1,1
352,0100_s017_v3_002.jpg,100,3,17,True,9,1052,0.30530255459224326,0.1323529411764706,1,68,1,1,1,1
353,0100_s025_v0_003.jpg,100,0,25,True,5,1048,0.1881807496408515,0.08771929824561403,2,57,0,1,1,1
354,0100_s025_v1_004.jpg,100,1,25,True,5,1048,0.5917748917748917,0.17857142857142858,1,28,1,1,1,1
355,0100_s025_v2_005.jpg,100,2,25,True,5,1048,0.45024741340530816,0.13157894736842105,1,38,1,1,1,1
356,0100_s025_v3_006.jpg,100,3,25,True,5,1048,0.15732332332332333,0.13513513513513514,4,37,0,1,1,1
357,0100_s025_v4_007.jpg,100,4,25,True,5,1048,0.14958141321044546,0.08064516129032258,5,62,0,1,1,1
358,0100_s025_v5_008.jpg,100,5,25,True,5,1048,0.057241369741369744,0.044642857142857144,26,112,0,0,0,0
359,0100_s025_v7_009.jpg,100,7,25,True,5,1048,0.18865377730039384,0.10204081632653061,4,49,0,1,1,1
360,0110_s011_v4_002.jpg,110,4,11,True,2,1052,0.27439024390243905,0.04878048780487805,2,41,0,1,1,1
361,0110_s011_v6_003.jpg,110,6,11,True,2,1052,0.026500526500526502,0.025974025974025976,37,77,0,0,0,0
362,0110_s011_v7_004.jpg,110,7,11,True,2,1052,0.13596491228070173,0.10526315789473684,6,19,0,0,1,1
363,0110_s012_v0_000.jpg,110,0,12,True,3,1053,0.17888888888888888,0.12,3,25,0,1,1,1
364,0110_s012_v5_001.jpg,110,5,12,True,3,1053,0.7222222222222222,0.5,1,6,1,1,1,1
365,0112_s012_v0_000.jpg,112,0,12,True,7,1053,0.3875653082549633,0.21212121212121213,1,33,1,1,1,1
366,0112_s012_v3_001.jpg,112,3,12,True,7,1053,0.35363683935112517,0.08974358974358974,1,78,1,1,1,1
367,0112_s018_v0_002.jpg,112,0,18,True,7,1053,0.1658638673344235,0.027559055118110236,1,254,1,1,1,1
368,0112_s018_v3_003.jpg,112,3,18,True,7,1053,0.29516232598756875,0.037037037037037035,1,189,1,1,1,1
369,0112_s025_v1_004.jpg,112,1,25,True,4,1050,0.0360781384654126,0.03305785123966942,18,121,0,0,0,1
370,0112_s025_v2_005.jpg,112,2,25,True,4,1050,0.02810538565930795,0.022099447513812154,22,181,0,0,0,0
371,0112_s025_v3_006.jpg,112,3,25,True,4,1050,0.3589240620490621,0.025974025974025976,1,154,1,1,1,1
372,0112_s025_v4_007.jpg,112,4,25,True,4,1050,0.05465731237630054,0.039603960396039604,12,101,0,0,0,1
373,0112_s025_v5_008.jpg,112,5,25,True,4,1050,0.02924172668165803,0.025974025974025976,23,154,0,0,0,0
374,0114_s012_v3_000.jpg,114,3,12,True,11,1053,0.6093129571577847,0.1,1,110,1,1,1,1
375,0114_s012_v5_001.jpg,114,5,12,True,11,1053,0.7744789323736694,0.28205128205128205,1,39,1,1,1,1
376,0114_s016_v3_002.jpg,114,3,16,True,11,1053,0.5118372088858645,0.15492957746478872,1,71,1,1,1,1
377,0114_s016_v5_003.jpg,114,5,16,True,11,1053,0.665781532352551,0.2682926829268293,1,41,1,1,1,1
378,0114_s018_v0_004.jpg,114,0,18,True,9,1051,0.6207979915296988,0.12857142857142856,1,70,1,1,1,1
379,0114_s018_v1_005.jpg,114,1,18,True,9,1051,0.6974206349206349,0.5625,1,16,1,1,1,1
380,0114_s018_v2_006.jpg,114,2,18,True,9,1051,0.9035204991087346,0.5294117647058824,1,17,1,1,1,1
381,0114_s018_v6_007.jpg,114,6,18,True,9,1051,0.8092293906810036,0.15,1,60,1,1,1,1
382,0114_s019_v0_008.jpg,114,0,19,True,8,1050,0.5710130147630147,0.12307692307692308,1,65,1,1,1,1
383,0114_s019_v1_009.jpg,114,1,19,True,8,1050,0.674611801242236,0.11594202898550725,1,69,1,1,1,1
384,0114_s019_v2_010.jpg,114,2,19,True,8,1050,0.8399621212121212,0.5,1,16,1,1,1,1
385,0114_s019_v4_011.jpg,114,4,19,True,8,1050,0.3065499079903464,0.10526315789473684,1,76,1,1,1,1
386,0114_s019_v6_012.jpg,114,6,19,True,8,1050,0.8194444444444444,0.16666666666666666,1,48,1,1,1,1
387,0116_s012_v0_000.jpg,116,0,12,True,4,1052,0.12621381886087768,0.05714285714285714,6,70,0,0,1,1
388,0116_s012_v4_001.jpg,116,4,12,True,4,1052,0.6446078431372549,0.0784313725490196,1,51,1,1,1,1
389,0116_s012_v6_002.jpg,116,6,12,True,4,1052,0.525,0.5,2,8,0,1,1,1
390,0116_s029_v1_003.jpg,116,1,29,True,3,1051,0.2333333333333333,0.2,3,15,0,1,1,1
391,0116_s029_v3_004.jpg,116,3,29,True,3,1051,0.478030303030303,0.03409090909090909,1,88,1,1,1,1
392,0116_s029_v5_005.jpg,116,5,29,True,3,1051,0.358974358974359,0.02564102564102564,1,117,1,1,1,1
393,0116_s029_v7_006.jpg,116,7,29,True,3,1051,0.21746031746031746,0.16666666666666666,5,18,0,1,1,1
394,0122_s012_v2_000.jpg,122,2,12,True,10,1052,0.6584126984126983,0.3333333333333333,1,30,1,1,1,1
395,0122_s012_v5_001.jpg,122,5,12,True,10,1052,0.37957843137254904,0.09090909090909091,2,110,0,1,1,1
396,0122_s012_v7_002.jpg,122,7,12,True,10,1052,0.10645196966025974,0.08771929824561403,17,114,0,0,0,1
397,0122_s013_v0_003.jpg,122,0,13,True,11,1053,0.18136885955663767,0.13253012048192772,3,83,0,1,1,1
398,0122_s013_v1_004.jpg,122,1,13,True,11,1053,0.6077429587955904,0.09649122807017543,1,114,1,1,1,1
399,0122_s025_v0_005.jpg,122,0,25,True,5,1047,0.3002932098765432,0.052083333333333336,1,96,1,1,1,1
400,0122_s025_v1_006.jpg,122,1,25,True,5,1047,0.6523809523809524,0.17857142857142858,1,28,1,1,1,1
401,0122_s025_v2_007.jpg,122,2,25,True,5,1047,0.38705226480836236,0.06097560975609756,1,82,1,1,1,1
402,0122_s025_v3_008.jpg,122,3,25,True,5,1047,0.7305555555555556,0.20833333333333334,1,24,1,1,1,1
403,0122_s025_v4_009.jpg,122,4,25,True,5,1047,0.17094069433322343,0.07042253521126761,4,71,0,1,1,1
404,0122_s025_v5_010.jpg,122,5,25,True,5,1047,0.46159203980099506,0.07462686567164178,1,67,1,1,1,1
405,0122_s025_v6_011.jpg,122,6,25,True,5,1047,0.11343185006541509,0.08771929824561403,7,57,0,0,1,1
406,0122_s025_v7_012.jpg,122,7,25,True,5,1047,0.1574847449162726,0.0641025641025641,2,78,0,1,1,1
407,0127_s013_v0_000.jpg,127,0,13,True,4,1053,0.41846153846153844,0.15384615384615385,1,26,1,1,1,1
408,0127_s013_v3_001.jpg,127,3,13,True,4,1053,0.22976190476190475,0.13333333333333333,4,30,0,1,1,1
409,0127_s022_v4_002.jpg,127,4,22,True,4,1053,0.587121212121212,0.18181818181818182,1,22,1,1,1,1
410,0127_s022_v7_003.jpg,127,7,22,True,4,1053,0.11158424908424909,0.11428571428571428,12,35,0,0,0,1
411,0127_s028_v3_004.jpg,127,3,28,True,4,1053,0.06077445040859675,0.044444444444444446,14,90,0,0,0,1
412,0127_s028_v5_005.jpg,127,5,28,True,4,1053,0.08205093055510757,0.038834951456310676,5,103,0,1,1,1
413,0129_s013_v0_000.jpg,129,0,13,True,13,1052,0.4053666625786901,0.10655737704918032,1,122,1,1,1,1
414,0129_s013_v3_001.jpg,129,3,13,True,13,1052,0.45998545580170036,0.04318936877076412,1,301,1,1,1,1
415,0129_s013_v5_002.jpg,129,5,13,True,13,1052,0.5611255303764743,0.08280254777070063,1,157,1,1,1,1
416,0129_s015_v3_003.jpg,129,3,15,True,13,1052,0.6528963618389673,0.19117647058823528,1,68,1,1,1,1
417,0129_s015_v5_004.jpg,129,5,15,True,13,1052,0.6337172084589369,0.08552631578947369,1,152,1,1,1,1
418,0129_s015_v7_005.jpg,129,7,15,True,13,1052,0.5119078878163179,0.1015625,1,128,1,1,1,1
419,0129_s016_v1_006.jpg,129,1,16,True,14,1053,0.42238493812741934,0.35,2,40,0,1,1,1
420,0129_s016_v6_007.jpg,129,6,16,True,14,1053,0.3542109548035781,0.054901960784313725,1,255,1,1,1,1
421,0129_s023_v0_008.jpg,129,0,23,True,11,1050,0.3099889956268291,0.02564102564102564,1,429,1,1,1,1
422,0129_s023_v1_009.jpg,129,1,23,True,11,1050,0.343321851317411,0.038869257950530034,1,283,1,1,1,1
423,0129_s023_v3_010.jpg,129,3,23,True,11,1050,0.6490184503553488,0.06666666666666667,1,165,1,1,1,1
424,0129_s023_v4_011.jpg,129,4,23,True,11,1050,0.5634383128948346,0.18333333333333332,1,60,1,1,1,1
425,0129_s023_v5_012.jpg,129,5,23,True,11,1050,0.6006303692824068,0.12643678160919541,1,87,1,1,1,1
426,0129_s024_v0_013.jpg,129,0,24,True,13,1052,0.26889525539428005,0.03768115942028986,1,345,1,1,1,1
427,0129_s024_v4_014.jpg,129,4,24,True,13,1052,0.5641887837142179,0.25,1,52,1,1,1,1
428,0129_s024_v5_015.jpg,129,5,24,True,13,1052,0.5209786111542151,0.11016949152542373,1,118,1,1,1,1
429,0139_s000_v0_002.jpg,139,0,0,True,2,1047,0.05263157894736842,0.05263157894736842,19,38,0,0,0,1
430,0139_s000_v1_006.jpg,139,1,0,True,2,1047,0.05113636363636363,0.06060606060606061,24,33,0,0,0,0
431,0139_s000_v2_004.jpg,139,2,0,True,2,1047,0.030012771392081736,0.022988505747126436,27,87,0,0,0,0
432,0139_s000_v3_007.jpg,139,3,0,True,2,1047,0.20833333333333331,0.25,6,8,0,0,1,1
433,0139_s000_v4_003.jpg,139,4,0,True,2,1047,0.18253968253968253,0.2222222222222222,7,9,0,0,1,1
434,0139_s000_v5_008.jpg,139,5,0,True,2,1047,0.15555555555555556,0.2,9,10,0,0,1,1
435,0139_s000_v6_005.jpg,139,6,0,True,2,1047,0.038838612368024134,0.0392156862745098,26,51,0,0,0,0
436,0139_s000_v7_009.jpg,139,7,0,True,2,1047,0.3666666666666667,0.4,3,5,0,1,1,1
437,0139_s015_v1_000.jpg,139,1,15,True,8,1053,0.18814041591603703,0.16326530612244897,11,49,0,0,0,1
438,0139_s015_v7_001.jpg,139,7,15,True,8,1053,0.15405814746847357,0.08695652173913043,7,92,0,0,1,1
439,0141_s015_v0_000.jpg,141,0,15,True,5,1052,0.17045559703454444,0.025,2,200,0,1,1,1
440,0141_s015_v3_001.jpg,141,3,15,True,5,1052,0.6976190476190476,0.5,1,10,1,1,1,1
441,0141_s015_v5_002.jpg,141,5,15,True,5,1052,0.5112087912087913,0.38461538461538464,2,13,0,1,1,1
442,0141_s023_v0_003.jpg,141,0,23,True,3,1050,0.5194805194805194,0.2727272727272727,1,11,1,1,1,1
443,0141_s023_v1_004.jpg,141,1,23,True,3,1050,0.42424242424242425,0.2727272727272727,2,11,0,1,1,1
444,0141_s023_v3_005.jpg,141,3,23,True,3,1050,0.712121212121212,0.13636363636363635,1,22,1,1,1,1
445,0141_s023_v4_006.jpg,141,4,23,True,3,1050,0.4166666666666666,0.08333333333333333,2,36,0,1,1,1
446,0141_s023_v5_007.jpg,141,5,23,True,3,1050,0.8095238095238094,0.42857142857142855,1,7,1,1,1,1
447,0143_s016_v0_000.jpg,143,0,16,True,5,1051,0.8833333333333334,0.4166666666666667,1,12,1,1,1,1
448,0143_s016_v1_001.jpg,143,1,16,True,5,1051,0.8433333333333334,0.4166666666666667,1,12,1,1,1,1
449,0143_s016_v3_002.jpg,143,3,16,True,5,1051,0.75,0.5,1,10,1,1,1,1
450,0143_s016_v5_003.jpg,143,5,16,True,5,1051,0.8009090909090908,0.45454545454545453,1,11,1,1,1,1
451,0143_s024_v0_004.jpg,143,0,24,True,4,1050,1.0,1.0,1,4,1,1,1,1
452,0143_s024_v1_005.jpg,143,1,24,True,4,1050,0.95,0.8,1,5,1,1,1,1
453,0143_s024_v3_006.jpg,143,3,24,True,4,1050,0.95,0.8,1,5,1,1,1,1
454,0143_s024_v4_007.jpg,143,4,24,True,4,1050,0.4640151515151515,0.25,1,16,1,1,1,1
455,0143_s024_v7_008.jpg,143,7,24,True,4,1050,0.8541666666666666,0.6666666666666666,1,6,1,1,1,1
456,0145_s016_v0_000.jpg,145,0,16,True,9,1050,0.6159300718952042,0.0891089108910891,1,101,1,1,1,1
457,0145_s016_v3_001.jpg,145,3,16,True,9,1050,0.43424690030108426,0.021739130434782608,1,414,1,1,1,1
458,0145_s016_v4_002.jpg,145,4,16,True,9,1050,0.4893455116942632,0.06766917293233082,1,133,1,1,1,1
459,0145_s016_v5_003.jpg,145,5,16,True,9,1050,0.5469504803362658,0.03225806451612903,1,279,1,1,1,1
460,0145_s016_v7_004.jpg,145,7,16,True,9,1050,0.3120969603218382,0.030303030303030304,1,297,1,1,1,1
461,0145_s023_v0_005.jpg,145,0,23,True,9,1050,0.10589771874532096,0.02654867256637168,3,339,0,1,1,1
462,0145_s023_v1_006.jpg,145,1,23,True,9,1050,0.27479553884352653,0.05113636363636364,1,176,1,1,1,1
463,0145_s023_v3_007.jpg,145,3,23,True,9,1050,0.6163122691424578,0.08490566037735849,1,106,1,1,1,1
464,0145_s023_v4_008.jpg,145,4,23,True,9,1050,0.06335511139493138,0.029801324503311258,13,302,0,0,0,1
465,0145_s023_v7_009.jpg,145,7,23,True,9,1050,0.2833335612146153,0.09278350515463918,3,97,0,1,1,1
466,0145_s024_v1_010.jpg,145,1,24,True,10,1051,0.5993222624370166,0.08196721311475409,1,122,1,1,1,1
467,0145_s024_v3_011.jpg,145,3,24,True,10,1051,0.5859917480505715,0.05,1,200,1,1,1,1
468,0145_s024_v4_012.jpg,145,4,24,True,10,1051,0.5644069264069264,0.09523809523809523,1,105,1,1,1,1
469,0145_s024_v5_013.jpg,145,5,24,True,10,1051,0.4192793003024556,0.02710027100271003,1,369,1,1,1,1
470,0150_s000_v0_007.jpg,150,0,0,True,7,1047,0.029579350610032966,0.015151515151515152,28,462,0,0,0,0
471,0150_s000_v1_011.jpg,150,1,0,True,7,1047,0.0495908096647696,0.01856763925729443,13,377,0,0,0,1
472,0150_s000_v2_009.jpg,150,2,0,True,7,1047,0.09088993056884324,0.034482758620689655,10,203,0,0,1,1
473,0150_s000_v3_012.jpg,150,3,0,True,7,1047,0.041946368520986876,0.020527859237536656,39,341,0,0,0,0
474,0150_s000_v4_008.jpg,150,4,0,True,7,1047,0.026628909845590774,0.01977401129943503,32,354,0,0,0,0
475,0150_s000_v5_013.jpg,150,5,0,True,7,1047,0.030219972383991565,0.019830028328611898,45,353,0,0,0,0
476,0150_s000_v6_010.jpg,150,6,0,True,7,1047,0.043191390387134536,0.02734375,27,256,0,0,0,0
477,0150_s000_v7_014.jpg,150,7,0,True,7,1047,0.08922640262745951,0.03225806451612903,17,217,0,0,0,1
478,0150_s016_v1_000.jpg,150,1,16,True,12,1052,0.1494056174547069,0.018018018018018018,1,666,1,1,1,1
479,0150_s016_v4_001.jpg,150,4,16,True,12,1052,0.18850301740175043,0.09917355371900827,2,121,0,1,1,1
480,0150_s016_v7_002.jpg,150,7,16,True,12,1052,0.21539820221892073,0.05333333333333334,1,225,1,1,1,1
481,0150_s024_v0_003.jpg,150,0,24,True,11,1051,0.2772317667640487,0.05641025641025641,1,195,1,1,1,1
482,0150_s024_v1_004.jpg,150,1,24,True,11,1051,0.2777197508962969,0.05188679245283019,1,212,1,1,1,1
483,0150_s024_v3_005.jpg,150,3,24,True,11,1051,0.08681443667521799,0.04700854700854701,10,234,0,0,1,1
484,0150_s024_v7_006.jpg,150,7,24,True,11,1051,0.11230346855900573,0.013994910941475827,1,786,1,1,1,1
485,0152_s016_v1_000.jpg,152,1,16,True,3,1054,0.35175,0.024,1,125,1,1,1,1
486,0152_s018_v3_001.jpg,152,3,18,True,1,1052,0.003355704697986577,0.003355704697986577,298,298,0,0,0,0
487,0152_s018_v5_002.jpg,152,5,18,True,1,1052,0.0051813471502590676,0.0051813471502590676,193,193,0,0,0,0
488,0152_s018_v7_003.jpg,152,7,18,True,1,1052,0.09090909090909091,0.09090909090909091,11,11,0,0,0,1
489,0160_s017_v0_000.jpg,160,0,17,True,12,1052,0.27375384260876134,0.07547169811320754,3,159,0,1,1,1
490,0160_s017_v1_001.jpg,160,1,17,True,12,1052,0.32996358993310215,0.2727272727272727,2,44,0,1,1,1
491,0160_s017_v3_002.jpg,160,3,17,True,12,1052,0.6241662445119892,0.25,1,48,1,1,1,1
492,0160_s029_v1_003.jpg,160,1,29,True,9,1049,0.20888994684391105,0.0661764705882353,1,136,1,1,1,1
493,0160_s029_v3_004.jpg,160,3,29,True,9,1049,0.3586976740046547,0.11538461538461539,1,78,1,1,1,1
494,0160_s029_v4_005.jpg,160,4,29,True,9,1049,0.12253294566854923,0.05732484076433121,6,157,0,0,1,1
495,0160_s029_v5_006.jpg,160,5,29,True,9,1049,0.873577040243707,0.5,1,18,1,1,1,1
496,0160_s029_v6_007.jpg,160,6,29,True,9,1049,0.5516474266474267,0.14285714285714285,1,63,1,1,1,1
497,0160_s029_v7_008.jpg,160,7,29,True,9,1049,0.4766522722519075,0.20930232558139536,1,43,1,1,1,1
498,0160_s030_v0_009.jpg,160,0,30,True,9,1049,0.43067071817071817,0.16363636363636364,1,55,1,1,1,1
499,0160_s030_v1_010.jpg,160,1,30,True,9,1049,0.3881095381095381,0.08108108108108109,2,111,0,1,1,1
500,0160_s030_v3_011.jpg,160,3,30,True,9,1049,0.36081167633001426,0.10112359550561797,1,89,1,1,1,1
501,0160_s030_v4_012.jpg,160,4,30,True,9,1049,0.4859739679347522,0.2647058823529412,1,34,1,1,1,1
502,0160_s030_v5_013.jpg,160,5,30,True,9,1049,0.3520362170079684,0.12162162162162163,1,74,1,1,1,1
503,0160_s030_v6_014.jpg,160,6,30,True,9,1049,0.40026025832144063,0.10975609756097561,2,82,0,1,1,1
504,0170_s018_v0_000.jpg,170,0,18,True,6,1053,0.13485102616681563,0.07142857142857142,2,84,0,1,1,1
505,0170_s018_v5_001.jpg,170,5,18,True,6,1053,0.21513893083660526,0.13953488372093023,6,43,0,0,1,1
506,0170_s027_v0_002.jpg,170,0,27,True,2,1049,0.02514124293785311,0.03333333333333333,59,60,0,0,0,0
507,0170_s027_v1_003.jpg,170,1,27,True,2,1049,0.044466403162055336,0.043478260869565216,22,46,0,0,0,0
508,0170_s027_v2_004.jpg,170,2,27,True,2,1049,0.021937185327259648,0.020618556701030927,43,97,0,0,0,0
509,0170_s027_v3_005.jpg,170,3,27,True,2,1049,0.021109637488947834,0.022988505747126436,52,87,0,0,0,0
510,0170_s027_v4_006.jpg,170,4,27,True,2,1049,0.026742581090407176,0.031746031746031744,46,63,0,0,0,0
511,0170_s027_v7_007.jpg,170,7,27,True,2,1049,0.02371967654986523,0.02857142857142857,53,70,0,0,0,0
512,0176_s019_v0_000.jpg,176,0,19,True,5,1051,0.2575005920585217,0.056179775280898875,1,89,1,1,1,1
513,0176_s019_v1_001.jpg,176,1,19,True,5,1051,0.6726190476190477,0.625,1,8,1,1,1,1
514,0176_s019_v4_002.jpg,176,4,19,True,5,1051,0.014454598946249484,0.010330578512396695,70,484,0,0,0,0
515,0176_s019_v5_003.jpg,176,5,19,True,5,1051,0.1032334175996148,0.03205128205128205,9,156,0,0,1,1
516,0176_s029_v1_004.jpg,176,1,29,True,4,1050,0.22866784037558688,0.056338028169014086,3,71,0,1,1,1
517,0176_s029_v3_005.jpg,176,3,29,True,4,1050,0.31591847265221873,0.07017543859649122,1,57,1,1,1,1
518,0176_s029_v5_006.jpg,176,5,29,True,4,1050,0.18661616161616162,0.044444444444444446,2,90,0,1,1,1
519,0176_s029_v6_007.jpg,176,6,29,True,4,1050,0.06492497989294728,0.013201320132013201,6,303,0,0,1,1
520,0176_s029_v7_008.jpg,176,7,29,True,4,1050,0.11764725568942436,0.017777777777777778,4,225,0,1,1,1
521,0178_s019_v1_000.jpg,178,1,19,True,2,1051,0.7,0.4,1,5,1,1,1,1
522,0178_s019_v2_001.jpg,178,2,19,True,2,1051,0.16666666666666666,0.16666666666666666,6,12,0,0,1,1
523,0178_s019_v4_002.jpg,178,4,19,True,2,1051,0.1845238095238095,0.03571428571428571,3,56,0,1,1,1
524,0178_s019_v7_003.jpg,178,7,19,True,2,1051,0.12237762237762238,0.15384615384615385,11,13,0,0,0,1
525,0178_s022_v3_004.jpg,178,3,22,True,4,1053,0.34385964912280703,0.042105263157894736,1,95,1,1,1,1
526,0178_s022_v4_005.jpg,178,4,22,True,4,1053,0.4901315789473684,0.21052631578947367,1,19,1,1,1,1
527,0196_s000_v0_002.jpg,196,0,0,True,2,1052,0.056990881458966566,0.0425531914893617,14,47,0,0,0,1
528,0196_s000_v1_004.jpg,196,1,0,True,2,1052,0.06818181818181818,0.03636363636363636,10,55,0,0,1,1
529,0196_s000_v2_003.jpg,196,2,0,True,2,1052,0.09307359307359307,0.09523809523809523,11,21,0,0,0,1
530,0196_s022_v0_000.jpg,196,0,22,True,3,1053,0.13713235294117646,0.09375,5,32,0,1,1,1
531,0196_s022_v7_001.jpg,196,7,22,True,3,1053,0.060529715762273895,0.03333333333333333,8,90,0,0,1,1
532,0204_s022_v0_000.jpg,204,0,22,True,2,1051,0.009850313858039594,0.010526315789473684,109,190,0,0,0,0
533,0204_s022_v5_001.jpg,204,5,22,True,2,1051,0.10101010101010101,0.09090909090909091,9,22,0,0,1,1
534,0204_s022_v6_002.jpg,204,6,22,True,2,1051,0.15,0.13333333333333333,6,15,0,0,1,1
535,0204_s022_v7_003.jpg,204,7,22,True,2,1051,0.09090909090909091,0.09090909090909091,11,22,0,0,0,1
536,0204_s024_v1_004.jpg,204,1,24,True,4,1053,0.147122739091651,0.02072538860103627,6,193,0,0,1,1
537,0204_s024_v3_005.jpg,204,3,24,True,4,1053,0.21855646630236794,0.013114754098360656,2,305,0,1,1,1
538,0220_s023_v0_000.jpg,220,0,23,True,4,1048,0.009955849983903373,0.009216589861751152,185,434,0,0,0,0
539,0220_s023_v1_001.jpg,220,1,23,True,4,1048,0.37749615975422424,0.12903225806451613,2,31,0,1,1,1
540,0220_s023_v3_002.jpg,220,3,23,True,4,1048,0.027178602570583757,0.019801980198019802,39,202,0,0,0,0
541,0220_s023_v4_003.jpg,220,4,23,True,4,1048,0.01855638235601377,0.02030456852791878,74,197,0,0,0,0
542,0220_s023_v5_004.jpg,220,5,23,True,4,1048,0.029548061587535274,0.03636363636363636,38,110,0,0,0,0
543,0220_s023_v6_005.jpg,220,6,23,True,4,1048,0.021453834308605133,0.019704433497536946,38,203,0,0,0,0
544,0220_s023_v7_006.jpg,220,7,23,True,4,1048,0.06224413204147021,0.04938271604938271,19,81,0,0,0,1
545,0220_s024_v0_007.jpg,220,0,24,True,7,1051,0.0518289691833224,0.029288702928870293,5,239,0,1,1,1
546,0220_s024_v1_008.jpg,220,1,24,True,7,1051,0.03798565644801021,0.02734375,9,256,0,0,1,1
547,0220_s024_v2_009.jpg,220,2,24,True,7,1051,0.02076289495144492,0.026415094339622643,74,265,0,0,0,0
548,0220_s024_v3_010.jpg,220,3,24,True,7,1051,0.017508323489441292,0.0170316301703163,85,411,0,0,0,0
549,0228_s026_v2_000.jpg,228,2,26,True,6,1050,0.7490196078431373,0.2,1,30,1,1,1,1
550,0228_s026_v3_001.jpg,228,3,26,True,6,1050,0.9761904761904762,0.8571428571428571,1,7,1,1,1,1
551,0228_s026_v4_002.jpg,228,4,26,True,6,1050,0.6186868686868686,0.5454545454545454,1,11,1,1,1,1
552,0228_s026_v5_003.jpg,228,5,26,True,6,1050,1.0,1.0,1,6,1,1,1,1
553,0228_s026_v6_004.jpg,228,6,26,True,6,1050,0.9484126984126983,0.8571428571428571,1,7,1,1,1,1
554,0228_s030_v2_005.jpg,228,2,30,True,5,1049,0.8384615384615385,0.19230769230769232,1,26,1,1,1,1
555,0228_s030_v3_006.jpg,228,3,30,True,5,1049,0.8225,0.3125,1,16,1,1,1,1
556,0228_s030_v4_007.jpg,228,4,30,True,5,1049,0.769047619047619,0.17857142857142858,1,28,1,1,1,1
557,0228_s030_v5_008.jpg,228,5,30,True,5,1049,0.8909090909090909,0.45454545454545453,1,11,1,1,1,1
558,0228_s030_v6_009.jpg,228,6,30,True,5,1049,0.7476190476190475,0.4166666666666667,1,12,1,1,1,1
559,0228_s030_v7_010.jpg,228,7,30,True,5,1049,0.7933333333333332,0.4166666666666667,1,12,1,1,1,1
560,0239_s028_v3_000.jpg,239,3,28,True,2,1052,1.0,1.0,1,2,1,1,1,1
561,0239_s028_v5_001.jpg,239,5,28,True,2,1052,0.1380952380952381,0.13333333333333333,7,15,0,0,1,1
562,0239_s028_v6_002.jpg,239,6,28,True,2,1052,0.011564625850340137,0.013605442176870748,105,147,0,0,0,0
563,0239_s029_v3_003.jpg,239,3,29,True,3,1053,0.4437229437229437,0.045454545454545456,1,66,1,1,1,1
564,0239_s029_v4_004.jpg,239,4,29,True,3,1053,0.12396593673965935,0.021897810218978103,4,137,0,1,1,1
565,0241_s028_v1_000.jpg,241,1,28,True,4,1050,0.015304539826084526,0.014705882352941176,75,272,0,0,0,0
566,0241_s028_v2_001.jpg,241,2,28,True,4,1050,0.028948793101528668,0.027210884353741496,47,147,0,0,0,0
567,0241_s028_v3_002.jpg,241,3,28,True,4,1050,0.017780884495505127,0.017391304347826087,81,230,0,0,0,0
568,0241_s028_v5_003.jpg,241,5,28,True,4,1050,0.010904985526251729,0.0121580547112462,133,329,0,0,0,0
569,0241_s028_v7_004.jpg,241,7,28,True,4,1050,0.010854682843017549,0.009324009324009324,86,429,0,0,0,0
570,0241_s029_v0_005.jpg,241,0,29,True,5,1051,0.04392490254359233,0.03289473684210526,30,152,0,0,0,0
571,0241_s029_v3_006.jpg,241,3,29,True,5,1051,0.024142141108207216,0.027472527472527472,67,182,0,0,0,0
572,0241_s029_v5_007.jpg,241,5,29,True,5,1051,0.025013684804595836,0.02564102564102564,37,195,0,0,0,0
573,0241_s029_v7_008.jpg,241,7,29,True,5,1051,0.04220134836200272,0.04310344827586207,28,116,0,0,0,0
574,0253_s000_v0_004.jpg,253,0,0,True,12,1050,0.06538412248608978,0.037267080745341616,6,322,0,0,1,1
575,0253_s000_v1_007.jpg,253,1,0,True,12,1050,0.033462266331656484,0.032520325203252036,37,369,0,0,0,0
576,0253_s000_v2_006.jpg,253,2,0,True,12,1050,0.07477240655186432,0.04460966542750929,18,269,0,0,0,1
577,0253_s000_v4_005.jpg,253,4,0,True,12,1050,0.03343767308691847,0.021052631578947368,52,570,0,0,0,0
578,0253_s000_v7_009.jpg,253,7,0,True,12,1050,0.01998260996650311,0.02120141342756184,145,566,0,0,0,0
579,0253_s001_v0_004.jpg,253,0,1,True,9,1047,0.3221756968146503,0.020454545454545454,1,440,1,1,1,1
580,0253_s001_v1_008.jpg,253,1,1,True,9,1047,0.07579905231542404,0.026865671641791045,8,335,0,0,1,1
581,0253_s001_v2_006.jpg,253,2,1,True,9,1047,0.18112657218016304,0.022443890274314215,2,401,0,1,1,1
582,0253_s001_v3_009.jpg,253,3,1,True,9,1047,0.062133958270637425,0.03529411764705882,11,255,0,0,0,1
583,0253_s001_v4_005.jpg,253,4,1,True,9,1047,0.15878072656896686,0.016483516483516484,2,546,0,1,1,1
584,0253_s001_v5_010.jpg,253,5,1,True,9,1047,0.27775748822869145,0.01485148514851485,1,606,1,1,1,1
585,0253_s001_v6_007.jpg,253,6,1,True,9,1047,0.04802972187626678,0.013215859030837005,11,681,0,0,0,1
586,0253_s001_v7_011.jpg,253,7,1,True,9,1047,0.06002996352219324,0.02425876010781671,15,371,0,0,0,1
587,0253_s030_v1_000.jpg,253,1,30,True,13,1051,0.15404077766680976,0.019969278033794162,4,651,0,1,1,1
588,0253_s030_v3_001.jpg,253,3,30,True,13,1051,0.17719907903553148,0.02631578947368421,3,494,0,1,1,1
589,0253_s030_v5_002.jpg,253,5,30,True,13,1051,0.18073669048501145,0.029213483146067417,3,445,0,1,1,1
590,0253_s030_v7_003.jpg,253,7,30,True,13,1051,0.10111371309450584,0.02155887230514096,7,603,0,0,1,1
