query_index,name,identity,camera,scene,valid,relevant_gallery,kept_gallery,AP,INP,first_match,last_match,Rank-1,Rank-5,Rank-10,Rank-20
0,000258_cam1_0_00.jpg,258,0,-1,True,20,826,0.5144142551638959,0.025348542458808618,1,789,1,1,1,1
1,000258_cam1_0_01.jpg,258,0,-1,True,20,826,0.5144142551638959,0.025348542458808618,1,789,1,1,1,1
2,000258_cam1_0_02.jpg,258,0,-1,True,20,826,0.5144142551638959,0.025348542458808618,1,789,1,1,1,1
3,000258_cam1_0_03.jpg,258,0,-1,True,20,826,0.29672865613392874,0.025348542458808618,1,789,1,1,1,1
4,000258_cam1_0_04.jpg,258,0,-1,True,20,826,0.29672865613392874,0.025348542458808618,1,789,1,1,1,1
5,000258_cam1_0_05.jpg,258,0,-1,True,20,826,0.5144142551638959,0.025348542458808618,1,789,1,1,1,1
6,000258_cam1_0_06.jpg,258,0,-1,True,20,826,0.29672865613392874,0.025348542458808618,1,789,1,1,1,1
7,000258_cam1_0_07.jpg,258,0,-1,True,20,826,0.5144142551638959,0.025348542458808618,1,789,1,1,1,1
8,000258_cam1_0_08.jpg,258,0,-1,True,20,826,0.5144142551638959,0.025348542458808618,1,789,1,1,1,1
9,000258_cam1_0_09.jpg,258,0,-1,True,20,826,0.5144142551638959,0.025348542458808618,1,789,1,1,1,1
10,000258_cam2_0_00.jpg,258,1,-1,True,10,816,0.2374395660590715,0.012836970474967908,1,779,1,1,1,1
11,000258_cam2_0_01.jpg,258,1,-1,True,10,816,0.2374395660590715,0.012836970474967908,1,779,1,1,1,1
12,000258_cam2_0_02.jpg,258,1,-1,True,10,816,0.6060260112583364,0.012836970474967908,1,779,1,1,1,1
13,000258_cam2_0_03.jpg,258,1,-1,True,10,816,0.6060260112583364,0.012836970474967908,1,779,1,1,1,1
14,000258_cam2_0_04.jpg,258,1,-1,True,10,816,0.2374395660590715,0.012836970474967908,1,779,1,1,1,1
15,000258_cam2_0_05.jpg,258,1,-1,True,10,816,0.6060260112583364,0.012836970474967908,1,779,1,1,1,1
16,000258_cam2_0_06.jpg,258,1,-1,True,10,816,0.6060260112583364,0.012836970474967908,1,779,1,1,1,1
17,000258_cam2_0_07.jpg,258,1,-1,True,10,816,0.6060260112583364,0.012836970474967908,1,779,1,1,1,1
18,000258_cam2_0_08.jpg,258,1,-1,True,10,816,0.2374395660590715,0.012836970474967908,1,779,1,1,1,1
19,000258_cam2_0_09.jpg,258,1,-1,True,10,816,0.6060260112583364,0.012836970474967908,1,779,1,1,1,1
20,000258_cam2_0_10.jpg,258,1,-1,True,10,816,0.6060260112583364,0.012836970474967908,1,779,1,1,1,1
21,000258_cam2_0_11.jpg,258,1,-1,True,10,816,0.6060260112583364,0.012836970474967908,1,779,1,1,1,1
22,000258_cam2_0_12.jpg,258,1,-1,True,10,816,0.6060260112583364,0.012836970474967908,1,779,1,1,1,1
23,000258_cam2_0_13.jpg,258,1,-1,True,10,816,0.6060260112583364,0.012836970474967908,1,779,1,1,1,1
24,000258_cam2_0_14.jpg,258,1,-1,True,10,816,0.6060260112583364,0.012836970474967908,1,779,1,1,1,1
25,000258_cam2_0_15.jpg,258,1,-1,True,10,816,0.6060260112583364,0.012836970474967908,1,779,1,1,1,1
26,000258_cam2_0_16.jpg,258,1,-1,True,10,816,0.6060260112583364,0.012836970474967908,1,779,1,1,1,1
27,000258_cam2_0_17.jpg,258,1,-1,True,10,816,0.2374395660590715,0.012836970474967908,1,779,1,1,1,1
28,000258_cam2_0_18.jpg,258,1,-1,True,10,816,0.2374395660590715,0.012836970474967908,1,779,1,1,1,1
29,000258_cam2_0_19.jpg,258,1,-1,True,10,816,0.15144613543515337,0.012836970474967908,1,779,1,1,1,1
30,000260_cam1_0_00.jpg,260,0,-1,True,21,827,0.2528913534635898,0.02648171500630517,17,793,0,0,0,1
31,000260_cam1_0_01.jpg,260,0,-1,True,21,827,0.1026394704734285,0.03977272727272727,6,528,0,0,1,1
32,000260_cam1_0_02.jpg,260,0,-1,True,21,827,0.2528913534635898,0.02648171500630517,17,793,0,0,0,1
33,000260_cam1_0_03.jpg,260,0,-1,True,21,827,0.15955401998192434,0.02648171500630517,3,793,0,1,1,1
34,000260_cam1_0_04.jpg,260,0,-1,True,21,827,0.15955401998192434,0.02648171500630517,3,793,0,1,1,1
35,000260_cam1_0_05.jpg,260,0,-1,True,21,827,0.2528913534635898,0.02648171500630517,17,793,0,0,0,1
36,000260_cam1_0_06.jpg,260,0,-1,True,21,827,0.2528913534635898,0.02648171500630517,17,793,0,0,0,1
37,000260_cam1_0_07.jpg,260,0,-1,True,21,827,0.15955401998192434,0.02648171500630517,3,793,0,1,1,1
38,000260_cam1_0_08.jpg,260,0,-1,True,21,827,0.1026394704734285,0.03977272727272727,6,528,0,0,1,1
39,000260_cam2_0_00.jpg,260,1,-1,True,9,815,0.0909396003250151,0.011523687580025609,17,781,0,0,0,1
40,000260_cam2_0_01.jpg,260,1,-1,True,9,815,0.15821906632089278,0.011523687580025609,3,781,0,1,1,1
41,000260_cam2_0_02.jpg,260,1,-1,True,9,815,0.15821906632089278,0.011523687580025609,3,781,0,1,1,1
42,000260_cam2_0_03.jpg,260,1,-1,True,9,815,0.0909396003250151,0.011523687580025609,17,781,0,0,0,1
43,000260_cam2_0_04.jpg,260,1,-1,True,9,815,0.15821906632089278,0.011523687580025609,3,781,0,1,1,1
44,000260_cam2_0_05.jpg,260,1,-1,True,9,815,0.0909396003250151,0.011523687580025609,17,781,0,0,0,1
45,000260_cam2_0_06.jpg,260,1,-1,True,9,815,0.0909396003250151,0.011523687580025609,17,781,0,0,0,1
46,000260_cam2_0_07.jpg,260,1,-1,True,9,815,0.0909396003250151,0.011523687580025609,17,781,0,0,0,1
47,000260_cam2_0_08.jpg,260,1,-1,True,9,815,0.15821906632089278,0.011523687580025609,3,781,0,1,1,1
48,000260_cam2_0_09.jpg,260,1,-1,True,9,815,0.15821906632089278,0.011523687580025609,3,781,0,1,1,1
49,000260_cam2_0_10.jpg,260,1,-1,True,9,815,0.12996799430393471,0.01744186046511628,3,516,0,1,1,1
50,000260_cam2_0_11.jpg,260,1,-1,True,9,815,0.15821906632089278,0.011523687580025609,3,781,0,1,1,1
51,000260_cam2_0_12.jpg,260,1,-1,True,9,815,0.15821906632089278,0.011523687580025609,3,781,0,1,1,1
52,000260_cam2_0_13.jpg,260,1,-1,True,9,815,0.15821906632089278,0.011523687580025609,3,781,0,1,1,1
53,000260_cam2_0_14.jpg,260,1,-1,True,9,815,0.0909396003250151,0.011523687580025609,17,781,0,0,0,1
54,000260_cam2_0_15.jpg,260,1,-1,True,9,815,0.15821906632089278,0.011523687580025609,3,781,0,1,1,1
55,000260_cam2_0_16.jpg,260,1,-1,True,9,815,0.15821906632089278,0.011523687580025609,3,781,0,1,1,1
56,000260_cam2_0_17.jpg,260,1,-1,True,9,815,0.15821906632089278,0.011523687580025609,3,781,0,1,1,1
57,000260_cam2_0_18.jpg,260,1,-1,True,9,815,0.12442646316922712,0.011523687580025609,3,781,0,1,1,1
58,000260_cam2_0_19.jpg,260,1,-1,True,9,815,0.0909396003250151,0.011523687580025609,17,781,0,0,0,1
59,000260_cam2_0_20.jpg,260,1,-1,True,9,815,0.15821906632089278,0.011523687580025609,3,781,0,1,1,1
60,000269_cam1_0_00.jpg,269,0,-1,True,16,827,0.09690574671501417,0.020151133501259445,6,794,0,0,1,1
61,000269_cam1_0_01.jpg,269,0,-1,True,16,827,0.07515393040708823,0.020151133501259445,38,794,0,0,0,0
62,000269_cam1_0_02.jpg,269,0,-1,True,16,827,0.09690574671501417,0.020151133501259445,6,794,0,0,1,1
63,000269_cam1_0_03.jpg,269,0,-1,True,16,827,0.09690574671501417,0.020151133501259445,6,794,0,0,1,1
64,000269_cam1_0_04.jpg,269,0,-1,True,16,827,0.09690574671501417,0.020151133501259445,6,794,0,0,1,1
65,000269_cam1_0_05.jpg,269,0,-1,True,16,827,0.09690574671501417,0.020151133501259445,6,794,0,0,1,1
66,000269_cam1_0_06.jpg,269,0,-1,True,16,827,0.06427307767589897,0.020151133501259445,6,794,0,0,1,1
67,000269_cam1_0_07.jpg,269,0,-1,True,16,827,0.09690574671501417,0.020151133501259445,6,794,0,0,1,1
68,000269_cam1_0_08.jpg,269,0,-1,True,16,827,0.09690574671501417,0.020151133501259445,6,794,0,0,1,1
69,000269_cam2_0_00.jpg,269,1,-1,True,9,820,0.03518478639087394,0.017045454545454544,38,528,0,0,0,0
70,000269_cam2_0_01.jpg,269,1,-1,True,9,820,0.03441170671179796,0.060810810810810814,140,148,0,0,0,0
71,000269_cam2_0_02.jpg,269,1,-1,True,9,820,0.060042954903506245,0.10465116279069768,78,86,0,0,0,0
72,000269_cam2_0_03.jpg,269,1,-1,True,9,820,0.03518478639087394,0.017045454545454544,38,528,0,0,0,0
73,000269_cam2_0_04.jpg,269,1,-1,True,9,820,0.060042954903506245,0.10465116279069768,78,86,0,0,0,0
74,000269_cam2_0_05.jpg,269,1,-1,True,9,820,0.03518478639087394,0.017045454545454544,38,528,0,0,0,0
75,000269_cam2_0_06.jpg,269,1,-1,True,9,820,0.03518478639087394,0.017045454545454544,38,528,0,0,0,0
76,000269_cam2_0_07.jpg,269,1,-1,True,9,820,0.03518478639087394,0.017045454545454544,38,528,0,0,0,0
77,000269_cam2_0_08.jpg,269,1,-1,True,9,820,0.01628097827932158,0.016885553470919325,122,533,0,0,0,0
78,000269_cam2_0_09.jpg,269,1,-1,True,9,820,0.060042954903506245,0.10465116279069768,78,86,0,0,0,0
79,000269_cam2_0_10.jpg,269,1,-1,True,9,820,0.03518478639087394,0.017045454545454544,38,528,0,0,0,0
80,000269_cam2_0_11.jpg,269,1,-1,True,9,820,0.060042954903506245,0.10465116279069768,78,86,0,0,0,0
81,000269_cam2_0_12.jpg,269,1,-1,True,9,820,0.060042954903506245,0.10465116279069768,78,86,0,0,0,0
82,000269_cam2_0_13.jpg,269,1,-1,True,9,820,0.060042954903506245,0.10465116279069768,78,86,0,0,0,0
83,000269_cam2_0_14.jpg,269,1,-1,True,9,820,0.060042954903506245,0.10465116279069768,78,86,0,0,0,0
84,000269_cam2_0_15.jpg,269,1,-1,True,9,820,0.060042954903506245,0.10465116279069768,78,86,0,0,0,0
85,000270_cam1_0_00.jpg,270,0,-1,True,10,829,0.02630632209833202,0.012515644555694618,34,799,0,0,0,0
86,000270_cam1_0_01.jpg,270,0,-1,True,10,829,0.03646078813601436,0.012515644555694618,101,799,0,0,0,0
87,000270_cam1_0_02.jpg,270,0,-1,True,10,829,0.019358063527357677,0.012515644555694618,51,799,0,0,0,0
88,000270_cam1_0_03.jpg,270,0,-1,True,10,829,0.03646078813601436,0.012515644555694618,101,799,0,0,0,0
89,000270_cam1_0_04.jpg,270,0,-1,True,10,829,0.019358063527357677,0.012515644555694618,51,799,0,0,0,0
90,000270_cam1_0_05.jpg,270,0,-1,True,10,829,0.03646078813601436,0.012515644555694618,101,799,0,0,0,0
91,000270_cam1_0_06.jpg,270,0,-1,True,10,829,0.03646078813601436,0.012515644555694618,101,799,0,0,0,0
92,000270_cam2_0_00.jpg,270,1,-1,True,7,826,0.019621844869531994,0.012704174228675136,13,551,0,0,0,1
93,000270_cam2_0_01.jpg,270,1,-1,True,7,826,0.04900993272876696,0.008793969849246231,7,796,0,0,1,1
94,000270_cam2_0_02.jpg,270,1,-1,True,7,826,0.04900993272876696,0.008793969849246231,7,796,0,0,1,1
95,000270_cam2_0_03.jpg,270,1,-1,True,7,826,0.04900993272876696,0.008793969849246231,7,796,0,0,1,1
96,000270_cam2_0_04.jpg,270,1,-1,True,7,826,0.04900993272876696,0.008793969849246231,7,796,0,0,1,1
97,000270_cam2_0_05.jpg,270,1,-1,True,7,826,0.014289460950101151,0.008793969849246231,51,796,0,0,0,0
98,000270_cam2_0_06.jpg,270,1,-1,True,7,826,0.014289460950101151,0.008793969849246231,51,796,0,0,0,0
99,000270_cam2_0_07.jpg,270,1,-1,True,7,826,0.014289460950101151,0.008793969849246231,51,796,0,0,0,0
100,000270_cam2_0_08.jpg,270,1,-1,True,7,826,0.03892925488089072,0.008793969849246231,7,796,0,0,1,1
101,000270_cam2_0_09.jpg,270,1,-1,True,7,826,0.04900993272876696,0.008793969849246231,7,796,0,0,1,1
102,000271_cam1_0_00.jpg,271,0,-1,True,16,826,0.05567845613851059,0.02,56,800,0,0,0,0
103,000271_cam1_0_01.jpg,271,0,-1,True,16,826,0.05567845613851059,0.02,56,800,0,0,0,0
104,000271_cam1_0_02.jpg,271,0,-1,True,16,826,0.06937892491343853,0.02,8,800,0,0,1,1
105,000271_cam1_0_03.jpg,271,0,-1,True,16,826,0.05260507574072129,0.02,8,800,0,0,1,1
106,000271_cam1_0_04.jpg,271,0,-1,True,16,826,0.06937892491343853,0.02,8,800,0,0,1,1
107,000271_cam1_0_05.jpg,271,0,-1,True,16,826,0.06937892491343853,0.02,8,800,0,0,1,1
108,000271_cam1_0_06.jpg,271,0,-1,True,16,826,0.06937892491343853,0.02,8,800,0,0,1,1
109,000271_cam1_0_07.jpg,271,0,-1,True,16,826,0.06937892491343853,0.02,8,800,0,0,1,1
110,000271_cam1_0_08.jpg,271,0,-1,True,16,826,0.05567845613851059,0.02,56,800,0,0,0,0
111,000271_cam1_0_09.jpg,271,0,-1,True,16,826,0.06937892491343853,0.02,8,800,0,0,1,1
112,000271_cam2_0_00.jpg,271,1,-1,True,10,820,0.03137171670217723,0.012594458438287154,56,794,0,0,0,0
113,000271_cam2_0_01.jpg,271,1,-1,True,10,820,0.027138449505300227,0.012594458438287154,114,794,0,0,0,0
114,000271_cam2_0_02.jpg,271,1,-1,True,10,820,0.021504318427625003,0.012594458438287154,35,794,0,0,0,0
115,000271_cam2_0_03.jpg,271,1,-1,True,10,820,0.027138449505300227,0.012594458438287154,114,794,0,0,0,0
116,000271_cam2_0_04.jpg,271,1,-1,True,10,820,0.027138449505300227,0.012594458438287154,114,794,0,0,0,0
117,000271_cam2_0_05.jpg,271,1,-1,True,10,820,0.027138449505300227,0.012594458438287154,114,794,0,0,0,0
118,000271_cam2_0_06.jpg,271,1,-1,True,10,820,0.03137171670217723,0.012594458438287154,56,794,0,0,0,0
119,000271_cam2_0_07.jpg,271,1,-1,True,10,820,0.027138449505300227,0.012594458438287154,114,794,0,0,0,0
120,000271_cam2_0_08.jpg,271,1,-1,True,10,820,0.02627664453488493,0.017953321364452424,76,557,0,0,0,0
121,000271_cam2_0_09.jpg,271,1,-1,True,10,820,0.027138449505300227,0.012594458438287154,114,794,0,0,0,0
122,000271_cam2_0_10.jpg,271,1,-1,True,10,820,0.03137171670217723,0.012594458438287154,56,794,0,0,0,0
123,000271_cam2_0_11.jpg,271,1,-1,True,10,820,0.02627664453488493,0.017953321364452424,76,557,0,0,0,0
124,000271_cam2_0_12.jpg,271,1,-1,True,10,820,0.027138449505300227,0.012594458438287154,114,794,0,0,0,0
125,000271_cam2_0_13.jpg,271,1,-1,True,10,820,0.027138449505300227,0.012594458438287154,114,794,0,0,0,0
126,000271_cam2_0_14.jpg,271,1,-1,True,10,820,0.03137171670217723,0.012594458438287154,56,794,0,0,0,0
127,000271_cam2_0_15.jpg,271,1,-1,True,10,820,0.03137171670217723,0.012594458438287154,56,794,0,0,0,0
128,000272_cam1_0_00.jpg,272,0,-1,True,15,826,0.057039371870880894,0.026223776223776224,18,572,0,0,0,1
129,000272_cam1_0_01.jpg,272,0,-1,True,15,826,0.05508087356050572,0.1,136,150,0,0,0,0
130,000272_cam1_0_02.jpg,272,0,-1,True,15,826,0.07235749648090167,0.026833631484794274,70,559,0,0,0,0
131,000272_cam1_0_03.jpg,272,0,-1,True,15,826,0.07235749648090167,0.026833631484794274,70,559,0,0,0,0
132,000272_cam1_0_04.jpg,272,0,-1,True,15,826,0.04804018228565889,0.07317073170731707,38,205,0,0,0,0
133,000272_cam1_0_05.jpg,272,0,-1,True,15,826,0.05508087356050572,0.1,136,150,0,0,0,0
134,000272_cam1_0_06.jpg,272,0,-1,True,15,826,0.07235749648090167,0.026833631484794274,70,559,0,0,0,0
135,000272_cam1_0_07.jpg,272,0,-1,True,15,826,0.05508087356050572,0.1,136,150,0,0,0,0
136,000272_cam1_0_08.jpg,272,0,-1,True,15,826,0.05508087356050572,0.1,136,150,0,0,0,0
137,000272_cam1_0_09.jpg,272,0,-1,True,15,826,0.05508087356050572,0.1,136,150,0,0,0,0
138,000272_cam2_0_00.jpg,272,1,-1,True,10,821,0.03874404152114748,0.06896551724137931,136,145,0,0,0,0
139,000272_cam2_0_01.jpg,272,1,-1,True,10,821,0.03874404152114748,0.06896551724137931,136,145,0,0,0,0
140,000272_cam2_0_02.jpg,272,1,-1,True,10,821,0.03874404152114748,0.06896551724137931,136,145,0,0,0,0
141,000272_cam2_0_03.jpg,272,1,-1,True,10,821,0.03874404152114748,0.06896551724137931,136,145,0,0,0,0
142,000272_cam2_0_04.jpg,272,1,-1,True,10,821,0.03874404152114748,0.06896551724137931,136,145,0,0,0,0
143,000272_cam2_0_05.jpg,272,1,-1,True,10,821,0.022045480836202492,0.018050541516245487,70,554,0,0,0,0
144,000272_cam2_0_06.jpg,272,1,-1,True,10,821,0.03874404152114748,0.06896551724137931,136,145,0,0,0,0
145,000272_cam2_0_07.jpg,272,1,-1,True,10,821,0.022045480836202492,0.018050541516245487,70,554,0,0,0,0
146,000272_cam2_0_08.jpg,272,1,-1,True,10,821,0.03874404152114748,0.06896551724137931,136,145,0,0,0,0
147,000272_cam2_0_09.jpg,272,1,-1,True,10,821,0.022045480836202492,0.018050541516245487,70,554,0,0,0,0
148,000272_cam2_0_10.jpg,272,1,-1,True,10,821,0.019635175067073483,0.01763668430335097,18,567,0,0,0,1
149,000272_cam2_0_11.jpg,272,1,-1,True,10,821,0.022045480836202492,0.018050541516245487,70,554,0,0,0,0
150,000272_cam2_0_12.jpg,272,1,-1,True,10,821,0.022045480836202492,0.018050541516245487,70,554,0,0,0,0
151,000272_cam2_0_13.jpg,272,1,-1,True,10,821,0.03003114908123084,0.05,38,200,0,0,0,0
152,000272_cam2_0_14.jpg,272,1,-1,True,10,821,0.022045480836202492,0.018050541516245487,70,554,0,0,0,0
153,000273_cam1_0_00.jpg,273,0,-1,True,16,826,0.05869378786464717,0.02821869488536155,86,567,0,0,0,0
154,000273_cam1_0_01.jpg,273,0,-1,True,16,826,0.056580140044399777,0.09142857142857143,9,175,0,0,1,1
155,000273_cam1_0_02.jpg,273,0,-1,True,16,826,0.05869378786464717,0.02821869488536155,86,567,0,0,0,0
156,000273_cam1_0_03.jpg,273,0,-1,True,16,826,0.05869378786464717,0.02821869488536155,86,567,0,0,0,0
157,000273_cam1_0_04.jpg,273,0,-1,True,16,826,0.056580140044399777,0.09142857142857143,9,175,0,0,1,1
158,000273_cam1_0_05.jpg,273,0,-1,True,16,826,0.056580140044399777,0.09142857142857143,9,175,0,0,1,1
159,000273_cam1_0_06.jpg,273,0,-1,True,16,826,0.056580140044399777,0.09142857142857143,9,175,0,0,1,1
160,000273_cam1_0_07.jpg,273,0,-1,True,16,826,0.05869378786464717,0.02821869488536155,86,567,0,0,0,0
161,000273_cam1_0_08.jpg,273,0,-1,True,16,826,0.056580140044399777,0.09142857142857143,9,175,0,0,1,1
162,000273_cam1_0_09.jpg,273,0,-1,True,16,826,0.056580140044399777,0.09142857142857143,9,175,0,0,1,1
163,000273_cam2_0_00.jpg,273,1,-1,True,10,820,0.02848051085484558,0.012578616352201259,160,795,0,0,0,0
164,000273_cam2_0_01.jpg,273,1,-1,True,10,820,0.023748411192025996,0.012578616352201259,41,795,0,0,0,0
165,000273_cam2_0_02.jpg,273,1,-1,True,10,820,0.02848051085484558,0.012578616352201259,160,795,0,0,0,0
166,000273_cam2_0_03.jpg,273,1,-1,True,10,820,0.02906468814453573,0.012578616352201259,86,795,0,0,0,0
167,000273_cam2_0_04.jpg,273,1,-1,True,10,820,0.02848051085484558,0.012578616352201259,160,795,0,0,0,0
168,000273_cam2_0_05.jpg,273,1,-1,True,10,820,0.02848051085484558,0.012578616352201259,160,795,0,0,0,0
169,000273_cam2_0_06.jpg,273,1,-1,True,10,820,0.02848051085484558,0.012578616352201259,160,795,0,0,0,0
170,000273_cam2_0_07.jpg,273,1,-1,True,10,820,0.02848051085484558,0.012578616352201259,160,795,0,0,0,0
171,000273_cam2_0_08.jpg,273,1,-1,True,10,820,0.023748411192025996,0.012578616352201259,41,795,0,0,0,0
172,000273_cam2_0_09.jpg,273,1,-1,True,10,820,0.02848051085484558,0.012578616352201259,160,795,0,0,0,0
173,000273_cam2_0_10.jpg,273,1,-1,True,10,820,0.02848051085484558,0.012578616352201259,160,795,0,0,0,0
174,000273_cam2_0_11.jpg,273,1,-1,True,10,820,0.02848051085484558,0.012578616352201259,160,795,0,0,0,0
175,000273_cam2_0_12.jpg,273,1,-1,True,10,820,0.02848051085484558,0.012578616352201259,160,795,0,0,0,0
176,000273_cam2_0_13.jpg,273,1,-1,True,10,820,0.02906468814453573,0.012578616352201259,86,795,0,0,0,0
177,000273_cam2_0_14.jpg,273,1,-1,True,10,820,0.02906468814453573,0.012578616352201259,86,795,0,0,0,0
178,000273_cam2_0_15.jpg,273,1,-1,True,10,820,0.02906468814453573,0.012578616352201259,86,795,0,0,0,0
179,000274_cam1_0_00.jpg,274,0,-1,True,19,825,0.04360285199916555,0.02369077306733167,185,802,0,0,0,0
180,000274_cam1_0_01.jpg,274,0,-1,True,19,825,0.05593389075327462,0.02369077306733167,104,802,0,0,0,0
181,000274_cam1_0_02.jpg,274,0,-1,True,19,825,0.04360285199916555,0.02369077306733167,185,802,0,0,0,0
182,000274_cam1_0_03.jpg,274,0,-1,True,19,825,0.03582463459718386,0.02369077306733167,43,802,0,0,0,0
183,000274_cam1_0_04.jpg,274,0,-1,True,19,825,0.05593389075327462,0.02369077306733167,104,802,0,0,0,0
184,000274_cam1_0_05.jpg,274,0,-1,True,19,825,0.05593389075327462,0.02369077306733167,104,802,0,0,0,0
185,000274_cam1_0_06.jpg,274,0,-1,True,19,825,0.04360285199916555,0.02369077306733167,185,802,0,0,0,0
186,000274_cam1_0_07.jpg,274,0,-1,True,19,825,0.03582463459718386,0.02369077306733167,43,802,0,0,0,0
187,000274_cam1_0_08.jpg,274,0,-1,True,19,825,0.05593389075327462,0.02369077306733167,104,802,0,0,0,0
188,000274_cam1_0_09.jpg,274,0,-1,True,19,825,0.049607280617435856,0.03220338983050847,123,590,0,0,0,0
189,000274_cam1_0_10.jpg,274,0,-1,True,19,825,0.04360285199916555,0.02369077306733167,185,802,0,0,0,0
190,000274_cam2_0_00.jpg,274,1,-1,True,11,817,0.03131055433961434,0.05641025641025641,185,195,0,0,0,0
191,000274_cam2_0_01.jpg,274,1,-1,True,11,817,0.03131055433961434,0.05641025641025641,185,195,0,0,0,0
192,000274_cam2_0_02.jpg,274,1,-1,True,11,817,0.020979649003434523,0.01936619718309859,104,568,0,0,0,0
193,000274_cam2_0_03.jpg,274,1,-1,True,11,817,0.020979649003434523,0.01936619718309859,104,568,0,0,0,0
194,000274_cam2_0_04.jpg,274,1,-1,True,11,817,0.020979649003434523,0.01936619718309859,104,568,0,0,0,0
195,000274_cam2_0_05.jpg,274,1,-1,True,11,817,0.020979649003434523,0.01936619718309859,104,568,0,0,0,0
196,000274_cam2_0_06.jpg,274,1,-1,True,11,817,0.020979649003434523,0.01936619718309859,104,568,0,0,0,0
197,000274_cam2_0_07.jpg,274,1,-1,True,11,817,0.024526138842683783,0.04435483870967742,238,248,0,0,0,0
198,000274_cam2_0_08.jpg,274,1,-1,True,11,817,0.020979649003434523,0.01936619718309859,104,568,0,0,0,0
199,000274_cam2_0_09.jpg,274,1,-1,True,11,817,0.03131055433961434,0.05641025641025641,185,195,0,0,0,0
200,000274_cam2_0_10.jpg,274,1,-1,True,11,817,0.020979649003434523,0.01936619718309859,104,568,0,0,0,0
201,000274_cam2_0_11.jpg,274,1,-1,True,11,817,0.03131055433961434,0.05641025641025641,185,195,0,0,0,0
202,000274_cam2_0_12.jpg,274,1,-1,True,11,817,0.020979649003434523,0.01936619718309859,104,568,0,0,0,0
203,000274_cam2_0_13.jpg,274,1,-1,True,11,817,0.03131055433961434,0.05641025641025641,185,195,0,0,0,0
204,000274_cam2_0_14.jpg,274,1,-1,True,11,817,0.03131055433961434,0.05641025641025641,185,195,0,0,0,0
205,000274_cam2_0_15.jpg,274,1,-1,True,11,817,0.03131055433961434,0.05641025641025641,185,195,0,0,0,0
206,000274_cam2_0_16.jpg,274,1,-1,True,11,817,0.020979649003434523,0.01936619718309859,104,568,0,0,0,0
207,000274_cam2_0_17.jpg,274,1,-1,True,11,817,0.03131055433961434,0.05641025641025641,185,195,0,0,0,0
208,000274_cam2_0_18.jpg,274,1,-1,True,11,817,0.03131055433961434,0.05641025641025641,185,195,0,0,0,0
209,000275_cam1_0_00.jpg,275,0,-1,True,15,821,0.02999963134536027,0.01875,212,800,0,0,0,0
210,000275_cam1_0_01.jpg,275,0,-1,True,15,821,0.04384344807082151,0.01875,123,800,0,0,0,0
211,000275_cam1_0_02.jpg,275,0,-1,True,15,821,0.02999963134536027,0.01875,212,800,0,0,0,0
212,000275_cam1_0_03.jpg,275,0,-1,True,15,821,0.02999963134536027,0.01875,212,800,0,0,0,0
213,000275_cam1_0_04.jpg,275,0,-1,True,15,821,0.04384344807082151,0.01875,123,800,0,0,0,0
214,000275_cam1_0_05.jpg,275,0,-1,True,15,821,0.02999963134536027,0.01875,212,800,0,0,0,0
215,000275_cam1_0_06.jpg,275,0,-1,True,15,821,0.02999963134536027,0.01875,212,800,0,0,0,0
216,000275_cam1_0_07.jpg,275,0,-1,True,15,821,0.02999963134536027,0.01875,212,800,0,0,0,0
217,000275_cam1_0_08.jpg,275,0,-1,True,15,821,0.02999963134536027,0.01875,212,800,0,0,0,0
218,000275_cam1_0_09.jpg,275,0,-1,True,15,821,0.02602294636917508,0.01875,43,800,0,0,0,0
219,000275_cam1_0_10.jpg,275,0,-1,True,15,821,0.04384344807082151,0.01875,123,800,0,0,0,0
220,000275_cam1_0_11.jpg,275,0,-1,True,15,821,0.02602294636917508,0.01875,43,800,0,0,0,0
221,000275_cam1_0_12.jpg,275,0,-1,True,15,821,0.04384344807082151,0.01875,123,800,0,0,0,0
222,000275_cam1_0_13.jpg,275,0,-1,True,15,821,0.04384344807082151,0.01875,123,800,0,0,0,0
223,000275_cam1_0_14.jpg,275,0,-1,True,15,821,0.02999963134536027,0.01875,212,800,0,0,0,0
224,000275_cam2_0_00.jpg,275,1,-1,True,15,821,0.042506632687233835,0.06637168141592921,10,226,0,0,1,1
225,000275_cam2_0_01.jpg,275,1,-1,True,15,821,0.03568765533226846,0.0539568345323741,10,278,0,0,1,1
226,000275_cam2_0_02.jpg,275,1,-1,True,15,821,0.04020237283829182,0.025996533795493933,123,577,0,0,0,0
227,000275_cam2_0_03.jpg,275,1,-1,True,15,821,0.04020237283829182,0.025996533795493933,123,577,0,0,0,0
228,000275_cam2_0_04.jpg,275,1,-1,True,15,821,0.030447286439566332,0.025295109612141653,25,593,0,0,0,0
229,000275_cam2_0_05.jpg,275,1,-1,True,15,821,0.042506632687233835,0.06637168141592921,10,226,0,0,1,1
230,000275_cam2_0_06.jpg,275,1,-1,True,15,821,0.030447286439566332,0.025295109612141653,25,593,0,0,0,0
231,000275_cam2_0_07.jpg,275,1,-1,True,15,821,0.042506632687233835,0.06637168141592921,10,226,0,0,1,1
232,000275_cam2_0_08.jpg,275,1,-1,True,15,821,0.04020237283829182,0.025996533795493933,123,577,0,0,0,0
233,000275_cam2_0_09.jpg,275,1,-1,True,15,821,0.04020237283829182,0.025996533795493933,123,577,0,0,0,0
234,000275_cam2_0_10.jpg,275,1,-1,True,15,821,0.04020237283829182,0.025996533795493933,123,577,0,0,0,0
235,000275_cam2_0_11.jpg,275,1,-1,True,15,821,0.03568765533226846,0.0539568345323741,10,278,0,0,1,1
236,000275_cam2_0_12.jpg,275,1,-1,True,15,821,0.03568765533226846,0.0539568345323741,10,278,0,0,1,1
237,000275_cam2_0_13.jpg,275,1,-1,True,15,821,0.042506632687233835,0.06637168141592921,10,226,0,0,1,1
238,000275_cam2_0_14.jpg,275,1,-1,True,15,821,0.04020237283829182,0.025996533795493933,123,577,0,0,0,0
239,000276_cam1_0_00.jpg,276,0,-1,True,15,821,0.04272969279188761,0.025728987993138937,146,583,0,0,0,0
240,000276_cam1_0_01.jpg,276,0,-1,True,15,821,0.038003399217663096,0.05928853754940711,11,253,0,0,0,1
241,000276_cam1_0_02.jpg,276,0,-1,True,15,821,0.038003399217663096,0.05928853754940711,11,253,0,0,0,1
242,000276_cam1_0_03.jpg,276,0,-1,True,15,821,0.04272969279188761,0.025728987993138937,146,583,0,0,0,0
243,000276_cam1_0_04.jpg,276,0,-1,True,15,821,0.04272969279188761,0.025728987993138937,146,583,0,0,0,0
244,000276_cam1_0_05.jpg,276,0,-1,True,15,821,0.04272969279188761,0.025728987993138937,146,583,0,0,0,0
245,000276_cam1_0_06.jpg,276,0,-1,True,15,821,0.038003399217663096,0.05928853754940711,11,253,0,0,0,1
246,000276_cam1_0_07.jpg,276,0,-1,True,15,821,0.044360910687621116,0.024958402662229616,11,601,0,0,0,1
247,000276_cam1_0_08.jpg,276,0,-1,True,15,821,0.038003399217663096,0.05928853754940711,11,253,0,0,0,1
248,000276_cam1_0_09.jpg,276,0,-1,True,15,821,0.038003399217663096,0.05928853754940711,11,253,0,0,0,1
249,000276_cam1_0_10.jpg,276,0,-1,True,15,821,0.038003399217663096,0.05928853754940711,11,253,0,0,0,1
250,000276_cam1_0_11.jpg,276,0,-1,True,15,821,0.038003399217663096,0.05928853754940711,11,253,0,0,0,1
251,000276_cam1_0_12.jpg,276,0,-1,True,15,821,0.04272969279188761,0.025728987993138937,146,583,0,0,0,0
252,000276_cam1_0_13.jpg,276,0,-1,True,15,821,0.038003399217663096,0.05928853754940711,11,253,0,0,0,1
253,000276_cam1_0_14.jpg,276,0,-1,True,15,821,0.038003399217663096,0.05928853754940711,11,253,0,0,0,1
254,000276_cam2_0_00.jpg,276,1,-1,True,15,821,0.03222173318495104,0.05928853754940711,239,253,0,0,0,0
255,000276_cam2_0_01.jpg,276,1,-1,True,15,821,0.02843793477111662,0.025728987993138937,146,583,0,0,0,0
256,000276_cam2_0_02.jpg,276,1,-1,True,15,821,0.02843793477111662,0.025728987993138937,146,583,0,0,0,0
257,000276_cam2_0_03.jpg,276,1,-1,True,15,821,0.034439368226869445,0.04983388704318937,44,301,0,0,0,0
258,000276_cam2_0_04.jpg,276,1,-1,True,15,821,0.02843793477111662,0.025728987993138937,146,583,0,0,0,0
259,000276_cam2_0_05.jpg,276,1,-1,True,15,821,0.03222173318495104,0.05928853754940711,239,253,0,0,0,0
260,000276_cam2_0_06.jpg,276,1,-1,True,15,821,0.034439368226869445,0.04983388704318937,44,301,0,0,0,0
261,000276_cam2_0_07.jpg,276,1,-1,True,15,821,0.03222173318495104,0.05928853754940711,239,253,0,0,0,0
262,000276_cam2_0_08.jpg,276,1,-1,True,15,821,0.02843793477111662,0.025728987993138937,146,583,0,0,0,0
263,000276_cam2_0_09.jpg,276,1,-1,True,15,821,0.03222173318495104,0.05928853754940711,239,253,0,0,0,0
264,000276_cam2_0_10.jpg,276,1,-1,True,15,821,0.03222173318495104,0.05928853754940711,239,253,0,0,0,0
265,000276_cam2_0_11.jpg,276,1,-1,True,15,821,0.03222173318495104,0.05928853754940711,239,253,0,0,0,0
266,000276_cam2_0_12.jpg,276,1,-1,True,15,821,0.03222173318495104,0.05928853754940711,239,253,0,0,0,0
267,000276_cam2_0_13.jpg,276,1,-1,True,15,821,0.02843793477111662,0.025728987993138937,146,583,0,0,0,0
268,000276_cam2_0_14.jpg,276,1,-1,True,15,821,0.034439368226869445,0.04983388704318937,44,301,0,0,0,0
269,000277_cam1_0_00.jpg,277,0,-1,True,15,821,0.01883060859727229,0.018703241895261846,168,802,0,0,0,0
270,000277_cam1_0_01.jpg,277,0,-1,True,15,821,0.026460772992180356,0.018703241895261846,269,802,0,0,0,0
271,000277_cam1_0_02.jpg,277,0,-1,True,15,821,0.01819036315438558,0.024311183144246355,185,617,0,0,0,0
272,000277_cam1_0_03.jpg,277,0,-1,True,15,821,0.026460772992180356,0.018703241895261846,269,802,0,0,0,0
273,000277_cam1_0_04.jpg,277,0,-1,True,15,821,0.026460772992180356,0.018703241895261846,269,802,0,0,0,0
274,000277_cam1_0_05.jpg,277,0,-1,True,15,821,0.02627010147399094,0.018703241895261846,49,802,0,0,0,0
275,000277_cam1_0_06.jpg,277,0,-1,True,15,821,0.02627010147399094,0.018703241895261846,49,802,0,0,0,0
276,000277_cam1_0_07.jpg,277,0,-1,True,15,821,0.01883060859727229,0.018703241895261846,168,802,0,0,0,0
277,000277_cam1_0_08.jpg,277,0,-1,True,15,821,0.026460772992180356,0.018703241895261846,269,802,0,0,0,0
278,000277_cam1_0_09.jpg,277,0,-1,True,15,821,0.026460772992180356,0.018703241895261846,269,802,0,0,0,0
279,000277_cam1_0_10.jpg,277,0,-1,True,15,821,0.026460772992180356,0.018703241895261846,269,802,0,0,0,0
280,000277_cam1_0_11.jpg,277,0,-1,True,15,821,0.026460772992180356,0.018703241895261846,269,802,0,0,0,0
281,000277_cam1_0_12.jpg,277,0,-1,True,15,821,0.026460772992180356,0.018703241895261846,269,802,0,0,0,0
282,000277_cam1_0_13.jpg,277,0,-1,True,15,821,0.026460772992180356,0.018703241895261846,269,802,0,0,0,0
283,000277_cam1_0_14.jpg,277,0,-1,True,15,821,0.01883060859727229,0.018703241895261846,168,802,0,0,0,0
284,000277_cam2_0_00.jpg,277,1,-1,True,15,821,0.022869696971736124,0.018703241895261846,168,802,0,0,0,0
285,000277_cam2_0_01.jpg,277,1,-1,True,15,821,0.022876471729547453,0.018703241895261846,315,802,0,0,0,0
286,000277_cam2_0_02.jpg,277,1,-1,True,15,821,0.026460772992180356,0.018703241895261846,269,802,0,0,0,0
287,000277_cam2_0_03.jpg,277,1,-1,True,15,821,0.026460772992180356,0.018703241895261846,269,802,0,0,0,0
288,000277_cam2_0_04.jpg,277,1,-1,True,15,821,0.026460772992180356,0.018703241895261846,269,802,0,0,0,0
289,000277_cam2_0_05.jpg,277,1,-1,True,15,821,0.022869696971736124,0.018703241895261846,168,802,0,0,0,0
290,000277_cam2_0_06.jpg,277,1,-1,True,15,821,0.026460772992180356,0.018703241895261846,269,802,0,0,0,0
291,000277_cam2_0_07.jpg,277,1,-1,True,15,821,0.022869696971736124,0.018703241895261846,168,802,0,0,0,0
292,000277_cam2_0_08.jpg,277,1,-1,True,15,821,0.026460772992180356,0.018703241895261846,269,802,0,0,0,0
293,000277_cam2_0_09.jpg,277,1,-1,True,15,821,0.026460772992180356,0.018703241895261846,269,802,0,0,0,0
294,000277_cam2_0_10.jpg,277,1,-1,True,15,821,0.026460772992180356,0.018703241895261846,269,802,0,0,0,0
295,000277_cam2_0_11.jpg,277,1,-1,True,15,821,0.026460772992180356,0.018703241895261846,269,802,0,0,0,0
296,000277_cam2_0_12.jpg,277,1,-1,True,15,821,0.022876471729547453,0.018703241895261846,315,802,0,0,0,0
297,000277_cam2_0_13.jpg,277,1,-1,True,15,821,0.026460772992180356,0.018703241895261846,269,802,0,0,0,0
298,000277_cam2_0_14.jpg,277,1,-1,True,15,821,0.022869696971736124,0.018703241895261846,168,802,0,0,0,0
299,000278_cam1_0_00.jpg,278,0,-1,True,15,821,0.02414585048068085,0.018633540372670808,297,805,0,0,0,0
300,000278_cam1_0_01.jpg,278,0,-1,True,15,821,0.02414585048068085,0.018633540372670808,297,805,0,0,0,0
301,000278_cam1_0_02.jpg,278,0,-1,True,15,821,0.02414585048068085,0.018633540372670808,297,805,0,0,0,0
302,000278_cam1_0_03.jpg,278,0,-1,True,15,821,0.02414585048068085,0.018633540372670808,297,805,0,0,0,0
303,000278_cam1_0_04.jpg,278,0,-1,True,15,821,0.02414585048068085,0.018633540372670808,297,805,0,0,0,0
304,000278_cam1_0_05.jpg,278,0,-1,True,15,821,0.024549129854174224,0.018633540372670808,51,805,0,0,0,0
305,000278_cam1_0_06.jpg,278,0,-1,True,15,821,0.02414585048068085,0.018633540372670808,297,805,0,0,0,0
306,000278_cam1_0_07.jpg,278,0,-1,True,15,821,0.02414585048068085,0.018633540372670808,297,805,0,0,0,0
307,000278_cam1_0_08.jpg,278,0,-1,True,15,821,0.028858637260271845,0.018633540372670808,182,805,0,0,0,0
308,000278_cam1_0_09.jpg,278,0,-1,True,15,821,0.028858637260271845,0.018633540372670808,182,805,0,0,0,0
309,000278_cam1_0_10.jpg,278,0,-1,True,15,821,0.02414585048068085,0.018633540372670808,297,805,0,0,0,0
310,000278_cam1_0_11.jpg,278,0,-1,True,15,821,0.02414585048068085,0.018633540372670808,297,805,0,0,0,0
311,000278_cam1_0_12.jpg,278,0,-1,True,15,821,0.02414585048068085,0.018633540372670808,297,805,0,0,0,0
312,000278_cam1_0_13.jpg,278,0,-1,True,15,821,0.028858637260271845,0.018633540372670808,182,805,0,0,0,0
313,000278_cam1_0_14.jpg,278,0,-1,True,15,821,0.02414585048068085,0.018633540372670808,297,805,0,0,0,0
314,000278_cam2_0_00.jpg,278,1,-1,True,15,821,0.022295960147401008,0.018633540372670808,297,805,0,0,0,0
315,000278_cam2_0_01.jpg,278,1,-1,True,15,821,0.022295960147401008,0.018633540372670808,297,805,0,0,0,0
316,000278_cam2_0_02.jpg,278,1,-1,True,15,821,0.022295960147401008,0.018633540372670808,297,805,0,0,0,0
317,000278_cam2_0_03.jpg,278,1,-1,True,15,821,0.022295960147401008,0.018633540372670808,297,805,0,0,0,0
318,000278_cam2_0_04.jpg,278,1,-1,True,15,821,0.019787532231623692,0.018633540372670808,341,805,0,0,0,0
319,000278_cam2_0_05.jpg,278,1,-1,True,15,821,0.019787532231623692,0.018633540372670808,341,805,0,0,0,0
320,000278_cam2_0_06.jpg,278,1,-1,True,15,821,0.022295960147401008,0.018633540372670808,297,805,0,0,0,0
321,000278_cam2_0_07.jpg,278,1,-1,True,15,821,0.022295960147401008,0.018633540372670808,297,805,0,0,0,0
322,000278_cam2_0_08.jpg,278,1,-1,True,15,821,0.022295960147401008,0.018633540372670808,297,805,0,0,0,0
323,000278_cam2_0_09.jpg,278,1,-1,True,15,821,0.018646374424794335,0.02388535031847134,243,628,0,0,0,0
324,000278_cam2_0_10.jpg,278,1,-1,True,15,821,0.02133053131491214,0.018633540372670808,182,805,0,0,0,0
325,000278_cam2_0_11.jpg,278,1,-1,True,15,821,0.02133053131491214,0.018633540372670808,182,805,0,0,0,0
326,000278_cam2_0_12.jpg,278,1,-1,True,15,821,0.022295960147401008,0.018633540372670808,297,805,0,0,0,0
327,000278_cam2_0_13.jpg,278,1,-1,True,15,821,0.022295960147401008,0.018633540372670808,297,805,0,0,0,0
328,000278_cam2_0_14.jpg,278,1,-1,True,15,821,0.022295960147401008,0.018633540372670808,297,805,0,0,0,0
329,000279_cam1_0_00.jpg,279,0,-1,True,21,828,0.03102766532025534,0.025830258302583026,323,813,0,0,0,0
330,000279_cam1_0_01.jpg,279,0,-1,True,21,828,0.03111962077208233,0.025830258302583026,201,813,0,0,0,0
331,000279_cam1_0_02.jpg,279,0,-1,True,21,828,0.03102766532025534,0.025830258302583026,323,813,0,0,0,0
332,000279_cam1_0_03.jpg,279,0,-1,True,21,828,0.03111962077208233,0.025830258302583026,201,813,0,0,0,0
333,000279_cam1_0_04.jpg,279,0,-1,True,21,828,0.03102766532025534,0.025830258302583026,323,813,0,0,0,0
334,000279_cam1_0_05.jpg,279,0,-1,True,21,828,0.029634517673689593,0.032507739938080496,217,646,0,0,0,0
335,000279_cam1_0_06.jpg,279,0,-1,True,21,828,0.03102766532025534,0.025830258302583026,323,813,0,0,0,0
336,000279_cam1_0_07.jpg,279,0,-1,True,21,828,0.03102766532025534,0.025830258302583026,323,813,0,0,0,0
337,000279_cam2_0_00.jpg,279,1,-1,True,8,815,0.022215769082609086,0.021447721179624665,12,373,0,0,0,1
338,000279_cam2_0_01.jpg,279,1,-1,True,8,815,0.023763637939024043,0.024242424242424242,12,330,0,0,0,1
339,000279_cam2_0_02.jpg,279,1,-1,True,8,815,0.01351624433306518,0.013114754098360656,201,610,0,0,0,0
340,000279_cam2_0_03.jpg,279,1,-1,True,8,815,0.022529428038247232,0.01263823064770932,12,633,0,0,0,1
341,000279_cam2_0_04.jpg,279,1,-1,True,8,815,0.022215769082609086,0.021447721179624665,12,373,0,0,0,1
342,000279_cam2_0_05.jpg,279,1,-1,True,8,815,0.022215769082609086,0.021447721179624665,12,373,0,0,0,1
343,000279_cam2_0_06.jpg,279,1,-1,True,8,815,0.01351624433306518,0.013114754098360656,201,610,0,0,0,0
344,000279_cam2_0_07.jpg,279,1,-1,True,8,815,0.01351624433306518,0.013114754098360656,201,610,0,0,0,0
345,000279_cam2_0_08.jpg,279,1,-1,True,8,815,0.023763637939024043,0.024242424242424242,12,330,0,0,0,1
346,000279_cam2_0_09.jpg,279,1,-1,True,8,815,0.023763637939024043,0.024242424242424242,12,330,0,0,0,1
347,000279_cam2_0_10.jpg,279,1,-1,True,8,815,0.01351624433306518,0.013114754098360656,201,610,0,0,0,0
348,000279_cam2_0_11.jpg,279,1,-1,True,8,815,0.023763637939024043,0.024242424242424242,12,330,0,0,0,1
349,000279_cam2_0_12.jpg,279,1,-1,True,8,815,0.023763637939024043,0.024242424242424242,12,330,0,0,0,1
350,000279_cam2_0_13.jpg,279,1,-1,True,8,815,0.022215769082609086,0.021447721179624665,12,373,0,0,0,1
351,000279_cam2_0_14.jpg,279,1,-1,True,8,815,0.01351624433306518,0.013114754098360656,201,610,0,0,0,0
352,000279_cam2_0_15.jpg,279,1,-1,True,8,815,0.023763637939024043,0.024242424242424242,12,330,0,0,0,1
353,000279_cam2_0_16.jpg,279,1,-1,True,8,815,0.01351624433306518,0.013114754098360656,201,610,0,0,0,0
354,000279_cam2_0_17.jpg,279,1,-1,True,8,815,0.023763637939024043,0.024242424242424242,12,330,0,0,0,1
355,000279_cam2_0_18.jpg,279,1,-1,True,8,815,0.01351624433306518,0.013114754098360656,201,610,0,0,0,0
356,000279_cam2_0_19.jpg,279,1,-1,True,8,815,0.023763637939024043,0.024242424242424242,12,330,0,0,0,1
357,000279_cam2_0_20.jpg,279,1,-1,True,8,815,0.023763637939024043,0.024242424242424242,12,330,0,0,0,1
358,000280_cam1_0_00.jpg,280,0,-1,True,21,828,0.02636141534402842,0.0330188679245283,219,636,0,0,0,0
359,000280_cam1_0_01.jpg,280,0,-1,True,21,828,0.030197992957977832,0.05660377358490566,351,371,0,0,0,0
360,000280_cam1_0_02.jpg,280,0,-1,True,21,828,0.030197992957977832,0.05660377358490566,351,371,0,0,0,0
361,000280_cam1_0_03.jpg,280,0,-1,True,21,828,0.02636141534402842,0.0330188679245283,219,636,0,0,0,0
362,000280_cam1_0_04.jpg,280,0,-1,True,21,828,0.030197992957977832,0.05660377358490566,351,371,0,0,0,0
363,000280_cam1_0_05.jpg,280,0,-1,True,21,828,0.02636141534402842,0.0330188679245283,219,636,0,0,0,0
364,000280_cam1_0_06.jpg,280,0,-1,True,21,828,0.030197992957977832,0.05660377358490566,351,371,0,0,0,0
365,000280_cam1_0_07.jpg,280,0,-1,True,21,828,0.02636141534402842,0.0330188679245283,219,636,0,0,0,0
366,000280_cam2_0_00.jpg,280,1,-1,True,8,815,0.012652686388417076,0.0223463687150838,351,358,0,0,0,0
367,000280_cam2_0_01.jpg,280,1,-1,True,8,815,0.010883907556409913,0.012841091492776886,219,623,0,0,0,0
368,000280_cam2_0_02.jpg,280,1,-1,True,8,815,0.012652686388417076,0.0223463687150838,351,358,0,0,0,0
369,000280_cam2_0_03.jpg,280,1,-1,True,8,815,0.012652686388417076,0.0223463687150838,351,358,0,0,0,0
370,000280_cam2_0_04.jpg,280,1,-1,True,8,815,0.012652686388417076,0.0223463687150838,351,358,0,0,0,0
371,000280_cam2_0_05.jpg,280,1,-1,True,8,815,0.012652686388417076,0.0223463687150838,351,358,0,0,0,0
372,000280_cam2_0_06.jpg,280,1,-1,True,8,815,0.012652686388417076,0.0223463687150838,351,358,0,0,0,0
373,000280_cam2_0_07.jpg,280,1,-1,True,8,815,0.01789685170853227,0.012364760432766615,38,647,0,0,0,0
374,000280_cam2_0_08.jpg,280,1,-1,True,8,815,0.010883907556409913,0.012841091492776886,219,623,0,0,0,0
375,000280_cam2_0_09.jpg,280,1,-1,True,8,815,0.010883907556409913,0.012841091492776886,219,623,0,0,0,0
376,000280_cam2_0_10.jpg,280,1,-1,True,8,815,0.010883907556409913,0.012841091492776886,219,623,0,0,0,0
377,000280_cam2_0_11.jpg,280,1,-1,True,8,815,0.01789685170853227,0.012364760432766615,38,647,0,0,0,0
378,000280_cam2_0_12.jpg,280,1,-1,True,8,815,0.010883907556409913,0.012841091492776886,219,623,0,0,0,0
379,000280_cam2_0_13.jpg,280,1,-1,True,8,815,0.012652686388417076,0.0223463687150838,351,358,0,0,0,0
380,000280_cam2_0_14.jpg,280,1,-1,True,8,815,0.017302682885086077,0.020151133501259445,54,397,0,0,0,0
381,000280_cam2_0_15.jpg,280,1,-1,True,8,815,0.017302682885086077,0.020151133501259445,54,397,0,0,0,0
382,000280_cam2_0_16.jpg,280,1,-1,True,8,815,0.012652686388417076,0.0223463687150838,351,358,0,0,0,0
383,000280_cam2_0_17.jpg,280,1,-1,True,8,815,0.010883907556409913,0.012841091492776886,219,623,0,0,0,0
384,000280_cam2_0_18.jpg,280,1,-1,True,8,815,0.010883907556409913,0.012841091492776886,219,623,0,0,0,0
385,000280_cam2_0_19.jpg,280,1,-1,True,8,815,0.017302682885086077,0.020151133501259445,54,397,0,0,0,0
386,000280_cam2_0_20.jpg,280,1,-1,True,8,815,0.017302682885086077,0.020151133501259445,54,397,0,0,0,0
387,000282_cam1_0_00.jpg,282,0,-1,True,17,823,0.02032314861437711,0.020987654320987655,234,810,0,0,0,0
388,000282_cam1_0_01.jpg,282,0,-1,True,17,823,0.025124904083547592,0.020987654320987655,13,810,0,0,0,1
389,000282_cam1_0_02.jpg,282,0,-1,True,17,823,0.02032314861437711,0.020987654320987655,234,810,0,0,0,0
390,000282_cam1_0_03.jpg,282,0,-1,True,17,823,0.024209353290367403,0.02533532041728763,13,671,0,0,0,1
391,000282_cam1_0_04.jpg,282,0,-1,True,17,823,0.024946460663710184,0.020987654320987655,13,810,0,0,0,1
392,000282_cam1_0_05.jpg,282,0,-1,True,17,823,0.024946460663710184,0.020987654320987655,13,810,0,0,0,1
393,000282_cam1_0_06.jpg,282,0,-1,True,17,823,0.024946460663710184,0.020987654320987655,13,810,0,0,0,1
394,000282_cam1_0_07.jpg,282,0,-1,True,17,823,0.024946460663710184,0.020987654320987655,13,810,0,0,0,1
395,000282_cam1_0_08.jpg,282,0,-1,True,17,823,0.02032314861437711,0.020987654320987655,234,810,0,0,0,0
396,000282_cam1_0_09.jpg,282,0,-1,True,17,823,0.025124904083547592,0.020987654320987655,13,810,0,0,0,1
397,000282_cam1_0_10.jpg,282,0,-1,True,17,823,0.024946460663710184,0.020987654320987655,13,810,0,0,0,1
398,000282_cam1_0_11.jpg,282,0,-1,True,17,823,0.02032314861437711,0.020987654320987655,234,810,0,0,0,0
399,000282_cam1_0_12.jpg,282,0,-1,True,17,823,0.024946460663710184,0.020987654320987655,13,810,0,0,0,1
400,000282_cam2_0_00.jpg,282,1,-1,True,13,819,0.018089068825433152,0.03324808184143223,379,391,0,0,0,0
401,000282_cam2_0_01.jpg,282,1,-1,True,13,819,0.018089068825433152,0.03324808184143223,379,391,0,0,0,0
402,000282_cam2_0_02.jpg,282,1,-1,True,13,819,0.017674972739978614,0.030373831775700934,57,428,0,0,0,0
403,000282_cam2_0_03.jpg,282,1,-1,True,13,819,0.01400951671728215,0.02021772939346812,234,643,0,0,0,0
404,000282_cam2_0_04.jpg,282,1,-1,True,13,819,0.01400951671728215,0.02021772939346812,234,643,0,0,0,0
405,000282_cam2_0_05.jpg,282,1,-1,True,13,819,0.013388781650061795,0.019490254872563718,249,667,0,0,0,0
406,000282_cam2_0_06.jpg,282,1,-1,True,13,819,0.018089068825433152,0.03324808184143223,379,391,0,0,0,0
407,000282_cam2_0_07.jpg,282,1,-1,True,13,819,0.01400951671728215,0.02021772939346812,234,643,0,0,0,0
408,000282_cam2_0_08.jpg,282,1,-1,True,13,819,0.018089068825433152,0.03324808184143223,379,391,0,0,0,0
409,000282_cam2_0_09.jpg,282,1,-1,True,13,819,0.017674972739978614,0.030373831775700934,57,428,0,0,0,0
410,000282_cam2_0_10.jpg,282,1,-1,True,13,819,0.018089068825433152,0.03324808184143223,379,391,0,0,0,0
411,000282_cam2_0_11.jpg,282,1,-1,True,13,819,0.018089068825433152,0.03324808184143223,379,391,0,0,0,0
412,000282_cam2_0_12.jpg,282,1,-1,True,13,819,0.017674972739978614,0.030373831775700934,57,428,0,0,0,0
413,000282_cam2_0_13.jpg,282,1,-1,True,13,819,0.01400951671728215,0.02021772939346812,234,643,0,0,0,0
414,000282_cam2_0_14.jpg,282,1,-1,True,13,819,0.018089068825433152,0.03324808184143223,379,391,0,0,0,0
415,000282_cam2_0_15.jpg,282,1,-1,True,13,819,0.018089068825433152,0.03324808184143223,379,391,0,0,0,0
416,000282_cam2_0_16.jpg,282,1,-1,True,13,819,0.018089068825433152,0.03324808184143223,379,391,0,0,0,0
417,000283_cam1_0_00.jpg,283,0,-1,True,15,822,0.01807611662003655,0.018518518518518517,407,810,0,0,0,0
418,000283_cam1_0_01.jpg,283,0,-1,True,15,822,0.017780946408629,0.018518518518518517,248,810,0,0,0,0
419,000283_cam1_0_02.jpg,283,0,-1,True,15,822,0.01807611662003655,0.018518518518518517,407,810,0,0,0,0
420,000283_cam1_0_03.jpg,283,0,-1,True,15,822,0.01807611662003655,0.018518518518518517,407,810,0,0,0,0
421,000283_cam1_0_04.jpg,283,0,-1,True,15,822,0.017210310271137355,0.021994134897360705,263,682,0,0,0,0
422,000283_cam1_0_05.jpg,283,0,-1,True,15,822,0.01807611662003655,0.018518518518518517,407,810,0,0,0,0
423,000283_cam1_0_06.jpg,283,0,-1,True,15,822,0.01807611662003655,0.018518518518518517,407,810,0,0,0,0
424,000283_cam1_0_07.jpg,283,0,-1,True,15,822,0.017780946408629,0.018518518518518517,248,810,0,0,0,0
425,000283_cam1_0_08.jpg,283,0,-1,True,15,822,0.01807611662003655,0.018518518518518517,407,810,0,0,0,0
426,000283_cam1_0_09.jpg,283,0,-1,True,15,822,0.017780946408629,0.018518518518518517,248,810,0,0,0,0
427,000283_cam1_0_10.jpg,283,0,-1,True,15,822,0.017780946408629,0.018518518518518517,248,810,0,0,0,0
428,000283_cam1_0_11.jpg,283,0,-1,True,15,822,0.01807611662003655,0.018518518518518517,407,810,0,0,0,0
429,000283_cam1_0_12.jpg,283,0,-1,True,15,822,0.023516103129241718,0.021994134897360705,45,682,0,0,0,0
430,000283_cam1_0_13.jpg,283,0,-1,True,15,822,0.01807611662003655,0.018518518518518517,407,810,0,0,0,0
431,000283_cam2_0_00.jpg,283,1,-1,True,14,821,0.018044516484430697,0.03333333333333333,407,420,0,0,0,0
432,000283_cam2_0_01.jpg,283,1,-1,True,14,821,0.01925041241176876,0.021374045801526718,248,655,0,0,0,0
433,000283_cam2_0_02.jpg,283,1,-1,True,14,821,0.018323724175433063,0.020558002936857563,45,681,0,0,0,0
434,000283_cam2_0_03.jpg,283,1,-1,True,14,821,0.01925041241176876,0.021374045801526718,248,655,0,0,0,0
435,000283_cam2_0_04.jpg,283,1,-1,True,14,821,0.018044516484430697,0.03333333333333333,407,420,0,0,0,0
436,000283_cam2_0_05.jpg,283,1,-1,True,14,821,0.018044516484430697,0.03333333333333333,407,420,0,0,0,0
437,000283_cam2_0_06.jpg,283,1,-1,True,14,821,0.018044516484430697,0.03333333333333333,407,420,0,0,0,0
438,000283_cam2_0_07.jpg,283,1,-1,True,14,821,0.018044516484430697,0.03333333333333333,407,420,0,0,0,0
439,000283_cam2_0_08.jpg,283,1,-1,True,14,821,0.018044516484430697,0.03333333333333333,407,420,0,0,0,0
440,000283_cam2_0_09.jpg,283,1,-1,True,14,821,0.01774529851121723,0.03090507726269316,60,453,0,0,0,0
441,000283_cam2_0_10.jpg,283,1,-1,True,14,821,0.018044516484430697,0.03333333333333333,407,420,0,0,0,0
442,000283_cam2_0_11.jpg,283,1,-1,True,14,821,0.018044516484430697,0.03333333333333333,407,420,0,0,0,0
443,000283_cam2_0_12.jpg,283,1,-1,True,14,821,0.018323724175433063,0.020558002936857563,45,681,0,0,0,0
444,000283_cam2_0_13.jpg,283,1,-1,True,14,821,0.01925041241176876,0.021374045801526718,248,655,0,0,0,0
445,000283_cam2_0_14.jpg,283,1,-1,True,14,821,0.018044516484430697,0.03333333333333333,407,420,0,0,0,0
446,000284_cam1_0_00.jpg,284,0,-1,True,15,825,0.02265462752578125,0.033482142857142856,14,448,0,0,0,1
447,000284_cam1_0_01.jpg,284,0,-1,True,15,825,0.017329931979854753,0.022488755622188907,265,667,0,0,0,0
448,000284_cam1_0_02.jpg,284,0,-1,True,15,825,0.017329931979854753,0.022488755622188907,265,667,0,0,0,0
449,000284_cam1_0_03.jpg,284,0,-1,True,15,825,0.02265462752578125,0.033482142857142856,14,448,0,0,0,1
450,000284_cam1_0_04.jpg,284,0,-1,True,15,825,0.017329931979854753,0.022488755622188907,265,667,0,0,0,0
451,000284_cam1_0_05.jpg,284,0,-1,True,15,825,0.02265462752578125,0.033482142857142856,14,448,0,0,0,1
452,000284_cam1_0_06.jpg,284,0,-1,True,15,825,0.017329931979854753,0.022488755622188907,265,667,0,0,0,0
453,000284_cam1_0_07.jpg,284,0,-1,True,15,825,0.02265462752578125,0.033482142857142856,14,448,0,0,0,1
454,000284_cam1_0_08.jpg,284,0,-1,True,15,825,0.017329931979854753,0.022488755622188907,265,667,0,0,0,0
455,000284_cam1_0_09.jpg,284,0,-1,True,15,825,0.02265462752578125,0.033482142857142856,14,448,0,0,0,1
456,000284_cam1_0_10.jpg,284,0,-1,True,15,825,0.02265462752578125,0.033482142857142856,14,448,0,0,0,1
457,000284_cam2_0_00.jpg,284,1,-1,True,11,821,0.018015394631618567,0.016591251885369532,265,663,0,0,0,0
458,000284_cam2_0_01.jpg,284,1,-1,True,11,821,0.018015394631618567,0.016591251885369532,265,663,0,0,0,0
459,000284_cam2_0_02.jpg,284,1,-1,True,11,821,0.013616241941299014,0.024774774774774775,434,444,0,0,0,0
460,000284_cam2_0_03.jpg,284,1,-1,True,11,821,0.018015394631618567,0.016591251885369532,265,663,0,0,0,0
461,000284_cam2_0_04.jpg,284,1,-1,True,11,821,0.013616241941299014,0.024774774774774775,434,444,0,0,0,0
462,000284_cam2_0_05.jpg,284,1,-1,True,11,821,0.013616241941299014,0.024774774774774775,434,444,0,0,0,0
463,000284_cam2_0_06.jpg,284,1,-1,True,11,821,0.018015394631618567,0.016591251885369532,265,663,0,0,0,0
464,000284_cam2_0_07.jpg,284,1,-1,True,11,821,0.018015394631618567,0.016591251885369532,265,663,0,0,0,0
465,000284_cam2_0_08.jpg,284,1,-1,True,11,821,0.018015394631618567,0.016591251885369532,265,663,0,0,0,0
466,000284_cam2_0_09.jpg,284,1,-1,True,11,821,0.018015394631618567,0.016591251885369532,265,663,0,0,0,0
467,000284_cam2_0_10.jpg,284,1,-1,True,11,821,0.017157307177187234,0.015942028985507246,279,690,0,0,0,0
468,000284_cam2_0_11.jpg,284,1,-1,True,11,821,0.012667544930274227,0.023060796645702306,467,477,0,0,0,0
469,000284_cam2_0_12.jpg,284,1,-1,True,11,821,0.012667544930274227,0.023060796645702306,467,477,0,0,0,0
470,000284_cam2_0_13.jpg,284,1,-1,True,11,821,0.013616241941299014,0.024774774774774775,434,444,0,0,0,0
471,000284_cam2_0_14.jpg,284,1,-1,True,11,821,0.013616241941299014,0.024774774774774775,434,444,0,0,0,0
472,000285_cam1_0_00.jpg,285,0,-1,True,11,823,0.028835808519624462,0.013530135301353014,15,813,0,0,0,1
473,000285_cam1_0_01.jpg,285,0,-1,True,11,823,0.011429662417439222,0.013530135301353014,282,813,0,0,0,0
474,000285_cam1_0_02.jpg,285,0,-1,True,11,823,0.011429662417439222,0.013530135301353014,282,813,0,0,0,0
475,000285_cam1_0_03.jpg,285,0,-1,True,11,823,0.028835808519624462,0.013530135301353014,15,813,0,0,0,1
476,000285_cam1_0_04.jpg,285,0,-1,True,11,823,0.028835808519624462,0.013530135301353014,15,813,0,0,0,1
477,000285_cam1_0_05.jpg,285,0,-1,True,11,823,0.028835808519624462,0.013530135301353014,15,813,0,0,0,1
478,000285_cam1_0_06.jpg,285,0,-1,True,11,823,0.011429662417439222,0.013530135301353014,282,813,0,0,0,0
479,000285_cam1_0_07.jpg,285,0,-1,True,11,823,0.011429662417439222,0.013530135301353014,282,813,0,0,0,0
480,000285_cam1_0_08.jpg,285,0,-1,True,11,823,0.028217856342201097,0.013530135301353014,15,813,0,0,0,1
481,000285_cam1_0_09.jpg,285,0,-1,True,11,823,0.028835808519624462,0.013530135301353014,15,813,0,0,0,1
482,000285_cam1_0_10.jpg,285,0,-1,True,11,823,0.028835808519624462,0.013530135301353014,15,813,0,0,0,1
483,000285_cam1_0_11.jpg,285,0,-1,True,11,823,0.011429662417439222,0.013530135301353014,282,813,0,0,0,0
484,000285_cam1_0_12.jpg,285,0,-1,True,11,823,0.011429662417439222,0.013530135301353014,282,813,0,0,0,0
485,000285_cam2_0_00.jpg,285,1,-1,True,13,825,0.017035179709700976,0.015950920245398775,282,815,0,0,0,0
486,000285_cam2_0_01.jpg,285,1,-1,True,13,825,0.014121488002351327,0.015950920245398775,458,815,0,0,0,0
487,000285_cam2_0_02.jpg,285,1,-1,True,13,825,0.017035179709700976,0.015950920245398775,282,815,0,0,0,0
488,000285_cam2_0_03.jpg,285,1,-1,True,13,825,0.014121488002351327,0.015950920245398775,458,815,0,0,0,0
489,000285_cam2_0_04.jpg,285,1,-1,True,13,825,0.014121488002351327,0.015950920245398775,458,815,0,0,0,0
490,000285_cam2_0_05.jpg,285,1,-1,True,13,825,0.017035179709700976,0.015950920245398775,282,815,0,0,0,0
491,000285_cam2_0_06.jpg,285,1,-1,True,13,825,0.014121488002351327,0.015950920245398775,458,815,0,0,0,0
492,000285_cam2_0_07.jpg,285,1,-1,True,13,825,0.017035179709700976,0.015950920245398775,282,815,0,0,0,0
493,000285_cam2_0_08.jpg,285,1,-1,True,13,825,0.014121488002351327,0.015950920245398775,458,815,0,0,0,0
494,000285_cam2_0_09.jpg,285,1,-1,True,13,825,0.014121488002351327,0.015950920245398775,458,815,0,0,0,0
495,000285_cam2_0_10.jpg,285,1,-1,True,13,825,0.017035179709700976,0.015950920245398775,282,815,0,0,0,0
496,000286_cam1_0_00.jpg,286,0,-1,True,10,823,0.016210681975109574,0.012269938650306749,17,815,0,0,0,1
497,000286_cam1_0_01.jpg,286,0,-1,True,10,823,0.013055030489706788,0.012269938650306749,296,815,0,0,0,0
498,000286_cam1_0_02.jpg,286,0,-1,True,10,823,0.016210681975109574,0.012269938650306749,17,815,0,0,0,1
499,000286_cam1_0_03.jpg,286,0,-1,True,10,823,0.016210681975109574,0.012269938650306749,17,815,0,0,0,1
500,000286_cam1_0_04.jpg,286,0,-1,True,10,823,0.013055030489706788,0.012269938650306749,296,815,0,0,0,0
501,000286_cam1_0_05.jpg,286,0,-1,True,10,823,0.016210681975109574,0.012269938650306749,17,815,0,0,0,1
502,000286_cam1_0_06.jpg,286,0,-1,True,10,823,0.016210681975109574,0.012269938650306749,17,815,0,0,0,1
503,000286_cam1_0_07.jpg,286,0,-1,True,10,823,0.016210681975109574,0.012269938650306749,17,815,0,0,0,1
504,000286_cam1_0_08.jpg,286,0,-1,True,10,823,0.013055030489706788,0.012269938650306749,296,815,0,0,0,0
505,000286_cam1_0_09.jpg,286,0,-1,True,10,823,0.016210681975109574,0.012269938650306749,17,815,0,0,0,1
506,000286_cam1_0_10.jpg,286,0,-1,True,10,823,0.013055030489706788,0.012269938650306749,296,815,0,0,0,0
507,000286_cam1_0_11.jpg,286,0,-1,True,10,823,0.01834823054250618,0.012269938650306749,17,815,0,0,0,1
508,000286_cam1_0_12.jpg,286,0,-1,True,10,823,0.013055030489706788,0.012269938650306749,296,815,0,0,0,0
509,000286_cam2_0_00.jpg,286,1,-1,True,13,826,0.017949541803795994,0.01589242053789731,17,818,0,0,0,1
510,000286_cam2_0_01.jpg,286,1,-1,True,13,826,0.017949541803795994,0.01589242053789731,17,818,0,0,0,1
511,000286_cam2_0_02.jpg,286,1,-1,True,13,826,0.01931160955535708,0.01589242053789731,17,818,0,0,0,1
512,000286_cam2_0_03.jpg,286,1,-1,True,13,826,0.013040731110637787,0.01589242053789731,296,818,0,0,0,0
513,000286_cam2_0_04.jpg,286,1,-1,True,13,826,0.013040731110637787,0.01589242053789731,296,818,0,0,0,0
514,000286_cam2_0_05.jpg,286,1,-1,True,13,826,0.017949541803795994,0.01589242053789731,17,818,0,0,0,1
515,000286_cam2_0_06.jpg,286,1,-1,True,13,826,0.013040731110637787,0.01589242053789731,296,818,0,0,0,0
516,000286_cam2_0_07.jpg,286,1,-1,True,13,826,0.01931160955535708,0.01589242053789731,17,818,0,0,0,1
517,000286_cam2_0_08.jpg,286,1,-1,True,13,826,0.017949541803795994,0.01589242053789731,17,818,0,0,0,1
518,000286_cam2_0_09.jpg,286,1,-1,True,13,826,0.013040731110637787,0.01589242053789731,296,818,0,0,0,0
519,000287_cam1_0_00.jpg,287,0,-1,True,14,822,0.01766647625545398,0.020319303338171262,309,689,0,0,0,0
520,000287_cam1_0_01.jpg,287,0,-1,True,14,822,0.01766647625545398,0.020319303338171262,309,689,0,0,0,0
521,000287_cam1_0_02.jpg,287,0,-1,True,14,822,0.014774138395369719,0.02734375,499,512,0,0,0,0
522,000287_cam1_0_03.jpg,287,0,-1,True,14,822,0.019164921342898145,0.019444444444444445,59,720,0,0,0,0
523,000287_cam1_0_04.jpg,287,0,-1,True,14,822,0.014774138395369719,0.02734375,499,512,0,0,0,0
524,000287_cam1_0_05.jpg,287,0,-1,True,14,822,0.01766647625545398,0.020319303338171262,309,689,0,0,0,0
525,000287_cam1_0_06.jpg,287,0,-1,True,14,822,0.01766647625545398,0.020319303338171262,309,689,0,0,0,0
526,000287_cam1_0_07.jpg,287,0,-1,True,14,822,0.014774138395369719,0.02734375,499,512,0,0,0,0
527,000287_cam1_0_08.jpg,287,0,-1,True,14,822,0.01766647625545398,0.020319303338171262,309,689,0,0,0,0
528,000287_cam1_0_09.jpg,287,0,-1,True,14,822,0.01766647625545398,0.020319303338171262,309,689,0,0,0,0
529,000287_cam1_0_10.jpg,287,0,-1,True,14,822,0.01766647625545398,0.020319303338171262,309,689,0,0,0,0
530,000287_cam1_0_11.jpg,287,0,-1,True,14,822,0.01766647625545398,0.020319303338171262,309,689,0,0,0,0
531,000287_cam1_0_12.jpg,287,0,-1,True,14,822,0.01766647625545398,0.020319303338171262,309,689,0,0,0,0
532,000287_cam1_0_13.jpg,287,0,-1,True,14,822,0.014774138395369719,0.02734375,499,512,0,0,0,0
533,000287_cam2_0_00.jpg,287,1,-1,True,14,822,0.016463047631559858,0.020319303338171262,309,689,0,0,0,0
534,000287_cam2_0_01.jpg,287,1,-1,True,14,822,0.014774138395369719,0.02734375,499,512,0,0,0,0
535,000287_cam2_0_02.jpg,287,1,-1,True,14,822,0.014774138395369719,0.02734375,499,512,0,0,0,0
536,000287_cam2_0_03.jpg,287,1,-1,True,14,822,0.016463047631559858,0.020319303338171262,309,689,0,0,0,0
537,000287_cam2_0_04.jpg,287,1,-1,True,14,822,0.01497955831912208,0.0260707635009311,69,537,0,0,0,0
538,000287_cam2_0_05.jpg,287,1,-1,True,14,822,0.016463047631559858,0.020319303338171262,309,689,0,0,0,0
539,000287_cam2_0_06.jpg,287,1,-1,True,14,822,0.014774138395369719,0.02734375,499,512,0,0,0,0
540,000287_cam2_0_07.jpg,287,1,-1,True,14,822,0.016463047631559858,0.020319303338171262,309,689,0,0,0,0
541,000287_cam2_0_08.jpg,287,1,-1,True,14,822,0.014774138395369719,0.02734375,499,512,0,0,0,0
542,000287_cam2_0_09.jpg,287,1,-1,True,14,822,0.014774138395369719,0.02734375,499,512,0,0,0,0
543,000287_cam2_0_10.jpg,287,1,-1,True,14,822,0.016463047631559858,0.020319303338171262,309,689,0,0,0,0
544,000287_cam2_0_11.jpg,287,1,-1,True,14,822,0.014774138395369719,0.02734375,499,512,0,0,0,0
545,000287_cam2_0_12.jpg,287,1,-1,True,14,822,0.016463047631559858,0.020319303338171262,309,689,0,0,0,0
546,000287_cam2_0_13.jpg,287,1,-1,True,14,822,0.016463047631559858,0.020319303338171262,309,689,0,0,0,0
547,000288_cam1_0_00.jpg,288,0,-1,True,17,823,0.018258982242494264,0.02316076294277929,338,734,0,0,0,0
548,000288_cam1_0_01.jpg,288,0,-1,True,17,823,0.01612384753406648,0.020833333333333332,527,816,0,0,0,0
549,000288_cam1_0_02.jpg,288,0,-1,True,17,823,0.01612384753406648,0.020833333333333332,527,816,0,0,0,0
550,000288_cam1_0_03.jpg,288,0,-1,True,17,823,0.01767006267991273,0.020833333333333332,72,816,0,0,0,0
551,000288_cam1_0_04.jpg,288,0,-1,True,17,823,0.01612384753406648,0.020833333333333332,527,816,0,0,0,0
552,000288_cam1_0_05.jpg,288,0,-1,True,17,823,0.01612384753406648,0.020833333333333332,527,816,0,0,0,0
553,000288_cam1_0_06.jpg,288,0,-1,True,17,823,0.019937510414806278,0.02316076294277929,62,734,0,0,0,0
554,000288_cam1_0_07.jpg,288,0,-1,True,17,823,0.01612384753406648,0.020833333333333332,527,816,0,0,0,0
555,000288_cam1_0_08.jpg,288,0,-1,True,17,823,0.01612384753406648,0.020833333333333332,527,816,0,0,0,0
556,000288_cam1_0_09.jpg,288,0,-1,True,17,823,0.018708074446554895,0.020833333333333332,328,816,0,0,0,0
557,000288_cam1_0_10.jpg,288,0,-1,True,17,823,0.01612384753406648,0.020833333333333332,527,816,0,0,0,0
558,000288_cam1_0_11.jpg,288,0,-1,True,17,823,0.01767006267991273,0.020833333333333332,72,816,0,0,0,0
559,000288_cam1_0_12.jpg,288,0,-1,True,17,823,0.018708074446554895,0.020833333333333332,328,816,0,0,0,0
560,000288_cam2_0_00.jpg,288,1,-1,True,13,819,0.013084570852659334,0.02411873840445269,527,539,0,0,0,0
561,000288_cam2_0_01.jpg,288,1,-1,True,13,819,0.013084570852659334,0.02411873840445269,527,539,0,0,0,0
562,000288_cam2_0_02.jpg,288,1,-1,True,13,819,0.013084570852659334,0.02411873840445269,527,539,0,0,0,0
563,000288_cam2_0_03.jpg,288,1,-1,True,13,819,0.012607639138831886,0.01859799713876967,328,699,0,0,0,0
564,000288_cam2_0_04.jpg,288,1,-1,True,13,819,0.012607639138831886,0.01859799713876967,328,699,0,0,0,0
565,000288_cam2_0_05.jpg,288,1,-1,True,13,819,0.013084570852659334,0.02411873840445269,527,539,0,0,0,0
566,000288_cam2_0_06.jpg,288,1,-1,True,13,819,0.012135267083141265,0.01780821917808219,338,730,0,0,0,0
567,000288_cam2_0_07.jpg,288,1,-1,True,13,819,0.013084570852659334,0.02411873840445269,527,539,0,0,0,0
568,000288_cam2_0_08.jpg,288,1,-1,True,13,819,0.013084570852659334,0.02411873840445269,527,539,0,0,0,0
569,000288_cam2_0_09.jpg,288,1,-1,True,13,819,0.015345593930575043,0.023214285714285715,72,560,0,0,0,0
570,000288_cam2_0_10.jpg,288,1,-1,True,13,819,0.013084570852659334,0.02411873840445269,527,539,0,0,0,0
571,000288_cam2_0_11.jpg,288,1,-1,True,13,819,0.013084570852659334,0.02411873840445269,527,539,0,0,0,0
572,000288_cam2_0_12.jpg,288,1,-1,True,13,819,0.013084570852659334,0.02411873840445269,527,539,0,0,0,0
573,000288_cam2_0_13.jpg,288,1,-1,True,13,819,0.013084570852659334,0.02411873840445269,527,539,0,0,0,0
574,000288_cam2_0_14.jpg,288,1,-1,True,13,819,0.012607639138831886,0.01859799713876967,328,699,0,0,0,0
575,000288_cam2_0_15.jpg,288,1,-1,True,13,819,0.012607639138831886,0.01859799713876967,328,699,0,0,0,0
576,000288_cam2_0_16.jpg,288,1,-1,True,13,819,0.012607639138831886,0.01859799713876967,328,699,0,0,0,0
577,000289_cam1_0_00.jpg,289,0,-1,True,15,821,0.013622635263489861,0.01838235294117647,556,816,0,0,0,0
578,000289_cam1_0_01.jpg,289,0,-1,True,15,821,0.013622635263489861,0.01838235294117647,556,816,0,0,0,0
579,000289_cam1_0_02.jpg,289,0,-1,True,15,821,0.013622635263489861,0.01838235294117647,556,816,0,0,0,0
580,000289_cam1_0_03.jpg,289,0,-1,True,15,821,0.01542160831028244,0.01838235294117647,345,816,0,0,0,0
581,000289_cam1_0_04.jpg,289,0,-1,True,15,821,0.013622635263489861,0.01838235294117647,556,816,0,0,0,0
582,000289_cam1_0_05.jpg,289,0,-1,True,15,821,0.013622635263489861,0.01838235294117647,556,816,0,0,0,0
583,000289_cam1_0_06.jpg,289,0,-1,True,15,821,0.01542160831028244,0.01838235294117647,345,816,0,0,0,0
584,000289_cam1_0_07.jpg,289,0,-1,True,15,821,0.014000679437874588,0.01838235294117647,76,816,0,0,0,0
585,000289_cam1_0_08.jpg,289,0,-1,True,15,821,0.01542160831028244,0.01838235294117647,345,816,0,0,0,0
586,000289_cam1_0_09.jpg,289,0,-1,True,15,821,0.013622635263489861,0.01838235294117647,556,816,0,0,0,0
587,000289_cam1_0_10.jpg,289,0,-1,True,15,821,0.013622635263489861,0.01838235294117647,556,816,0,0,0,0
588,000289_cam1_0_11.jpg,289,0,-1,True,15,821,0.013622635263489861,0.01838235294117647,556,816,0,0,0,0
589,000289_cam1_0_12.jpg,289,0,-1,True,15,821,0.01542160831028244,0.01838235294117647,345,816,0,0,0,0
590,000289_cam1_0_13.jpg,289,0,-1,True,15,821,0.013622635263489861,0.01838235294117647,556,816,0,0,0,0
591,000289_cam1_0_14.jpg,289,0,-1,True,15,821,0.01542160831028244,0.01838235294117647,345,816,0,0,0,0
592,000289_cam2_0_00.jpg,289,1,-1,True,15,821,0.014570547890602269,0.01838235294117647,345,816,0,0,0,0
593,000289_cam2_0_01.jpg,289,1,-1,True,15,821,0.016363731685631624,0.020134228187919462,66,745,0,0,0,0
594,000289_cam2_0_02.jpg,289,1,-1,True,15,821,0.013622635263489861,0.01838235294117647,556,816,0,0,0,0
595,000289_cam2_0_03.jpg,289,1,-1,True,15,821,0.015500397111505304,0.01838235294117647,76,816,0,0,0,0
596,000289_cam2_0_04.jpg,289,1,-1,True,15,821,0.013622635263489861,0.01838235294117647,556,816,0,0,0,0
597,000289_cam2_0_05.jpg,289,1,-1,True,15,821,0.013622635263489861,0.01838235294117647,556,816,0,0,0,0
598,000289_cam2_0_06.jpg,289,1,-1,True,15,821,0.014570547890602269,0.01838235294117647,345,816,0,0,0,0
599,000289_cam2_0_07.jpg,289,1,-1,True,15,821,0.013622635263489861,0.01838235294117647,556,816,0,0,0,0
600,000289_cam2_0_08.jpg,289,1,-1,True,15,821,0.014570547890602269,0.01838235294117647,345,816,0,0,0,0
601,000289_cam2_0_09.jpg,289,1,-1,True,15,821,0.013622635263489861,0.01838235294117647,556,816,0,0,0,0
602,000289_cam2_0_10.jpg,289,1,-1,True,15,821,0.014570547890602269,0.01838235294117647,345,816,0,0,0,0
603,000289_cam2_0_11.jpg,289,1,-1,True,15,821,0.014570547890602269,0.01838235294117647,345,816,0,0,0,0
604,000289_cam2_0_12.jpg,289,1,-1,True,15,821,0.014216880614442687,0.020134228187919462,355,745,0,0,0,0
605,000289_cam2_0_13.jpg,289,1,-1,True,15,821,0.013622635263489861,0.01838235294117647,556,816,0,0,0,0
606,000289_cam2_0_14.jpg,289,1,-1,True,15,821,0.014570547890602269,0.01838235294117647,345,816,0,0,0,0
607,000290_cam1_0_00.jpg,290,0,-1,True,13,824,0.012358974992508672,0.021241830065359478,79,612,0,0,0,0
608,000290_cam1_0_01.jpg,290,0,-1,True,13,824,0.01533237632854505,0.017980636237897647,362,723,0,0,0,0
609,000290_cam1_0_02.jpg,290,0,-1,True,13,824,0.01533237632854505,0.017980636237897647,362,723,0,0,0,0
610,000290_cam1_0_03.jpg,290,0,-1,True,13,824,0.011824662763808102,0.02181208053691275,584,596,0,0,0,0
611,000290_cam1_0_04.jpg,290,0,-1,True,13,824,0.01533237632854505,0.017980636237897647,362,723,0,0,0,0
612,000290_cam1_0_05.jpg,290,0,-1,True,13,824,0.01533237632854505,0.017980636237897647,362,723,0,0,0,0
613,000290_cam1_0_06.jpg,290,0,-1,True,13,824,0.011824662763808102,0.02181208053691275,584,596,0,0,0,0
614,000290_cam1_0_07.jpg,290,0,-1,True,13,824,0.011824662763808102,0.02181208053691275,584,596,0,0,0,0
615,000290_cam1_0_08.jpg,290,0,-1,True,13,824,0.011824662763808102,0.02181208053691275,584,596,0,0,0,0
616,000290_cam1_0_09.jpg,290,0,-1,True,13,824,0.01533237632854505,0.017980636237897647,362,723,0,0,0,0
617,000290_cam1_0_10.jpg,290,0,-1,True,13,824,0.011824662763808102,0.02181208053691275,584,596,0,0,0,0
618,000290_cam1_0_11.jpg,290,0,-1,True,13,824,0.01533237632854505,0.017980636237897647,362,723,0,0,0,0
619,000290_cam2_0_00.jpg,290,1,-1,True,12,823,0.011225212526630066,0.014652014652014652,362,819,0,0,0,0
620,000290_cam2_0_01.jpg,290,1,-1,True,12,823,0.01053270690147637,0.014652014652014652,584,819,0,0,0,0
621,000290_cam2_0_02.jpg,290,1,-1,True,12,823,0.011225212526630066,0.014652014652014652,362,819,0,0,0,0
622,000290_cam2_0_03.jpg,290,1,-1,True,12,823,0.01053270690147637,0.014652014652014652,584,819,0,0,0,0
623,000290_cam2_0_04.jpg,290,1,-1,True,12,823,0.01053270690147637,0.014652014652014652,584,819,0,0,0,0
624,000290_cam2_0_05.jpg,290,1,-1,True,12,823,0.01053270690147637,0.014652014652014652,584,819,0,0,0,0
625,000290_cam2_0_06.jpg,290,1,-1,True,12,823,0.011225212526630066,0.014652014652014652,362,819,0,0,0,0
626,000290_cam2_0_07.jpg,290,1,-1,True,12,823,0.011203077079643029,0.014652014652014652,79,819,0,0,0,0
627,000290_cam2_0_08.jpg,290,1,-1,True,12,823,0.01053270690147637,0.014652014652014652,584,819,0,0,0,0
628,000290_cam2_0_09.jpg,290,1,-1,True,12,823,0.011225212526630066,0.014652014652014652,362,819,0,0,0,0
629,000290_cam2_0_10.jpg,290,1,-1,True,12,823,0.011766287705409361,0.015873015873015872,69,756,0,0,0,0
630,000290_cam2_0_11.jpg,290,1,-1,True,12,823,0.01053270690147637,0.014652014652014652,584,819,0,0,0,0
631,000290_cam2_0_12.jpg,290,1,-1,True,12,823,0.011203077079643029,0.014652014652014652,79,819,0,0,0,0
632,000291_cam1_0_00.jpg,291,0,-1,True,13,824,0.011966726713790874,0.020537124802527645,80,633,0,0,0,0
633,000291_cam1_0_01.jpg,291,0,-1,True,13,824,0.011382415655987575,0.0210016155088853,607,619,0,0,0,0
634,000291_cam1_0_02.jpg,291,0,-1,True,13,824,0.011382415655987575,0.0210016155088853,607,619,0,0,0,0
635,000291_cam1_0_03.jpg,291,0,-1,True,13,824,0.011382415655987575,0.0210016155088853,607,619,0,0,0,0
636,000291_cam1_0_04.jpg,291,0,-1,True,13,824,0.011382415655987575,0.0210016155088853,607,619,0,0,0,0
637,000291_cam1_0_05.jpg,291,0,-1,True,13,824,0.011382415655987575,0.0210016155088853,607,619,0,0,0,0
638,000291_cam1_0_06.jpg,291,0,-1,True,13,824,0.01182061925317958,0.016883116883116882,387,770,0,0,0,0
639,000291_cam1_0_07.jpg,291,0,-1,True,13,824,0.01182061925317958,0.016883116883116882,387,770,0,0,0,0
640,000291_cam1_0_08.jpg,291,0,-1,True,13,824,0.011966726713790874,0.020537124802527645,80,633,0,0,0,0
641,000291_cam1_0_09.jpg,291,0,-1,True,13,824,0.011382415655987575,0.0210016155088853,607,619,0,0,0,0
642,000291_cam1_0_10.jpg,291,0,-1,True,13,824,0.012251893692916287,0.017687074829931974,378,735,0,0,0,0
643,000291_cam1_0_11.jpg,291,0,-1,True,13,824,0.012251893692916287,0.017687074829931974,378,735,0,0,0,0
644,000291_cam2_0_00.jpg,291,1,-1,True,12,823,0.010461377766316981,0.01634877384196185,378,734,0,0,0,0
645,000291_cam2_0_01.jpg,291,1,-1,True,12,823,0.014829493375694287,0.019417475728155338,19,618,0,0,0,1
646,000291_cam2_0_02.jpg,291,1,-1,True,12,823,0.014829493375694287,0.019417475728155338,19,618,0,0,0,1
647,000291_cam2_0_03.jpg,291,1,-1,True,12,823,0.010461377766316981,0.01634877384196185,378,734,0,0,0,0
648,000291_cam2_0_04.jpg,291,1,-1,True,12,823,0.014228392112153947,0.015604681404421327,19,769,0,0,0,1
649,000291_cam2_0_05.jpg,291,1,-1,True,12,823,0.010461377766316981,0.01634877384196185,378,734,0,0,0,0
650,000291_cam2_0_06.jpg,291,1,-1,True,12,823,0.014829493375694287,0.019417475728155338,19,618,0,0,0,1
651,000291_cam2_0_07.jpg,291,1,-1,True,12,823,0.010461377766316981,0.01634877384196185,378,734,0,0,0,0
652,000291_cam2_0_08.jpg,291,1,-1,True,12,823,0.014829493375694287,0.019417475728155338,19,618,0,0,0,1
653,000291_cam2_0_09.jpg,291,1,-1,True,12,823,0.014829493375694287,0.019417475728155338,19,618,0,0,0,1
654,000291_cam2_0_10.jpg,291,1,-1,True,12,823,0.010461377766316981,0.01634877384196185,378,734,0,0,0,0
655,000291_cam2_0_11.jpg,291,1,-1,True,12,823,0.010461377766316981,0.01634877384196185,378,734,0,0,0,0
656,000291_cam2_0_12.jpg,291,1,-1,True,12,823,0.012812616132109348,0.015604681404421327,71,769,0,0,0,0
657,000292_cam1_0_00.jpg,292,0,-1,True,20,826,0.01599031494148903,0.024301336573511544,631,823,0,0,0,0
658,000292_cam1_0_01.jpg,292,0,-1,True,20,826,0.01599031494148903,0.024301336573511544,631,823,0,0,0,0
659,000292_cam1_0_02.jpg,292,0,-1,True,20,826,0.01599031494148903,0.024301336573511544,631,823,0,0,0,0
660,000292_cam1_0_03.jpg,292,0,-1,True,20,826,0.01599031494148903,0.024301336573511544,631,823,0,0,0,0
661,000292_cam1_0_04.jpg,292,0,-1,True,20,826,0.01599031494148903,0.024301336573511544,631,823,0,0,0,0
662,000292_cam1_0_05.jpg,292,0,-1,True,20,826,0.01599031494148903,0.024301336573511544,631,823,0,0,0,0
663,000292_cam1_0_06.jpg,292,0,-1,True,20,826,0.01963579580012559,0.02554278416347382,398,783,0,0,0,0
664,000292_cam1_0_07.jpg,292,0,-1,True,20,826,0.02008874309755091,0.024301336573511544,390,823,0,0,0,0
665,000292_cam1_0_08.jpg,292,0,-1,True,20,826,0.01599031494148903,0.024301336573511544,631,823,0,0,0,0
666,000292_cam1_0_09.jpg,292,0,-1,True,20,826,0.01599031494148903,0.024301336573511544,631,823,0,0,0,0
667,000292_cam2_0_00.jpg,292,1,-1,True,10,816,0.013475872271632555,0.015625,20,640,0,0,0,1
668,000292_cam2_0_01.jpg,292,1,-1,True,10,816,0.013475872271632555,0.015625,20,640,0,0,0,1
669,000292_cam2_0_02.jpg,292,1,-1,True,10,816,0.009253029177257777,0.013550135501355014,390,738,0,0,0,0
670,000292_cam2_0_03.jpg,292,1,-1,True,10,816,0.009937013414031496,0.0129366106080207,74,773,0,0,0,0
671,000292_cam2_0_04.jpg,292,1,-1,True,10,816,0.009253029177257777,0.013550135501355014,390,738,0,0,0,0
672,000292_cam2_0_05.jpg,292,1,-1,True,10,816,0.013475872271632555,0.015625,20,640,0,0,0,1
673,000292_cam2_0_06.jpg,292,1,-1,True,10,816,0.013475872271632555,0.015625,20,640,0,0,0,1
674,000292_cam2_0_07.jpg,292,1,-1,True,10,816,0.009253029177257777,0.013550135501355014,390,738,0,0,0,0
675,000292_cam2_0_08.jpg,292,1,-1,True,10,816,0.013475872271632555,0.015625,20,640,0,0,0,1
676,000292_cam2_0_09.jpg,292,1,-1,True,10,816,0.013475872271632555,0.015625,20,640,0,0,0,1
677,000292_cam2_0_10.jpg,292,1,-1,True,10,816,0.009253029177257777,0.013550135501355014,390,738,0,0,0,0
678,000292_cam2_0_11.jpg,292,1,-1,True,10,816,0.0136789430996711,0.0129366106080207,20,773,0,0,0,1
679,000292_cam2_0_12.jpg,292,1,-1,True,10,816,0.013475872271632555,0.015625,20,640,0,0,0,1
680,000292_cam2_0_13.jpg,292,1,-1,True,10,816,0.013475872271632555,0.015625,20,640,0,0,0,1
681,000292_cam2_0_14.jpg,292,1,-1,True,10,816,0.013475872271632555,0.015625,20,640,0,0,0,1
682,000292_cam2_0_15.jpg,292,1,-1,True,10,816,0.009253029177257777,0.013550135501355014,390,738,0,0,0,0
683,000292_cam2_0_16.jpg,292,1,-1,True,10,816,0.013475872271632555,0.015625,20,640,0,0,0,1
684,000292_cam2_0_17.jpg,292,1,-1,True,10,816,0.013475872271632555,0.015625,20,640,0,0,0,1
685,000292_cam2_0_18.jpg,292,1,-1,True,10,816,0.013475872271632555,0.015625,20,640,0,0,0,1
686,000292_cam2_0_19.jpg,292,1,-1,True,10,816,0.0136789430996711,0.0129366106080207,20,773,0,0,0,1
687,000293_cam1_0_00.jpg,293,0,-1,True,17,824,0.01344003009613437,0.025185185185185185,659,675,0,0,0,0
688,000293_cam1_0_01.jpg,293,0,-1,True,17,824,0.015448963027985393,0.022486772486772486,409,756,0,0,0,0
689,000293_cam1_0_02.jpg,293,0,-1,True,17,824,0.015448963027985393,0.022486772486772486,409,756,0,0,0,0
690,000293_cam1_0_03.jpg,293,0,-1,True,17,824,0.01344003009613437,0.025185185185185185,659,675,0,0,0,0
691,000293_cam1_0_04.jpg,293,0,-1,True,17,824,0.014970578638412682,0.021464646464646464,416,792,0,0,0,0
692,000293_cam1_0_05.jpg,293,0,-1,True,17,824,0.01344003009613437,0.025185185185185185,659,675,0,0,0,0
693,000293_cam1_0_06.jpg,293,0,-1,True,17,824,0.015448963027985393,0.022486772486772486,409,756,0,0,0,0
694,000293_cam1_0_07.jpg,293,0,-1,True,17,824,0.01344003009613437,0.025185185185185185,659,675,0,0,0,0
695,000293_cam1_0_08.jpg,293,0,-1,True,17,824,0.01344003009613437,0.025185185185185185,659,675,0,0,0,0
696,000293_cam1_0_09.jpg,293,0,-1,True,17,824,0.01344003009613437,0.025185185185185185,659,675,0,0,0,0
697,000293_cam1_0_10.jpg,293,0,-1,True,17,824,0.01344003009613437,0.025185185185185185,659,675,0,0,0,0
698,000293_cam1_0_11.jpg,293,0,-1,True,17,824,0.015448963027985393,0.022486772486772486,409,756,0,0,0,0
699,000293_cam2_0_00.jpg,293,1,-1,True,12,819,0.015354722238468637,0.015247776365946633,21,787,0,0,0,0
700,000293_cam2_0_01.jpg,293,1,-1,True,12,819,0.011921429742018581,0.015978695073235686,409,751,0,0,0,0
701,000293_cam2_0_02.jpg,293,1,-1,True,12,819,0.013596865631533459,0.01791044776119403,21,670,0,0,0,0
702,000293_cam2_0_03.jpg,293,1,-1,True,12,819,0.013596865631533459,0.01791044776119403,21,670,0,0,0,0
703,000293_cam2_0_04.jpg,293,1,-1,True,12,819,0.011921429742018581,0.015978695073235686,409,751,0,0,0,0
704,000293_cam2_0_05.jpg,293,1,-1,True,12,819,0.011921429742018581,0.015978695073235686,409,751,0,0,0,0
705,000293_cam2_0_06.jpg,293,1,-1,True,12,819,0.011921429742018581,0.015978695073235686,409,751,0,0,0,0
706,000293_cam2_0_07.jpg,293,1,-1,True,12,819,0.015171131527501795,0.017699115044247787,21,678,0,0,0,0
707,000293_cam2_0_08.jpg,293,1,-1,True,12,819,0.013596865631533459,0.01791044776119403,21,670,0,0,0,0
708,000293_cam2_0_09.jpg,293,1,-1,True,12,819,0.011921429742018581,0.015978695073235686,409,751,0,0,0,0
709,000293_cam2_0_10.jpg,293,1,-1,True,12,819,0.011921429742018581,0.015978695073235686,409,751,0,0,0,0
710,000293_cam2_0_11.jpg,293,1,-1,True,12,819,0.015171131527501795,0.017699115044247787,21,678,0,0,0,0
711,000293_cam2_0_12.jpg,293,1,-1,True,12,819,0.013596865631533459,0.01791044776119403,21,670,0,0,0,0
712,000293_cam2_0_13.jpg,293,1,-1,True,12,819,0.013596865631533459,0.01791044776119403,21,670,0,0,0,0
713,000293_cam2_0_14.jpg,293,1,-1,True,12,819,0.011921429742018581,0.015978695073235686,409,751,0,0,0,0
714,000293_cam2_0_15.jpg,293,1,-1,True,12,819,0.013596865631533459,0.01791044776119403,21,670,0,0,0,0
715,000293_cam2_0_16.jpg,293,1,-1,True,12,819,0.015354722238468637,0.015247776365946633,21,787,0,0,0,0
716,000294_cam1_0_00.jpg,294,0,-1,True,18,824,0.01550473028125749,0.02349869451697128,427,766,0,0,0,0
717,000294_cam1_0_01.jpg,294,0,-1,True,18,824,0.01360434744249794,0.02556818181818182,687,704,0,0,0,0
718,000294_cam1_0_02.jpg,294,0,-1,True,18,824,0.01360434744249794,0.02556818181818182,687,704,0,0,0,0
719,000294_cam1_0_03.jpg,294,0,-1,True,18,824,0.01550473028125749,0.02349869451697128,427,766,0,0,0,0
720,000294_cam1_0_04.jpg,294,0,-1,True,18,824,0.01550473028125749,0.02349869451697128,427,766,0,0,0,0
721,000294_cam1_0_05.jpg,294,0,-1,True,18,824,0.01360434744249794,0.02556818181818182,687,704,0,0,0,0
722,000294_cam1_0_06.jpg,294,0,-1,True,18,824,0.01550473028125749,0.02349869451697128,427,766,0,0,0,0
723,000294_cam1_0_07.jpg,294,0,-1,True,18,824,0.013469322292496108,0.02531645569620253,694,711,0,0,0,0
724,000294_cam1_0_08.jpg,294,0,-1,True,18,824,0.01550473028125749,0.02349869451697128,427,766,0,0,0,0
725,000294_cam1_0_09.jpg,294,0,-1,True,18,824,0.015027575579816772,0.022443890274314215,433,802,0,0,0,0
726,000294_cam1_0_10.jpg,294,0,-1,True,18,824,0.01360434744249794,0.02556818181818182,687,704,0,0,0,0
727,000294_cam1_0_11.jpg,294,0,-1,True,18,824,0.01550473028125749,0.02349869451697128,427,766,0,0,0,0
728,000294_cam2_0_00.jpg,294,1,-1,True,12,818,0.013028242827343323,0.017191977077363897,22,698,0,0,0,0
729,000294_cam2_0_01.jpg,294,1,-1,True,12,818,0.013028242827343323,0.017191977077363897,22,698,0,0,0,0
730,000294_cam2_0_02.jpg,294,1,-1,True,12,818,0.016445465231220036,0.01507537688442211,22,796,0,0,0,0
731,000294_cam2_0_03.jpg,294,1,-1,True,12,818,0.016445465231220036,0.01507537688442211,22,796,0,0,0,0
732,000294_cam2_0_04.jpg,294,1,-1,True,12,818,0.013108924240294266,0.015789473684210527,427,760,0,0,0,0
733,000294_cam2_0_05.jpg,294,1,-1,True,12,818,0.013028242827343323,0.017191977077363897,22,698,0,0,0,0
734,000294_cam2_0_06.jpg,294,1,-1,True,12,818,0.013028242827343323,0.017191977077363897,22,698,0,0,0,0
735,000294_cam2_0_07.jpg,294,1,-1,True,12,818,0.013028242827343323,0.017191977077363897,22,698,0,0,0,0
736,000294_cam2_0_08.jpg,294,1,-1,True,12,818,0.013108924240294266,0.015789473684210527,427,760,0,0,0,0
737,000294_cam2_0_09.jpg,294,1,-1,True,12,818,0.013028242827343323,0.017191977077363897,22,698,0,0,0,0
738,000294_cam2_0_10.jpg,294,1,-1,True,12,818,0.013028242827343323,0.017191977077363897,22,698,0,0,0,0
739,000294_cam2_0_11.jpg,294,1,-1,True,12,818,0.013028242827343323,0.017191977077363897,22,698,0,0,0,0
740,000294_cam2_0_12.jpg,294,1,-1,True,12,818,0.013028242827343323,0.017191977077363897,22,698,0,0,0,0
741,000294_cam2_0_13.jpg,294,1,-1,True,12,818,0.014568875396123988,0.01702127659574468,22,705,0,0,0,0
742,000294_cam2_0_14.jpg,294,1,-1,True,12,818,0.013028242827343323,0.017191977077363897,22,698,0,0,0,0
743,000294_cam2_0_15.jpg,294,1,-1,True,12,818,0.013028242827343323,0.017191977077363897,22,698,0,0,0,0
744,000294_cam2_0_16.jpg,294,1,-1,True,12,818,0.013028242827343323,0.017191977077363897,22,698,0,0,0,0
745,000294_cam2_0_17.jpg,294,1,-1,True,12,818,0.013028242827343323,0.017191977077363897,22,698,0,0,0,0
746,000295_cam1_0_00.jpg,295,0,-1,True,13,819,0.028035776323259987,0.01790633608815427,23,726,0,0,0,0
747,000295_cam1_0_01.jpg,295,0,-1,True,13,819,0.028035776323259987,0.01790633608815427,23,726,0,0,0,0
748,000295_cam1_0_02.jpg,295,0,-1,True,13,819,0.012262540964374125,0.016905071521456438,447,769,0,0,0,0
749,000295_cam1_0_03.jpg,295,0,-1,True,13,819,0.012262540964374125,0.016905071521456438,447,769,0,0,0,0
750,000295_cam1_0_04.jpg,295,0,-1,True,13,819,0.028035776323259987,0.01790633608815427,23,726,0,0,0,0
751,000295_cam1_0_05.jpg,295,0,-1,True,13,819,0.028035776323259987,0.01790633608815427,23,726,0,0,0,0
752,000295_cam1_0_06.jpg,295,0,-1,True,13,819,0.028035776323259987,0.01790633608815427,23,726,0,0,0,0
753,000295_cam1_0_07.jpg,295,0,-1,True,13,819,0.028035776323259987,0.01790633608815427,23,726,0,0,0,0
754,000295_cam1_0_08.jpg,295,0,-1,True,13,819,0.028035776323259987,0.01790633608815427,23,726,0,0,0,0
755,000295_cam1_0_09.jpg,295,0,-1,True,13,819,0.028035776323259987,0.01790633608815427,23,726,0,0,0,0
756,000295_cam1_0_10.jpg,295,0,-1,True,13,819,0.012262540964374125,0.016905071521456438,447,769,0,0,0,0
757,000295_cam1_0_11.jpg,295,0,-1,True,13,819,0.028035776323259987,0.01790633608815427,23,726,0,0,0,0
758,000295_cam1_0_12.jpg,295,0,-1,True,13,819,0.028035776323259987,0.01790633608815427,23,726,0,0,0,0
759,000295_cam1_0_13.jpg,295,0,-1,True,13,819,0.028035776323259987,0.01790633608815427,23,726,0,0,0,0
760,000295_cam1_0_14.jpg,295,0,-1,True,13,819,0.012262540964374125,0.016905071521456438,447,769,0,0,0,0
761,000295_cam1_0_15.jpg,295,0,-1,True,13,819,0.012262540964374125,0.016905071521456438,447,769,0,0,0,0
762,000295_cam1_0_16.jpg,295,0,-1,True,13,819,0.02798594349513637,0.01780821917808219,23,730,0,0,0,0
763,000295_cam2_0_00.jpg,295,1,-1,True,17,823,0.01571254537015754,0.020706455542021926,87,821,0,0,0,0
764,000295_cam2_0_01.jpg,295,1,-1,True,17,823,0.012268067738767166,0.020706455542021926,714,821,0,0,0,0
765,000295_cam2_0_02.jpg,295,1,-1,True,17,823,0.012268067738767166,0.020706455542021926,714,821,0,0,0,0
766,000295_cam2_0_03.jpg,295,1,-1,True,17,823,0.012268067738767166,0.020706455542021926,714,821,0,0,0,0
767,000295_cam2_0_04.jpg,295,1,-1,True,17,823,0.01571254537015754,0.020706455542021926,87,821,0,0,0,0
768,000295_cam2_0_05.jpg,295,1,-1,True,17,823,0.016416389132436537,0.020706455542021926,447,821,0,0,0,0
769,000295_cam2_0_06.jpg,295,1,-1,True,17,823,0.016416389132436537,0.020706455542021926,447,821,0,0,0,0
770,000295_cam2_0_07.jpg,295,1,-1,True,17,823,0.01620424303458255,0.021013597033374538,450,809,0,0,0,0
771,000295_cam2_0_08.jpg,295,1,-1,True,17,823,0.016416389132436537,0.020706455542021926,447,821,0,0,0,0
772,000295_cam2_0_09.jpg,295,1,-1,True,17,823,0.016416389132436537,0.020706455542021926,447,821,0,0,0,0
773,000295_cam2_0_10.jpg,295,1,-1,True,17,823,0.016416389132436537,0.020706455542021926,447,821,0,0,0,0
774,000295_cam2_0_11.jpg,295,1,-1,True,17,823,0.016416389132436537,0.020706455542021926,447,821,0,0,0,0
775,000295_cam2_0_12.jpg,295,1,-1,True,17,823,0.01571254537015754,0.020706455542021926,87,821,0,0,0,0
776,000298_cam1_0_00.jpg,298,0,-1,True,15,821,0.010543262929700665,0.018270401948842874,742,821,0,0,0,0
777,000298_cam1_0_01.jpg,298,0,-1,True,15,821,0.010543262929700665,0.018270401948842874,742,821,0,0,0,0
778,000298_cam1_0_02.jpg,298,0,-1,True,15,821,0.010543262929700665,0.018270401948842874,742,821,0,0,0,0
779,000298_cam1_0_03.jpg,298,0,-1,True,15,821,0.010506141938867801,0.018270401948842874,745,821,0,0,0,0
780,000298_cam1_0_04.jpg,298,0,-1,True,15,821,0.013235287778664461,0.018270401948842874,469,821,0,0,0,0
781,000298_cam1_0_05.jpg,298,0,-1,True,15,821,0.010506141938867801,0.018270401948842874,745,821,0,0,0,0
782,000298_cam1_0_06.jpg,298,0,-1,True,15,821,0.010543262929700665,0.018270401948842874,742,821,0,0,0,0
783,000298_cam1_0_07.jpg,298,0,-1,True,15,821,0.010543262929700665,0.018270401948842874,742,821,0,0,0,0
784,000298_cam1_0_08.jpg,298,0,-1,True,15,821,0.013235287778664461,0.018270401948842874,469,821,0,0,0,0
785,000298_cam1_0_09.jpg,298,0,-1,True,15,821,0.013235287778664461,0.018270401948842874,469,821,0,0,0,0
786,000298_cam1_0_10.jpg,298,0,-1,True,15,821,0.010543262929700665,0.018270401948842874,742,821,0,0,0,0
787,000298_cam1_0_11.jpg,298,0,-1,True,15,821,0.010543262929700665,0.018270401948842874,742,821,0,0,0,0
788,000298_cam1_0_12.jpg,298,0,-1,True,15,821,0.013235287778664461,0.018270401948842874,469,821,0,0,0,0
789,000298_cam1_0_13.jpg,298,0,-1,True,15,821,0.010543262929700665,0.018270401948842874,742,821,0,0,0,0
790,000298_cam1_0_14.jpg,298,0,-1,True,15,821,0.010543262929700665,0.018270401948842874,742,821,0,0,0,0
791,000298_cam2_0_00.jpg,298,1,-1,True,15,821,0.013017518234144645,0.018270401948842874,26,821,0,0,0,0
792,000298_cam2_0_01.jpg,298,1,-1,True,15,821,0.014453204586792499,0.018270401948842874,469,821,0,0,0,0
793,000298_cam2_0_02.jpg,298,1,-1,True,15,821,0.014453204586792499,0.018270401948842874,469,821,0,0,0,0
794,000298_cam2_0_03.jpg,298,1,-1,True,15,821,0.014453204586792499,0.018270401948842874,469,821,0,0,0,0
795,000298_cam2_0_04.jpg,298,1,-1,True,15,821,0.013017518234144645,0.018270401948842874,26,821,0,0,0,0
796,000298_cam2_0_05.jpg,298,1,-1,True,15,821,0.014453204586792499,0.018270401948842874,469,821,0,0,0,0
797,000298_cam2_0_06.jpg,298,1,-1,True,15,821,0.014453204586792499,0.018270401948842874,469,821,0,0,0,0
798,000298_cam2_0_07.jpg,298,1,-1,True,15,821,0.014453204586792499,0.018270401948842874,469,821,0,0,0,0
799,000298_cam2_0_08.jpg,298,1,-1,True,15,821,0.016733653510443015,0.018404907975460124,26,815,0,0,0,0
800,000298_cam2_0_09.jpg,298,1,-1,True,15,821,0.014453204586792499,0.018270401948842874,469,821,0,0,0,0
801,000298_cam2_0_10.jpg,298,1,-1,True,15,821,0.016733653510443015,0.018404907975460124,26,815,0,0,0,0
802,000298_cam2_0_11.jpg,298,1,-1,True,15,821,0.013017518234144645,0.018270401948842874,26,821,0,0,0,0
803,000298_cam2_0_12.jpg,298,1,-1,True,15,821,0.013017518234144645,0.018270401948842874,26,821,0,0,0,0
804,000298_cam2_0_13.jpg,298,1,-1,True,15,821,0.014453204586792499,0.018270401948842874,469,821,0,0,0,0
805,000298_cam2_0_14.jpg,298,1,-1,True,15,821,0.016733653510443015,0.018404907975460124,26,815,0,0,0,0
806,000299_cam1_0_00.jpg,299,0,-1,True,13,819,0.011769611303088847,0.016666666666666666,27,780,0,0,0,0
807,000299_cam1_0_01.jpg,299,0,-1,True,13,819,0.011769611303088847,0.016666666666666666,27,780,0,0,0,0
808,000299_cam1_0_02.jpg,299,0,-1,True,13,819,0.012577416913763599,0.015873015873015872,92,819,0,0,0,0
809,000299_cam1_0_03.jpg,299,0,-1,True,13,819,0.011769611303088847,0.016666666666666666,27,780,0,0,0,0
810,000299_cam1_0_04.jpg,299,0,-1,True,13,819,0.012067425264956884,0.016666666666666666,491,780,0,0,0,0
811,000299_cam1_0_05.jpg,299,0,-1,True,13,819,0.011769611303088847,0.016666666666666666,27,780,0,0,0,0
812,000299_cam1_0_06.jpg,299,0,-1,True,13,819,0.011769611303088847,0.016666666666666666,27,780,0,0,0,0
813,000299_cam1_0_07.jpg,299,0,-1,True,13,819,0.012067425264956884,0.016666666666666666,491,780,0,0,0,0
814,000299_cam1_0_08.jpg,299,0,-1,True,13,819,0.011769611303088847,0.016666666666666666,27,780,0,0,0,0
815,000299_cam1_0_09.jpg,299,0,-1,True,13,819,0.012067425264956884,0.016666666666666666,491,780,0,0,0,0
816,000299_cam1_0_10.jpg,299,0,-1,True,13,819,0.011769611303088847,0.016666666666666666,27,780,0,0,0,0
817,000299_cam1_0_11.jpg,299,0,-1,True,13,819,0.011769611303088847,0.016666666666666666,27,780,0,0,0,0
818,000299_cam1_0_12.jpg,299,0,-1,True,13,819,0.011769611303088847,0.016666666666666666,27,780,0,0,0,0
819,000299_cam1_0_13.jpg,299,0,-1,True,13,819,0.012067425264956884,0.016666666666666666,491,780,0,0,0,0
820,000299_cam1_0_14.jpg,299,0,-1,True,13,819,0.011769611303088847,0.016666666666666666,27,780,0,0,0,0
821,000299_cam1_0_15.jpg,299,0,-1,True,13,819,0.011769611303088847,0.016666666666666666,27,780,0,0,0,0
822,000299_cam1_0_16.jpg,299,0,-1,True,13,819,0.011769611303088847,0.016666666666666666,27,780,0,0,0,0
823,000299_cam2_0_00.jpg,299,1,-1,True,17,823,0.013660598214921563,0.021683673469387755,27,784,0,0,0,0
824,000299_cam2_0_01.jpg,299,1,-1,True,17,823,0.013660598214921563,0.021683673469387755,27,784,0,0,0,0
825,000299_cam2_0_02.jpg,299,1,-1,True,17,823,0.015967608511455962,0.021683673469387755,491,784,0,0,0,0
826,000299_cam2_0_03.jpg,299,1,-1,True,17,823,0.015967608511455962,0.021683673469387755,491,784,0,0,0,0
827,000299_cam2_0_04.jpg,299,1,-1,True,17,823,0.015967608511455962,0.021683673469387755,491,784,0,0,0,0
828,000299_cam2_0_05.jpg,299,1,-1,True,17,823,0.013660598214921563,0.021683673469387755,27,784,0,0,0,0
829,000299_cam2_0_06.jpg,299,1,-1,True,17,823,0.013660598214921563,0.021683673469387755,27,784,0,0,0,0
830,000299_cam2_0_07.jpg,299,1,-1,True,17,823,0.015967608511455962,0.021683673469387755,491,784,0,0,0,0
831,000299_cam2_0_08.jpg,299,1,-1,True,17,823,0.015967608511455962,0.021683673469387755,491,784,0,0,0,0
832,000299_cam2_0_09.jpg,299,1,-1,True,17,823,0.013660598214921563,0.021683673469387755,27,784,0,0,0,0
833,000299_cam2_0_10.jpg,299,1,-1,True,17,823,0.013660598214921563,0.021683673469387755,27,784,0,0,0,0
834,000299_cam2_0_11.jpg,299,1,-1,True,17,823,0.013660598214921563,0.021683673469387755,27,784,0,0,0,0
835,000299_cam2_0_12.jpg,299,1,-1,True,17,823,0.013660598214921563,0.021683673469387755,27,784,0,0,0,0
