query_index,name,identity,camera,scene,valid,relevant_gallery,kept_gallery,AP,INP,first_match,last_match,Rank-1,Rank-5,Rank-10,Rank-20
0,0002_s002_v0_000.jpg,2,0,2,True,2,1053,0.01805465191932336,0.017241379310344827,53,116,0,0,0,0
1,0002_s002_v3_001.jpg,2,3,2,True,2,1053,0.10101010101010101,0.1111111111111111,11,18,0,0,0,1
2,0002_s013_v1_002.jpg,2,1,13,True,2,1053,0.009195117928418275,0.010638297872340425,129,188,0,0,0,0
3,0002_s013_v4_003.jpg,2,4,13,True,2,1053,0.15357142857142858,0.05714285714285714,4,35,0,1,1,1
4,0004_s002_v3_000.jpg,4,3,2,True,11,1054,0.9153485403485405,0.7857142857142857,1,14,1,1,1,1
5,0004_s007_v1_010.jpg,4,1,7,True,10,1053,0.9159848484848483,0.6666666666666666,1,15,1,1,1,1
6,0004_s007_v6_011.jpg,4,6,7,True,10,1053,0.7125,0.38461538461538464,1,26,1,1,1,1
7,0004_s021_v1_001.jpg,4,1,21,True,10,1053,0.4460063877837439,0.06172839506172839,1,162,1,1,1,1
8,0004_s021_v7_002.jpg,4,7,21,True,10,1053,0.49256088011901966,0.07142857142857142,1,140,1,1,1,1
9,0004_s022_v3_003.jpg,4,3,22,True,10,1053,0.47400133650133647,0.1282051282051282,1,78,1,1,1,1
10,0004_s022_v4_004.jpg,4,4,22,True,10,1053,0.3945525819151313,0.0847457627118644,1,118,1,1,1,1
11,0004_s026_v0_005.jpg,4,0,26,True,7,1050,0.5784813925570228,0.2916666666666667,1,24,1,1,1,1
12,0004_s026_v1_006.jpg,4,1,26,True,7,1050,0.6080086580086581,0.10606060606060606,2,66,0,1,1,1
13,0004_s026_v2_007.jpg,4,2,26,True,7,1050,0.07751614012697756,0.017676767676767676,25,396,0,0,0,0
14,0004_s026_v6_008.jpg,4,6,26,True,7,1050,0.5132936507936509,0.125,1,56,1,1,1,1
15,0004_s026_v7_009.jpg,4,7,26,True,7,1050,0.5053375196232339,0.08974358974358974,2,78,0,1,1,1
16,0006_s002_v1_000.jpg,6,1,2,True,14,1053,0.0757127792416007,0.04472843450479233,4,313,0,1,1,1
17,0006_s002_v7_001.jpg,6,7,2,True,14,1053,0.038031673164794666,0.023809523809523808,12,588,0,0,0,1
18,0006_s007_v0_012.jpg,6,0,7,True,12,1051,0.12185669959129118,0.06030150753768844,2,199,0,1,1,1
19,0006_s007_v4_013.jpg,6,4,7,True,12,1051,0.06773747212010385,0.037383177570093455,9,321,0,0,1,1
20,0006_s007_v5_014.jpg,6,5,7,True,12,1051,0.18525419036396937,0.029925187032418952,5,401,0,1,1,1
21,0006_s007_v6_015.jpg,6,6,7,True,12,1051,0.2536350727816468,0.043478260869565216,1,276,1,1,1,1
22,0006_s027_v1_002.jpg,6,1,27,True,10,1049,0.3945265735863358,0.08403361344537816,1,119,1,1,1,1
23,0006_s027_v2_003.jpg,6,2,27,True,10,1049,0.06329484425796451,0.027932960893854747,19,358,0,0,0,1
24,0006_s027_v3_004.jpg,6,3,27,True,10,1049,0.1298749028416184,0.07518796992481203,7,133,0,0,1,1
25,0006_s027_v4_005.jpg,6,4,27,True,10,1049,0.05941653920040133,0.0196078431372549,8,510,0,0,1,1
26,0006_s027_v5_006.jpg,6,5,27,True,10,1049,0.05631872651738713,0.036231884057971016,14,276,0,0,0,1
27,0006_s027_v7_007.jpg,6,7,27,True,10,1049,0.11008023030464395,0.06493506493506493,6,154,0,0,1,1
28,0006_s028_v2_008.jpg,6,2,28,True,12,1051,0.2792251393190918,0.0379746835443038,3,316,0,1,1,1
29,0006_s028_v3_009.jpg,6,3,28,True,12,1051,0.15604640385600707,0.02247191011235955,6,534,0,0,1,1
30,0006_s028_v4_010.jpg,6,4,28,True,12,1051,0.13155985596157677,0.023121387283236993,7,519,0,0,1,1
31,0006_s028_v5_011.jpg,6,5,28,True,12,1051,0.060582537845436955,0.01788375558867362,21,671,0,0,0,0
32,0008_s002_v0_000.jpg,8,0,2,True,12,1052,0.07916136981756096,0.017777777777777778,2,675,0,1,1,1
33,0008_s002_v3_001.jpg,8,3,2,True,12,1052,0.06277052559079578,0.03380281690140845,7,355,0,0,1,1
34,0008_s002_v5_002.jpg,8,5,2,True,12,1052,0.067564921584007,0.04897959183673469,15,245,0,0,0,1
35,0008_s005_v3_013.jpg,8,3,5,True,13,1053,0.026970487680505625,0.019969278033794162,41,651,0,0,0,0
36,0008_s005_v5_014.jpg,8,5,5,True,13,1053,0.051951518701698625,0.02584493041749503,21,503,0,0,0,0
37,0008_s018_v4_003.jpg,8,4,18,True,13,1053,0.03481652359596339,0.017955801104972375,39,724,0,0,0,0
38,0008_s018_v5_004.jpg,8,5,18,True,13,1053,0.05144239140107416,0.01911764705882353,17,680,0,0,0,1
39,0008_s025_v0_005.jpg,8,0,25,True,7,1047,0.02114897568505622,0.009602194787379973,30,729,0,0,0,0
40,0008_s025_v1_006.jpg,8,1,25,True,7,1047,0.026560198401412837,0.01206896551724138,17,580,0,0,0,1
41,0008_s025_v2_007.jpg,8,2,25,True,7,1047,0.012207197335553827,0.012867647058823529,79,544,0,0,0,0
42,0008_s025_v3_008.jpg,8,3,25,True,7,1047,0.039806542223372654,0.0220125786163522,49,318,0,0,0,0
43,0008_s025_v4_009.jpg,8,4,25,True,7,1047,0.06206252515907172,0.043209876543209874,19,162,0,0,0,1
44,0008_s025_v5_010.jpg,8,5,25,True,7,1047,0.07887296952323906,0.05185185185185185,21,135,0,0,0,0
45,0008_s025_v6_011.jpg,8,6,25,True,7,1047,0.021509883285423387,0.025735294117647058,29,272,0,0,0,0
46,0008_s025_v7_012.jpg,8,7,25,True,7,1047,0.021657715417523513,0.01289134438305709,26,543,0,0,0,0
47,0010_s002_v1_000.jpg,10,1,2,True,3,1052,0.1962962962962963,0.05555555555555555,3,54,0,1,1,1
48,0010_s002_v4_001.jpg,10,4,2,True,3,1052,0.01024667707298614,0.008620689655172414,72,348,0,0,0,0
49,0010_s002_v7_002.jpg,10,7,2,True,3,1052,0.044735710376104465,0.05172413793103448,24,58,0,0,0,0
50,0010_s011_v4_003.jpg,10,4,11,True,3,1052,0.13002980625931446,0.04918032786885246,4,61,0,1,1,1
51,0010_s011_v6_004.jpg,10,6,11,True,3,1052,0.5109890109890111,0.03296703296703297,1,91,1,1,1,1
52,0010_s011_v7_005.jpg,10,7,11,True,3,1052,0.5303030303030303,0.09090909090909091,1,33,1,1,1,1
53,0012_s002_v4_000.jpg,12,4,2,True,2,1053,0.004592825346949463,0.004210526315789474,201,475,0,0,0,0
54,0012_s002_v7_001.jpg,12,7,2,True,2,1053,0.08928571428571427,0.09523809523809523,12,21,0,0,0,1
55,0012_s003_v0_002.jpg,12,0,3,True,2,1053,0.019934640522875816,0.006535947712418301,30,306,0,0,0,0
56,0012_s003_v1_003.jpg,12,1,3,True,2,1053,0.02182853527364758,0.009174311926605505,29,218,0,0,0,0
57,0014_s002_v1_000.jpg,14,1,2,True,6,1053,0.07403948306103182,0.0967741935483871,29,62,0,0,0,0
58,0014_s002_v3_001.jpg,14,3,2,True,6,1053,0.11473504493306474,0.0594059405940594,10,101,0,0,1,1
59,0014_s005_v3_007.jpg,14,3,5,True,7,1054,0.0935509230313405,0.05223880597014925,14,134,0,0,0,1
60,0014_s020_v0_002.jpg,14,0,20,True,3,1050,0.054170055118821725,0.07142857142857142,31,42,0,0,0,0
61,0014_s020_v1_003.jpg,14,1,20,True,3,1050,0.020732333847087947,0.02459016393442623,65,122,0,0,0,0
62,0014_s020_v2_004.jpg,14,2,20,True,3,1050,0.03949081878842329,0.0410958904109589,23,73,0,0,0,0
63,0014_s020_v3_005.jpg,14,3,20,True,3,1050,0.04105534105534105,0.04054054054054054,35,74,0,0,0,0
64,0014_s020_v4_006.jpg,14,4,20,True,3,1050,0.031840193704600485,0.01694915254237288,20,177,0,0,0,1
65,0016_s002_v0_000.jpg,16,0,2,True,5,1052,0.050729588308938124,0.031446540880503145,12,159,0,0,0,1
66,0016_s002_v3_001.jpg,16,3,2,True,5,1052,0.7645833333333333,0.15625,1,32,1,1,1,1
67,0016_s002_v5_002.jpg,16,5,2,True,5,1052,0.7203092783505154,0.05154639175257732,1,97,1,1,1,1
68,0016_s003_v0_003.jpg,16,0,3,True,6,1053,0.04324723902538472,0.03571428571428571,18,168,0,0,0,1
69,0016_s003_v3_004.jpg,16,3,3,True,6,1053,0.554728835978836,0.07142857142857142,1,84,1,1,1,1
70,0016_s004_v1_005.jpg,16,1,4,True,5,1052,0.23774891774891777,0.1,2,50,0,1,1,1
71,0016_s004_v3_006.jpg,16,3,4,True,5,1052,0.37618748033972943,0.01730103806228374,2,289,0,1,1,1
72,0016_s004_v5_007.jpg,16,5,4,True,5,1052,0.2746240601503759,0.021929824561403508,2,228,0,1,1,1
73,0020_s003_v4_000.jpg,20,4,3,True,28,1052,0.641258134716,0.15819209039548024,2,177,0,1,1,1
74,0020_s003_v5_001.jpg,20,5,3,True,28,1052,0.6869779476503061,0.16279069767441862,1,172,1,1,1,1
75,0020_s003_v7_002.jpg,20,7,3,True,28,1052,0.6643573769842596,0.15135135135135136,1,185,1,1,1,1
76,0020_s025_v0_003.jpg,20,0,25,True,26,1050,0.7747185078167179,0.5306122448979592,1,49,1,1,1,1
77,0020_s025_v3_004.jpg,20,3,25,True,26,1050,0.7730708631971376,0.27956989247311825,1,93,1,1,1,1
78,0020_s025_v4_005.jpg,20,4,25,True,26,1050,0.5297706616465256,0.23636363636363636,5,110,0,1,1,1
79,0020_s025_v5_006.jpg,20,5,25,True,26,1050,0.4449327967288682,0.2047244094488189,3,127,0,1,1,1
80,0020_s025_v6_007.jpg,20,6,25,True,26,1050,0.43328770833533636,0.16883116883116883,1,154,1,1,1,1
81,0020_s026_v0_008.jpg,20,0,26,True,24,1048,0.765492162749743,0.3116883116883117,1,77,1,1,1,1
82,0020_s026_v1_009.jpg,20,1,26,True,24,1048,0.7784175290946568,0.23076923076923078,1,104,1,1,1,1
83,0020_s026_v2_010.jpg,20,2,26,True,24,1048,0.763939485025566,0.27586206896551724,1,87,1,1,1,1
84,0020_s026_v3_011.jpg,20,3,26,True,24,1048,0.8254204415895812,0.24742268041237114,1,97,1,1,1,1
85,0020_s026_v4_012.jpg,20,4,26,True,24,1048,0.7009275320889842,0.15483870967741936,1,155,1,1,1,1
86,0020_s026_v5_013.jpg,20,5,26,True,24,1048,0.5950080116398548,0.19672131147540983,1,122,1,1,1,1
87,0020_s026_v7_014.jpg,20,7,26,True,24,1048,0.5134707322861006,0.2891566265060241,2,83,0,1,1,1
88,0020_s027_v0_015.jpg,20,0,27,True,24,1048,0.6026949496947586,0.17647058823529413,1,136,1,1,1,1
89,0020_s027_v1_016.jpg,20,1,27,True,24,1048,0.27249327983917065,0.05150214592274678,6,466,0,0,1,1
90,0020_s027_v3_017.jpg,20,3,27,True,24,1048,0.6991048073670577,0.100418410041841,1,239,1,1,1,1
91,0020_s027_v4_018.jpg,20,4,27,True,24,1048,0.7249805613842898,0.1875,1,128,1,1,1,1
92,0020_s027_v5_019.jpg,20,5,27,True,24,1048,0.767288245779668,0.2857142857142857,1,84,1,1,1,1
93,0020_s027_v6_020.jpg,20,6,27,True,24,1048,0.7863768488583519,0.24489795918367346,1,98,1,1,1,1
94,0020_s027_v7_021.jpg,20,7,27,True,24,1048,0.7743369010854799,0.15286624203821655,1,157,1,1,1,1
95,0020_s028_v0_022.jpg,20,0,28,True,27,1051,0.6667746418273394,0.28421052631578947,1,95,1,1,1,1
96,0020_s028_v1_023.jpg,20,1,28,True,27,1051,0.7196044633758285,0.16981132075471697,1,159,1,1,1,1
97,0020_s028_v3_024.jpg,20,3,28,True,27,1051,0.8617796406182288,0.54,1,50,1,1,1,1
98,0020_s028_v5_025.jpg,20,5,28,True,27,1051,0.8211936788510458,0.3176470588235294,1,85,1,1,1,1
99,0020_s030_v1_026.jpg,20,1,30,True,26,1050,0.4644887630764064,0.16352201257861634,2,159,0,1,1,1
100,0020_s030_v4_027.jpg,20,4,30,True,26,1050,0.5824455173714486,0.22033898305084745,1,118,1,1,1,1
101,0020_s030_v5_028.jpg,20,5,30,True,26,1050,0.6896040372069092,0.29545454545454547,1,88,1,1,1,1
102,0020_s030_v6_029.jpg,20,6,30,True,26,1050,0.8205304206039499,0.23423423423423423,1,111,1,1,1,1
103,0020_s030_v7_030.jpg,20,7,30,True,26,1050,0.7517350463114839,0.24528301886792453,1,106,1,1,1,1
104,0022_s003_v3_007.jpg,22,3,3,True,7,1053,0.07698953085624705,0.021739130434782608,6,322,0,0,1,1
105,0022_s003_v5_008.jpg,22,5,3,True,7,1053,0.14197663240275496,0.019830028328611898,3,353,0,1,1,1
106,0022_s012_v4_000.jpg,22,4,12,True,7,1053,0.24123940195368768,0.0673076923076923,1,104,1,1,1,1
107,0022_s012_v7_001.jpg,22,7,12,True,7,1053,0.3784627897981935,0.06086956521739131,1,115,1,1,1,1
108,0022_s019_v0_002.jpg,22,0,19,True,4,1050,0.12566665478863034,0.018957345971563982,3,211,0,1,1,1
109,0022_s019_v3_003.jpg,22,3,19,True,4,1050,0.38763810715030234,0.0975609756097561,1,41,1,1,1,1
110,0022_s019_v4_004.jpg,22,4,19,True,4,1050,0.10956114448630487,0.06557377049180328,5,61,0,1,1,1
111,0022_s019_v5_005.jpg,22,5,19,True,4,1050,0.17468840683126396,0.07692307692307693,2,52,0,1,1,1
112,0022_s019_v7_006.jpg,22,7,19,True,4,1050,0.294327731092437,0.0392156862745098,1,102,1,1,1,1
113,0024_s000_v0_026.jpg,24,0,0,True,26,1047,0.2604721525604434,0.11158798283261803,5,233,0,1,1,1
114,0024_s000_v1_030.jpg,24,1,0,True,26,1047,0.26777359660553207,0.09558823529411764,4,272,0,1,1,1
115,0024_s000_v2_028.jpg,24,2,0,True,26,1047,0.4161890681735519,0.11711711711711711,2,222,0,1,1,1
116,0024_s000_v3_031.jpg,24,3,0,True,26,1047,0.255480329317986,0.0896551724137931,4,290,0,1,1,1
117,0024_s000_v4_027.jpg,24,4,0,True,26,1047,0.09014324291749484,0.05803571428571429,12,448,0,0,0,1
118,0024_s000_v5_032.jpg,24,5,0,True,26,1047,0.08586925303966735,0.07123287671232877,25,365,0,0,0,0
119,0024_s000_v6_029.jpg,24,6,0,True,26,1047,0.21477736683754722,0.05009633911368015,1,519,1,1,1,1
120,0024_s000_v7_033.jpg,24,7,0,True,26,1047,0.22517010400185397,0.08099688473520249,7,321,0,0,1,1
121,0024_s003_v0_004.jpg,24,0,3,True,31,1052,0.356902148020242,0.06981981981981981,1,444,1,1,1,1
122,0024_s003_v5_005.jpg,24,5,3,True,31,1052,0.28893511878057043,0.08857142857142856,3,350,0,1,1,1
123,0024_s003_v6_006.jpg,24,6,3,True,31,1052,0.1964964120429931,0.047839506172839504,5,648,0,1,1,1
124,0024_s012_v0_000.jpg,24,0,12,True,30,1051,0.35391100627884525,0.10273972602739725,1,292,1,1,1,1
125,0024_s012_v3_001.jpg,24,3,12,True,30,1051,0.26627324175647865,0.10526315789473684,7,285,0,0,1,1
126,0024_s012_v5_002.jpg,24,5,12,True,30,1051,0.26139133202278475,0.0967741935483871,3,310,0,1,1,1
127,0024_s012_v7_003.jpg,24,7,12,True,30,1051,0.2183822844732378,0.07731958762886598,2,388,0,1,1,1
128,0024_s025_v0_007.jpg,24,0,25,True,27,1048,0.38309382330130903,0.2231404958677686,3,121,0,1,1,1
129,0024_s025_v1_008.jpg,24,1,25,True,27,1048,0.3096900491069465,0.11538461538461539,4,234,0,1,1,1
130,0024_s025_v2_009.jpg,24,2,25,True,27,1048,0.4537492219641283,0.20610687022900764,1,131,1,1,1,1
131,0024_s025_v3_010.jpg,24,3,25,True,27,1048,0.26363037934608186,0.125,4,216,0,1,1,1
132,0024_s025_v4_011.jpg,24,4,25,True,27,1048,0.21431314004603372,0.06235565819861432,3,433,0,1,1,1
133,0024_s025_v5_012.jpg,24,5,25,True,27,1048,0.1498895026496756,0.04576271186440678,1,590,1,1,1,1
134,0024_s025_v7_013.jpg,24,7,25,True,27,1048,0.18223328867540134,0.08598726114649681,2,314,0,1,1,1
135,0024_s028_v0_014.jpg,24,0,28,True,26,1047,0.1507484635387555,0.05531914893617021,6,470,0,0,1,1
136,0024_s028_v1_015.jpg,24,1,28,True,26,1047,0.31609286893577554,0.12093023255813953,2,215,0,1,1,1
137,0024_s028_v2_016.jpg,24,2,28,True,26,1047,0.3897119221949946,0.11926605504587157,4,218,0,1,1,1
138,0024_s028_v3_017.jpg,24,3,28,True,26,1047,0.3577082934884841,0.09059233449477352,3,287,0,1,1,1
139,0024_s028_v4_018.jpg,24,4,28,True,26,1047,0.20939656535374443,0.08306709265175719,1,313,1,1,1,1
140,0024_s028_v5_019.jpg,24,5,28,True,26,1047,0.09298284373994245,0.0377906976744186,9,688,0,0,1,1
141,0024_s028_v6_020.jpg,24,6,28,True,26,1047,0.2783445241246162,0.04075235109717868,1,638,1,1,1,1
142,0024_s028_v7_021.jpg,24,7,28,True,26,1047,0.2303945395566132,0.04113924050632911,2,632,0,1,1,1
143,0024_s029_v1_022.jpg,24,1,29,True,30,1051,0.2441190333079749,0.05791505791505792,2,518,0,1,1,1
144,0024_s029_v2_023.jpg,24,2,29,True,30,1051,0.11846901196379106,0.055248618784530384,7,543,0,0,1,1
145,0024_s029_v3_024.jpg,24,3,29,True,30,1051,0.1475715377475733,0.05714285714285714,3,525,0,1,1,1
146,0024_s029_v7_025.jpg,24,7,29,True,30,1051,0.2097956391615565,0.06787330316742081,2,442,0,1,1,1
147,0026_s002_v2_000.jpg,26,2,2,True,22,1053,0.4192466921040648,0.17886178861788618,1,123,1,1,1,1
148,0026_s002_v4_001.jpg,26,4,2,True,22,1053,0.07016652129317914,0.040515653775322284,4,543,0,1,1,1
149,0026_s003_v1_007.jpg,26,1,3,True,21,1052,0.179462808950153,0.06287425149700598,2,334,0,1,1,1
150,0026_s003_v3_008.jpg,26,3,3,True,21,1052,0.2210625120856348,0.06231454005934718,1,337,1,1,1,1
151,0026_s003_v5_009.jpg,26,5,3,True,21,1052,0.1979066361724399,0.09375,1,224,1,1,1,1
152,0026_s005_v1_022.jpg,26,1,5,True,22,1053,0.31057782567090025,0.09523809523809523,1,231,1,1,1,1
153,0026_s005_v3_023.jpg,26,3,5,True,22,1053,0.22390651010980794,0.11702127659574468,3,188,0,1,1,1
154,0026_s014_v1_002.jpg,26,1,14,True,22,1053,0.3438884181614904,0.14012738853503184,1,157,1,1,1,1
155,0026_s014_v4_003.jpg,26,4,14,True,22,1053,0.21440659376078672,0.0718954248366013,1,306,1,1,1,1
156,0026_s020_v4_004.jpg,26,4,20,True,21,1052,0.14602279327549605,0.03436988543371522,3,611,0,1,1,1
157,0026_s020_v5_005.jpg,26,5,20,True,21,1052,0.17570769799320735,0.03453947368421053,3,608,0,1,1,1
158,0026_s020_v7_006.jpg,26,7,20,True,21,1052,0.12587937830696108,0.03471074380165289,5,605,0,1,1,1
159,0026_s025_v0_010.jpg,26,0,25,True,18,1049,0.19724862684863684,0.06020066889632107,1,299,1,1,1,1
160,0026_s025_v1_011.jpg,26,1,25,True,18,1049,0.09725629929768437,0.037422037422037424,3,481,0,1,1,1
161,0026_s025_v4_012.jpg,26,4,25,True,18,1049,0.055125519809126715,0.025280898876404494,27,712,0,0,0,0
162,0026_s025_v5_013.jpg,26,5,25,True,18,1049,0.536814916605776,0.06521739130434782,1,276,1,1,1,1
163,0026_s025_v6_014.jpg,26,6,25,True,18,1049,0.36384123316878436,0.03938730853391685,1,457,1,1,1,1
164,0026_s025_v7_015.jpg,26,7,25,True,18,1049,0.19390514369315276,0.04195804195804196,3,429,0,1,1,1
165,0026_s027_v1_016.jpg,26,1,27,True,18,1049,0.27576351560306644,0.05504587155963303,1,327,1,1,1,1
166,0026_s027_v3_017.jpg,26,3,27,True,18,1049,0.40612972398379976,0.07792207792207792,1,231,1,1,1,1
167,0026_s027_v4_018.jpg,26,4,27,True,18,1049,0.29251052784275045,0.03991130820399113,1,451,1,1,1,1
168,0026_s027_v5_019.jpg,26,5,27,True,18,1049,0.47469838751593874,0.0759493670886076,1,237,1,1,1,1
169,0026_s027_v6_020.jpg,26,6,27,True,18,1049,0.33450443975141847,0.036290322580645164,1,496,1,1,1,1
170,0026_s027_v7_021.jpg,26,7,27,True,18,1049,0.4264809482373777,0.08823529411764706,1,204,1,1,1,1
171,0030_s004_v5_002.jpg,30,5,4,True,4,1053,0.176252276867031,0.03278688524590164,5,122,0,1,1,1
172,0030_s004_v7_003.jpg,30,7,4,True,4,1053,0.32296149177976385,0.07547169811320754,1,53,1,1,1,1
173,0030_s005_v5_004.jpg,30,5,5,True,4,1053,0.2184065934065934,0.19047619047619047,6,21,0,0,1,1
174,0030_s005_v7_005.jpg,30,7,5,True,4,1053,0.5341656987998451,0.06349206349206349,1,63,1,1,1,1
175,0030_s018_v0_000.jpg,30,0,18,True,4,1053,0.07904841181755722,0.025157232704402517,5,159,0,1,1,1
176,0030_s018_v3_001.jpg,30,3,18,True,4,1053,0.2473776223776224,0.3076923076923077,4,13,0,1,1,1
177,0034_s004_v1_006.jpg,34,1,4,True,11,1053,0.6187383620351347,0.09565217391304348,1,115,1,1,1,1
178,0034_s004_v3_007.jpg,34,3,4,True,11,1053,0.6318764568764569,0.16666666666666666,1,66,1,1,1,1
179,0034_s005_v1_008.jpg,34,1,5,True,10,1052,0.5623726273726273,0.2564102564102564,2,39,0,1,1,1
180,0034_s005_v3_009.jpg,34,3,5,True,10,1052,0.5022988122988122,0.14285714285714285,1,70,1,1,1,1
181,0034_s005_v7_010.jpg,34,7,5,True,10,1052,0.353590319384893,0.12345679012345678,2,81,0,1,1,1
182,0034_s009_v1_011.jpg,34,1,9,True,11,1053,0.5401989622577857,0.08148148148148149,1,135,1,1,1,1
183,0034_s009_v3_012.jpg,34,3,9,True,11,1053,0.6039501098394991,0.13095238095238096,1,84,1,1,1,1
184,0034_s014_v1_000.jpg,34,1,14,True,10,1052,0.27200718740130003,0.04524886877828054,1,221,1,1,1,1
185,0034_s014_v3_001.jpg,34,3,14,True,10,1052,0.4542511338410976,0.11764705882352941,1,85,1,1,1,1
186,0034_s014_v4_002.jpg,34,4,14,True,10,1052,0.3696282510886109,0.10989010989010989,1,91,1,1,1,1
187,0034_s018_v1_003.jpg,34,1,18,True,10,1052,0.4149228094750483,0.03731343283582089,1,268,1,1,1,1
188,0034_s018_v3_004.jpg,34,3,18,True,10,1052,0.42576098515833805,0.09433962264150944,1,106,1,1,1,1
189,0034_s018_v5_005.jpg,34,5,18,True,10,1052,0.18875226306560142,0.05405405405405406,3,185,0,1,1,1
190,0036_s000_v0_011.jpg,36,0,0,True,11,1048,0.013281988748666684,0.015580736543909348,208,706,0,0,0,0
191,0036_s000_v1_015.jpg,36,1,0,True,11,1048,0.010835233345560141,0.014120667522464698,340,779,0,0,0,0
192,0036_s000_v2_013.jpg,36,2,0,True,11,1048,0.014069261828055419,0.01757188498402556,277,626,0,0,0,0
193,0036_s000_v3_016.jpg,36,3,0,True,11,1048,0.012705190116618114,0.012415349887133182,201,886,0,0,0,0
194,0036_s000_v4_012.jpg,36,4,0,True,11,1048,0.013629433936779982,0.012087912087912088,144,910,0,0,0,0
195,0036_s000_v5_017.jpg,36,5,0,True,11,1048,0.01699662259779974,0.018211920529801324,78,604,0,0,0,0
196,0036_s000_v6_014.jpg,36,6,0,True,11,1048,0.01978774009921874,0.019891500904159132,138,553,0,0,0,0
197,0036_s004_v1_003.jpg,36,1,4,True,16,1053,0.37207589370184807,0.035555555555555556,1,450,1,1,1,1
198,0036_s004_v3_004.jpg,36,3,4,True,16,1053,0.18540145998510116,0.041237113402061855,4,388,0,1,1,1
199,0036_s007_v6_005.jpg,36,6,7,True,17,1054,0.1258700997029126,0.035416666666666666,2,480,0,1,1,1
200,0036_s008_v1_006.jpg,36,1,8,True,16,1053,0.37783642806847617,0.029411764705882353,1,544,1,1,1,1
201,0036_s008_v7_007.jpg,36,7,8,True,16,1053,0.22943258059752925,0.03368421052631579,1,475,1,1,1,1
202,0036_s009_v1_008.jpg,36,1,9,True,15,1052,0.28118470578444615,0.036231884057971016,1,414,1,1,1,1
203,0036_s009_v4_009.jpg,36,4,9,True,15,1052,0.11723468979707241,0.033185840707964605,4,452,0,1,1,1
204,0036_s009_v7_010.jpg,36,7,9,True,15,1052,0.21775161064222553,0.033707865168539325,2,445,0,1,1,1
205,0036_s012_v1_000.jpg,36,1,12,True,15,1052,0.26298500577785416,0.022865853658536585,1,656,1,1,1,1
206,0036_s012_v4_001.jpg,36,4,12,True,15,1052,0.2739022170203206,0.032397408207343416,1,463,1,1,1,1
207,0036_s012_v7_002.jpg,36,7,12,True,15,1052,0.2300014449581368,0.0205761316872428,1,729,1,1,1,1
208,0045_s005_v1_000.jpg,45,1,5,True,3,1052,0.4777777777777777,0.6,3,5,0,1,1,1
209,0045_s005_v3_001.jpg,45,3,5,True,3,1052,0.8055555555555555,0.75,1,4,1,1,1,1
210,0045_s005_v7_002.jpg,45,7,5,True,3,1052,0.9166666666666666,0.75,1,4,1,1,1,1
211,0045_s009_v1_003.jpg,45,1,9,True,3,1052,1.0,1.0,1,3,1,1,1,1
212,0045_s009_v3_004.jpg,45,3,9,True,3,1052,0.8055555555555555,0.75,1,4,1,1,1,1
213,0045_s009_v5_005.jpg,45,5,9,True,3,1052,0.8055555555555555,0.75,1,4,1,1,1,1
214,0047_s005_v1_003.jpg,47,1,5,True,6,1053,0.3561201855212744,0.20689655172413793,3,29,0,1,1,1
215,0047_s005_v2_004.jpg,47,2,5,True,6,1053,0.6127990430622009,0.3,1,20,1,1,1,1
216,0047_s009_v1_005.jpg,47,1,9,True,5,1052,0.3287823287823288,0.2777777777777778,2,18,0,1,1,1
217,0047_s009_v4_006.jpg,47,4,9,True,5,1052,0.12804232804232804,0.07142857142857142,6,70,0,0,1,1
218,0047_s009_v7_007.jpg,47,7,9,True,5,1052,0.2446094446094446,0.13513513513513514,3,37,0,1,1,1
219,0047_s018_v0_000.jpg,47,0,18,True,5,1052,0.21411318150448583,0.21739130434782608,4,23,0,1,1,1
220,0047_s018_v1_001.jpg,47,1,18,True,5,1052,0.19704032809295965,0.25,7,20,0,0,1,1
221,0047_s018_v7_002.jpg,47,7,18,True,5,1052,0.3987682252388135,0.2777777777777778,1,18,1,1,1,1
222,0059_s007_v2_015.jpg,59,2,7,True,18,1053,0.7207874115392138,0.17647058823529413,1,102,1,1,1,1
223,0059_s007_v7_016.jpg,59,7,7,True,18,1053,0.43944486445240544,0.08144796380090498,2,221,0,1,1,1
224,0059_s011_v1_017.jpg,59,1,11,True,17,1052,0.08265243365611977,0.03353057199211045,2,507,0,1,1,1
225,0059_s011_v5_018.jpg,59,5,11,True,17,1052,0.2015148957055431,0.042606516290726815,1,399,1,1,1,1
226,0059_s011_v7_019.jpg,59,7,11,True,17,1052,0.14921467058972798,0.03262955854126679,2,521,0,1,1,1
227,0059_s015_v1_000.jpg,59,1,15,True,17,1052,0.26902989299427205,0.125,5,136,0,1,1,1
228,0059_s015_v2_001.jpg,59,2,15,True,17,1052,0.48575201944029206,0.23943661971830985,1,71,1,1,1,1
229,0059_s015_v6_002.jpg,59,6,15,True,17,1052,0.48999658810012625,0.17894736842105263,1,95,1,1,1,1
230,0059_s016_v0_003.jpg,59,0,16,True,18,1053,0.17168727998504563,0.0694980694980695,1,259,1,1,1,1
231,0059_s016_v7_004.jpg,59,7,16,True,18,1053,0.3297060041252248,0.09045226130653267,1,199,1,1,1,1
232,0059_s021_v1_005.jpg,59,1,21,True,16,1051,0.14142435142570292,0.0851063829787234,10,188,0,0,1,1
233,0059_s021_v2_006.jpg,59,2,21,True,16,1051,0.4511487223506461,0.1797752808988764,2,89,0,1,1,1
234,0059_s021_v3_007.jpg,59,3,21,True,16,1051,0.31807115152458987,0.0893854748603352,3,179,0,1,1,1
235,0059_s021_v7_008.jpg,59,7,21,True,16,1051,0.6900853916573998,0.09195402298850575,1,174,1,1,1,1
236,0059_s028_v0_009.jpg,59,0,28,True,14,1049,0.26832278131170323,0.06422018348623854,1,218,1,1,1,1
237,0059_s028_v1_010.jpg,59,1,28,True,14,1049,0.5598874467382463,0.2028985507246377,1,69,1,1,1,1
238,0059_s028_v2_011.jpg,59,2,28,True,14,1049,0.24846803130918368,0.05785123966942149,1,242,1,1,1,1
239,0059_s028_v5_012.jpg,59,5,28,True,14,1049,0.4552998620601474,0.16279069767441862,2,86,0,1,1,1
240,0059_s028_v6_013.jpg,59,6,28,True,14,1049,0.20404740742471508,0.12280701754385964,2,114,0,1,1,1
241,0059_s028_v7_014.jpg,59,7,28,True,14,1049,0.5363193224994467,0.12727272727272726,1,110,1,1,1,1
242,0063_s007_v0_007.jpg,63,0,7,True,7,1052,0.1910640446096031,0.08139534883720931,4,86,0,1,1,1
243,0063_s007_v2_008.jpg,63,2,7,True,7,1052,0.4749596499596499,0.1891891891891892,1,37,1,1,1,1
244,0063_s007_v3_009.jpg,63,3,7,True,7,1052,0.8429499072356216,0.6363636363636364,1,11,1,1,1,1
245,0063_s025_v0_000.jpg,63,0,25,True,3,1048,0.012599180712282616,0.009615384615384616,94,312,0,0,0,0
246,0063_s025_v1_001.jpg,63,1,25,True,3,1048,0.08528138528138529,0.02727272727272727,5,110,0,1,1,1
247,0063_s025_v3_002.jpg,63,3,25,True,3,1048,0.03187613843351548,0.012295081967213115,28,244,0,0,0,0
248,0063_s025_v4_003.jpg,63,4,25,True,3,1048,0.021095133418819075,0.018867924528301886,40,159,0,0,0,0
249,0063_s025_v5_004.jpg,63,5,25,True,3,1048,0.05446315216734176,0.02158273381294964,8,139,0,0,1,1
250,0063_s025_v6_005.jpg,63,6,25,True,3,1048,0.06307723331316797,0.008771929824561403,6,342,0,0,1,1
251,0063_s025_v7_006.jpg,63,7,25,True,3,1048,0.05471793673055944,0.016304347826086956,12,184,0,0,0,1
252,0069_s008_v2_003.jpg,69,2,8,True,3,1052,0.16036414565826332,0.08823529411764706,4,34,0,1,1,1
253,0069_s008_v4_004.jpg,69,4,8,True,3,1052,0.04599578281262845,0.014218009478672985,9,211,0,0,1,1
254,0069_s008_v7_005.jpg,69,7,8,True,3,1052,0.104227761485826,0.0967741935483871,11,31,0,0,0,1
255,0069_s012_v1_000.jpg,69,1,12,True,3,1052,0.02936821632473807,0.009316770186335404,22,322,0,0,0,0
256,0069_s012_v5_001.jpg,69,5,12,True,3,1052,0.012525249481478257,0.007334963325183374,69,409,0,0,0,0
257,0069_s012_v7_002.jpg,69,7,12,True,3,1052,0.025142566809233477,0.011363636363636364,27,264,0,0,0,0
258,0075_s009_v3_016.jpg,75,3,9,True,16,1052,0.10557937800411553,0.0299625468164794,5,534,0,1,1,1
259,0075_s009_v5_017.jpg,75,5,9,True,16,1052,0.26023406681729017,0.03902439024390244,3,410,0,1,1,1
260,0075_s009_v7_018.jpg,75,7,9,True,16,1052,0.06596441310291355,0.02416918429003021,9,662,0,0,1,1
261,0075_s012_v1_000.jpg,75,1,12,True,16,1052,0.19220874623299117,0.0443213296398892,1,361,1,1,1,1
262,0075_s012_v3_001.jpg,75,3,12,True,16,1052,0.48831959208954373,0.22535211267605634,1,71,1,1,1,1
263,0075_s012_v4_002.jpg,75,4,12,True,16,1052,0.4675280224898526,0.0784313725490196,1,204,1,1,1,1
264,0075_s019_v0_003.jpg,75,0,19,True,16,1052,0.12183531082193616,0.045454545454545456,1,352,1,1,1,1
265,0075_s019_v3_004.jpg,75,3,19,True,16,1052,0.47558084958623853,0.02450229709035222,1,653,1,1,1,1
266,0075_s019_v5_005.jpg,75,5,19,True,16,1052,0.13406147695690462,0.03836930455635491,7,417,0,0,1,1
267,0075_s021_v1_006.jpg,75,1,21,True,15,1051,0.11710312344808631,0.06382978723404255,6,235,0,0,1,1
268,0075_s021_v5_007.jpg,75,5,21,True,15,1051,0.0796911881168865,0.048859934853420196,22,307,0,0,0,0
269,0075_s021_v6_008.jpg,75,6,21,True,15,1051,0.19355025790542169,0.058365758754863814,3,257,0,1,1,1
270,0075_s021_v7_009.jpg,75,7,21,True,15,1051,0.1585215859307705,0.06726457399103139,5,223,0,1,1,1
271,0075_s029_v0_010.jpg,75,0,29,True,13,1049,0.15119577408380286,0.04391891891891892,1,296,1,1,1,1
272,0075_s029_v1_011.jpg,75,1,29,True,13,1049,0.22648614586098545,0.104,5,125,0,1,1,1
273,0075_s029_v2_012.jpg,75,2,29,True,13,1049,0.2710462326113732,0.06770833333333333,1,192,1,1,1,1
274,0075_s029_v3_013.jpg,75,3,29,True,13,1049,0.3225861066139749,0.09558823529411764,1,136,1,1,1,1
275,0075_s029_v5_014.jpg,75,5,29,True,13,1049,0.34955082526696213,0.09090909090909091,2,143,0,1,1,1
276,0075_s029_v6_015.jpg,75,6,29,True,13,1049,0.293638675233857,0.045936395759717315,1,283,1,1,1,1
277,0079_s010_v1_006.jpg,79,1,10,True,6,1053,0.4648402081010777,0.020066889632107024,1,299,1,1,1,1
278,0079_s010_v3_007.jpg,79,3,10,True,6,1053,0.5657046657046657,0.4,1,15,1,1,1,1
279,0079_s013_v1_000.jpg,79,1,13,True,6,1053,0.48360119135328095,0.011009174311926606,1,545,1,1,1,1
280,0079_s013_v3_001.jpg,79,3,13,True,6,1053,0.6586718524920773,0.06741573033707865,1,89,1,1,1,1
281,0079_s022_v1_002.jpg,79,1,22,True,4,1051,0.5791666666666666,0.4,2,10,0,1,1,1
282,0079_s022_v3_003.jpg,79,3,22,True,4,1051,0.266013437849944,0.0851063829787234,2,47,0,1,1,1
283,0079_s022_v4_004.jpg,79,4,22,True,4,1051,0.06905810907358895,0.1,26,40,0,0,0,0
284,0079_s022_v5_005.jpg,79,5,22,True,4,1051,0.3228186556555879,0.05063291139240506,1,79,1,1,1,1
285,0088_s010_v1_007.jpg,88,1,10,True,7,1052,0.2681488074796224,0.025454545454545455,1,275,1,1,1,1
286,0088_s010_v3_008.jpg,88,3,10,True,7,1052,0.014922962633569207,0.012131715771230503,54,577,0,0,0,0
287,0088_s010_v7_009.jpg,88,7,10,True,7,1052,0.2678272610404108,0.03017241379310345,1,232,1,1,1,1
288,0088_s013_v2_000.jpg,88,2,13,True,7,1052,0.5781159561806832,0.18421052631578946,1,38,1,1,1,1
289,0088_s013_v4_001.jpg,88,4,13,True,7,1052,0.053953874723577155,0.03867403314917127,10,181,0,0,1,1
290,0088_s013_v7_002.jpg,88,7,13,True,7,1052,0.02787194960475352,0.013513513513513514,14,518,0,0,0,1
291,0088_s015_v1_003.jpg,88,1,15,True,8,1053,0.03612090454414443,0.015065913370998116,13,531,0,0,0,1
292,0088_s015_v7_004.jpg,88,7,15,True,8,1053,0.12184817921327956,0.04790419161676647,4,167,0,1,1,1
293,0088_s022_v1_005.jpg,88,1,22,True,8,1053,0.4219963476114724,0.032,1,250,1,1,1,1
294,0088_s022_v7_006.jpg,88,7,22,True,8,1053,0.29724648984334523,0.06153846153846154,1,130,1,1,1,1
295,0090_s000_v0_003.jpg,90,0,0,True,3,1047,0.0029375672625141084,0.004166666666666667,612,720,0,0,0,0
296,0090_s000_v1_007.jpg,90,1,0,True,3,1047,0.010057434118658651,0.013761467889908258,139,218,0,0,0,0
297,0090_s000_v2_005.jpg,90,2,0,True,3,1047,0.007818862512003305,0.010830324909747292,198,277,0,0,0,0
298,0090_s000_v3_008.jpg,90,3,0,True,3,1047,0.007194471256971258,0.009009009009009009,210,333,0,0,0,0
299,0090_s000_v4_004.jpg,90,4,0,True,3,1047,0.003143809709057812,0.004207573632538569,434,713,0,0,0,0
300,0090_s000_v5_009.jpg,90,5,0,True,3,1047,0.009745413316841887,0.012244897959183673,120,245,0,0,0,0
301,0090_s000_v6_006.jpg,90,6,0,True,3,1047,0.0036715279087231093,0.004451038575667656,368,674,0,0,0,0
302,0090_s000_v7_010.jpg,90,7,0,True,3,1047,0.010130202468569867,0.00949367088607595,118,316,0,0,0,0
303,0090_s010_v1_000.jpg,90,1,10,True,8,1052,0.007841185444063089,0.00975609756097561,235,820,0,0,0,0
304,0090_s010_v3_001.jpg,90,3,10,True,8,1052,0.006287543500901549,0.00980392156862745,367,816,0,0,0,0
305,0090_s010_v5_002.jpg,90,5,10,True,8,1052,0.007148238565531643,0.008040201005025126,192,995,0,0,0,0
306,0092_s010_v1_004.jpg,92,1,10,True,4,1052,0.6408730158730158,0.06349206349206349,1,63,1,1,1,1
307,0092_s010_v4_005.jpg,92,4,10,True,4,1052,0.07798229636020837,0.042105263157894736,5,95,0,1,1,1
308,0092_s010_v7_006.jpg,92,7,10,True,4,1052,0.5416666666666666,0.25,1,16,1,1,1,1
309,0092_s022_v0_000.jpg,92,0,22,True,3,1051,0.6143790849673202,0.17647058823529413,1,17,1,1,1,1
310,0092_s022_v1_001.jpg,92,1,22,True,3,1051,0.4756944444444444,0.09375,1,32,1,1,1,1
311,0092_s022_v3_002.jpg,92,3,22,True,3,1051,0.39999999999999997,0.2,2,15,0,1,1,1
312,0092_s022_v7_003.jpg,92,7,22,True,3,1051,0.5878136200716845,0.0967741935483871,1,31,1,1,1,1
313,0094_s011_v0_020.jpg,94,0,11,True,20,1053,0.07471835492528914,0.01998001998001998,4,1001,0,1,1,1
314,0094_s011_v3_021.jpg,94,3,11,True,20,1053,0.26255028534661984,0.10204081632653061,1,196,1,1,1,1
315,0094_s013_v4_000.jpg,94,4,13,True,20,1053,0.2184503202597695,0.04962779156327544,1,403,1,1,1,1
316,0094_s013_v7_001.jpg,94,7,13,True,20,1053,0.15991917940041386,0.023809523809523808,1,840,1,1,1,1
317,0094_s015_v4_002.jpg,94,4,15,True,20,1053,0.04106134791149124,0.02574002574002574,5,777,0,1,1,1
318,0094_s015_v7_003.jpg,94,7,15,True,20,1053,0.2636393784562592,0.02145922746781116,2,932,0,1,1,1
319,0094_s016_v1_004.jpg,94,1,16,True,20,1053,0.3679135373264556,0.025252525252525252,1,792,1,1,1,1
320,0094_s016_v7_005.jpg,94,7,16,True,20,1053,0.3250872341325768,0.0392156862745098,1,510,1,1,1,1
321,0094_s023_v0_006.jpg,94,0,23,True,17,1050,0.15219886870930024,0.016221374045801526,1,1048,1,1,1,1
322,0094_s023_v1_007.jpg,94,1,23,True,17,1050,0.057802816450894634,0.016472868217054265,3,1032,0,1,1,1
323,0094_s023_v2_008.jpg,94,2,23,True,17,1050,0.024663540777231825,0.019187358916478554,33,886,0,0,0,0
324,0094_s023_v6_009.jpg,94,6,23,True,17,1050,0.195094324498156,0.031423290203327174,1,541,1,1,1,1
325,0094_s023_v6_010.jpg,94,6,23,True,17,1050,0.056695174874966336,0.01768990634755463,4,961,0,1,1,1
326,0094_s024_v0_011.jpg,94,0,24,True,16,1049,0.03158122735705216,0.026755852842809364,34,598,0,0,0,0
327,0094_s024_v1_012.jpg,94,1,24,True,16,1049,0.17412954299156613,0.019002375296912115,2,842,0,1,1,1
328,0094_s024_v3_013.jpg,94,3,24,True,16,1049,0.27468268404015084,0.03007518796992481,1,532,1,1,1,1
329,0094_s024_v4_014.jpg,94,4,24,True,16,1049,0.12243046842480812,0.03644646924829157,9,439,0,0,1,1
330,0094_s024_v5_015.jpg,94,5,24,True,16,1049,0.03790641305280085,0.022377622377622378,15,715,0,0,0,1
331,0094_s024_v7_016.jpg,94,7,24,True,16,1049,0.34119530370929274,0.018497109826589597,1,865,1,1,1,1
332,0094_s028_v4_017.jpg,94,4,28,True,19,1052,0.13740512012777573,0.07392996108949416,2,257,0,1,1,1
333,0094_s028_v6_018.jpg,94,6,28,True,19,1052,0.20543589567195736,0.051771117166212535,1,367,1,1,1,1
334,0094_s028_v7_019.jpg,94,7,28,True,19,1052,0.406375259732674,0.06031746031746032,1,315,1,1,1,1
335,0096_s011_v3_010.jpg,96,3,11,True,10,1052,0.02141600405365815,0.01584786053882726,72,631,0,0,0,0
336,0096_s011_v5_011.jpg,96,5,11,True,10,1052,0.17431766441368213,0.02358490566037736,2,424,0,1,1,1
337,0096_s011_v7_012.jpg,96,7,11,True,10,1052,0.048239387553777775,0.015128593040847202,8,661,0,0,1,1
338,0096_s015_v0_000.jpg,96,0,15,True,10,1052,0.3575765772673842,0.01282051282051282,1,780,1,1,1,1
339,0096_s015_v4_001.jpg,96,4,15,True,10,1052,0.1318937001618396,0.01422475106685633,1,703,1,1,1,1
340,0096_s015_v6_002.jpg,96,6,15,True,10,1052,0.3267874423009058,0.02967359050445104,2,337,0,1,1,1
341,0096_s022_v4_003.jpg,96,4,22,True,11,1053,0.14775213304537105,0.012514220705346985,1,879,1,1,1,1
342,0096_s022_v7_004.jpg,96,7,22,True,11,1053,0.23423682618440836,0.027777777777777776,1,396,1,1,1,1
343,0096_s024_v5_005.jpg,96,5,24,True,11,1053,0.05951034526949017,0.01371571072319202,5,802,0,1,1,1
344,0096_s024_v7_006.jpg,96,7,24,True,11,1053,0.16226515575074738,0.026004728132387706,1,423,1,1,1,1
345,0096_s028_v0_007.jpg,96,0,28,True,10,1052,0.11731620478540836,0.014705882352941176,1,680,1,1,1,1
346,0096_s028_v5_008.jpg,96,5,28,True,10,1052,0.09762978071886334,0.046296296296296294,7,216,0,0,1,1
347,0096_s028_v7_009.jpg,96,7,28,True,10,1052,0.32192003776622646,0.04310344827586207,1,232,1,1,1,1
348,0100_s011_v1_010.jpg,100,1,11,True,10,1053,0.7597665814968593,0.09900990099009901,1,101,1,1,1,1
349,0100_s011_v4_011.jpg,100,4,11,True,10,1053,0.17395028580537905,0.2,7,50,0,0,1,1
350,0100_s017_v0_000.jpg,100,0,17,True,9,1052,0.42658193794714044,0.09,1,100,1,1,1,1
351,0100_s017_v1_001.jpg,100,1,17,True,9,1052,0.6645515917255048,0.11538461538461539,1,78,1,1,1,1
352,0100_s017_v3_002.jpg,100,3,17,True,9,1052,0.6490179573512908,0.16363636363636364,1,55,1,1,1,1
353,0100_s025_v0_003.jpg,100,0,25,True,5,1048,0.10263431013431012,0.0625,9,80,0,0,1,1
354,0100_s025_v1_004.jpg,100,1,25,True,5,1048,0.47438423645320194,0.08620689655172414,1,58,1,1,1,1
355,0100_s025_v2_005.jpg,100,2,25,True,5,1048,0.474120082815735,0.10869565217391304,1,46,1,1,1,1
356,0100_s025_v3_006.jpg,100,3,25,True,5,1048,0.391812865497076,0.05555555555555555,1,90,1,1,1,1
357,0100_s025_v4_007.jpg,100,4,25,True,5,1048,0.3217201437891093,0.08620689655172414,1,58,1,1,1,1
358,0100_s025_v5_008.jpg,100,5,25,True,5,1048,0.290112622368535,0.02577319587628866,1,194,1,1,1,1
359,0100_s025_v7_009.jpg,100,7,25,True,5,1048,0.20023763722624177,0.04716981132075472,3,106,0,1,1,1
360,0110_s011_v4_002.jpg,110,4,11,True,2,1052,0.3611111111111111,0.2222222222222222,2,9,0,1,1,1
361,0110_s011_v6_003.jpg,110,6,11,True,2,1052,0.04146730462519936,0.030303030303030304,19,66,0,0,0,1
362,0110_s011_v7_004.jpg,110,7,11,True,2,1052,0.28448275862068967,0.06896551724137931,2,29,0,1,1,1
363,0110_s012_v0_000.jpg,110,0,12,True,3,1053,0.09198917025003982,0.046153846153846156,7,65,0,0,1,1
364,0110_s012_v5_001.jpg,110,5,12,True,3,1053,0.16666666666666666,0.16666666666666666,5,18,0,1,1,1
365,0112_s012_v0_000.jpg,112,0,12,True,7,1053,0.3993526860604111,0.043209876543209874,1,162,1,1,1,1
366,0112_s012_v3_001.jpg,112,3,12,True,7,1053,0.21312286371176947,0.024305555555555556,1,288,1,1,1,1
367,0112_s018_v0_002.jpg,112,0,18,True,7,1053,0.16692368295453117,0.013539651837524178,1,517,1,1,1,1
368,0112_s018_v3_003.jpg,112,3,18,True,7,1053,0.22435055018892291,0.022222222222222223,2,315,0,1,1,1
369,0112_s025_v1_004.jpg,112,1,25,True,4,1050,0.7275,0.16,1,25,1,1,1,1
370,0112_s025_v2_005.jpg,112,2,25,True,4,1050,0.10068455640744797,0.04819277108433735,6,83,0,0,1,1
371,0112_s025_v3_006.jpg,112,3,25,True,4,1050,0.5797619047619047,0.01904761904761905,1,210,1,1,1,1
372,0112_s025_v4_007.jpg,112,4,25,True,4,1050,0.07155128509083886,0.0380952380952381,11,105,0,0,0,1
373,0112_s025_v5_008.jpg,112,5,25,True,4,1050,0.48991935483870963,0.043010752688172046,1,93,1,1,1,1
374,0114_s012_v3_000.jpg,114,3,12,True,11,1053,0.25898832158707924,0.035830618892508145,1,307,1,1,1,1
375,0114_s012_v5_001.jpg,114,5,12,True,11,1053,0.34295298594857904,0.03985507246376811,1,276,1,1,1,1
376,0114_s016_v3_002.jpg,114,3,16,True,11,1053,0.32916414536623095,0.08461538461538462,1,130,1,1,1,1
377,0114_s016_v5_003.jpg,114,5,16,True,11,1053,0.33904165096800715,0.08527131782945736,1,129,1,1,1,1
378,0114_s018_v0_004.jpg,114,0,18,True,9,1051,0.3700133275521337,0.14754098360655737,1,61,1,1,1,1
379,0114_s018_v1_005.jpg,114,1,18,True,9,1051,0.3791702213509961,0.16666666666666666,2,54,0,1,1,1
380,0114_s018_v2_006.jpg,114,2,18,True,9,1051,0.5826835607537362,0.23684210526315788,1,38,1,1,1,1
381,0114_s018_v6_007.jpg,114,6,18,True,9,1051,0.7551587301587301,0.375,1,24,1,1,1,1
382,0114_s019_v0_008.jpg,114,0,19,True,8,1050,0.47876260955528344,0.08247422680412371,1,97,1,1,1,1
383,0114_s019_v1_009.jpg,114,1,19,True,8,1050,0.5316868816965841,0.06015037593984962,1,133,1,1,1,1
384,0114_s019_v2_010.jpg,114,2,19,True,8,1050,0.3923654001074114,0.16326530612244897,1,49,1,1,1,1
385,0114_s019_v4_011.jpg,114,4,19,True,8,1050,0.3712885218912384,0.13333333333333333,1,60,1,1,1,1
386,0114_s019_v6_012.jpg,114,6,19,True,8,1050,0.6398330081753995,0.17777777777777778,1,45,1,1,1,1
387,0116_s012_v0_000.jpg,116,0,12,True,4,1052,0.9166666666666666,0.6666666666666666,1,6,1,1,1,1
388,0116_s012_v4_001.jpg,116,4,12,True,4,1052,0.6659090909090909,0.36363636363636365,1,11,1,1,1,1
389,0116_s012_v6_002.jpg,116,6,12,True,4,1052,1.0,1.0,1,4,1,1,1,1
390,0116_s029_v1_003.jpg,116,1,29,True,3,1051,0.18382352941176472,0.17647058823529413,4,17,0,1,1,1
391,0116_s029_v3_004.jpg,116,3,29,True,3,1051,0.1384126984126984,0.12,5,25,0,1,1,1
392,0116_s029_v5_005.jpg,116,5,29,True,3,1051,0.02936641666941994,0.018518518518518517,19,162,0,0,0,1
393,0116_s029_v7_006.jpg,116,7,29,True,3,1051,0.08707264957264955,0.11538461538461539,16,26,0,0,0,1
394,0122_s012_v2_000.jpg,122,2,12,True,10,1052,0.543362577354174,0.046296296296296294,1,216,1,1,1,1
395,0122_s012_v5_001.jpg,122,5,12,True,10,1052,0.23551218293690068,0.030395136778115502,2,329,0,1,1,1
396,0122_s012_v7_002.jpg,122,7,12,True,10,1052,0.4481690376010151,0.05434782608695652,1,184,1,1,1,1
397,0122_s013_v0_003.jpg,122,0,13,True,11,1053,0.061426847114132384,0.039285714285714285,22,280,0,0,0,0
398,0122_s013_v1_004.jpg,122,1,13,True,11,1053,0.05581462261864209,0.037800687285223365,36,291,0,0,0,0
399,0122_s025_v0_005.jpg,122,0,25,True,5,1047,0.08693115177105323,0.10204081632653061,16,49,0,0,0,1
400,0122_s025_v1_006.jpg,122,1,25,True,5,1047,0.10462887989203777,0.05263157894736842,12,95,0,0,0,1
401,0122_s025_v2_007.jpg,122,2,25,True,5,1047,0.2963896272668202,0.023923444976076555,1,209,1,1,1,1
402,0122_s025_v3_008.jpg,122,3,25,True,5,1047,0.16272848438690024,0.02403846153846154,2,208,0,1,1,1
403,0122_s025_v4_009.jpg,122,4,25,True,5,1047,0.2807184971890854,0.03496503496503497,3,143,0,1,1,1
404,0122_s025_v5_010.jpg,122,5,25,True,5,1047,0.41676413255360617,0.1111111111111111,1,45,1,1,1,1
405,0122_s025_v6_011.jpg,122,6,25,True,5,1047,0.40440709617180204,0.049019607843137254,1,102,1,1,1,1
406,0122_s025_v7_012.jpg,122,7,25,True,5,1047,0.06374858663577948,0.046296296296296294,16,108,0,0,0,1
407,0127_s013_v0_000.jpg,127,0,13,True,4,1053,0.28039958407605464,0.026143790849673203,1,153,1,1,1,1
408,0127_s013_v3_001.jpg,127,3,13,True,4,1053,0.3859113300492611,0.13793103448275862,1,29,1,1,1,1
409,0127_s022_v4_002.jpg,127,4,22,True,4,1053,0.10439166097060834,0.13333333333333333,19,30,0,0,0,1
410,0127_s022_v7_003.jpg,127,7,22,True,4,1053,0.3302521008403361,0.23529411764705882,2,17,0,1,1,1
411,0127_s028_v3_004.jpg,127,3,28,True,4,1053,0.06406831472620945,0.05,18,80,0,0,0,1
412,0127_s028_v5_005.jpg,127,5,28,True,4,1053,0.09529761414490844,0.028169014084507043,5,142,0,1,1,1
413,0129_s013_v0_000.jpg,129,0,13,True,13,1052,0.11391552492420352,0.02127659574468085,6,611,0,0,1,1
414,0129_s013_v3_001.jpg,129,3,13,True,13,1052,0.1619082156423497,0.02264808362369338,2,574,0,1,1,1
415,0129_s013_v5_002.jpg,129,5,13,True,13,1052,0.18076992562211958,0.02620967741935484,3,496,0,1,1,1
416,0129_s015_v3_003.jpg,129,3,15,True,13,1052,0.19120539247785515,0.041935483870967745,3,310,0,1,1,1
417,0129_s015_v5_004.jpg,129,5,15,True,13,1052,0.15013807525843784,0.037463976945244955,4,347,0,1,1,1
418,0129_s015_v7_005.jpg,129,7,15,True,13,1052,0.18425153040826808,0.048327137546468404,5,269,0,1,1,1
419,0129_s016_v1_006.jpg,129,1,16,True,14,1053,0.10756705744851949,0.07253886010362694,11,193,0,0,0,1
420,0129_s016_v6_007.jpg,129,6,16,True,14,1053,0.14289385382887226,0.04794520547945205,7,292,0,0,1,1
421,0129_s023_v0_008.jpg,129,0,23,True,11,1050,0.08291691296788682,0.03728813559322034,9,295,0,0,1,1
422,0129_s023_v1_009.jpg,129,1,23,True,11,1050,0.14345992685597755,0.024498886414253896,2,449,0,1,1,1
423,0129_s023_v3_010.jpg,129,3,23,True,11,1050,0.24098665698261554,0.02240325865580448,2,491,0,1,1,1
424,0129_s023_v4_011.jpg,129,4,23,True,11,1050,0.17187540936516835,0.060109289617486336,1,183,1,1,1,1
425,0129_s023_v5_012.jpg,129,5,23,True,11,1050,0.2214641018089409,0.049107142857142856,3,224,0,1,1,1
426,0129_s024_v0_013.jpg,129,0,24,True,13,1052,0.14028700785375772,0.019696969696969695,1,660,1,1,1,1
427,0129_s024_v4_014.jpg,129,4,24,True,13,1052,0.3820125955411654,0.06701030927835051,1,194,1,1,1,1
428,0129_s024_v5_015.jpg,129,5,24,True,13,1052,0.5078281743609572,0.02631578947368421,1,494,1,1,1,1
429,0139_s000_v0_002.jpg,139,0,0,True,2,1047,0.04607843137254902,0.058823529411764705,30,34,0,0,0,0
430,0139_s000_v1_006.jpg,139,1,0,True,2,1047,0.057870370370370364,0.07407407407407407,24,27,0,0,0,0
431,0139_s000_v2_004.jpg,139,2,0,True,2,1047,0.027116402116402115,0.03571428571428571,54,56,0,0,0,0
432,0139_s000_v3_007.jpg,139,3,0,True,2,1047,0.030555555555555555,0.03333333333333333,36,60,0,0,0,0
433,0139_s000_v4_003.jpg,139,4,0,True,2,1047,0.03075489282385834,0.034482758620689655,37,58,0,0,0,0
434,0139_s000_v5_008.jpg,139,5,0,True,2,1047,0.01812039312039312,0.022727272727272728,74,88,0,0,0,0
435,0139_s000_v6_005.jpg,139,6,0,True,2,1047,0.018229166666666664,0.020833333333333332,64,96,0,0,0,0
436,0139_s000_v7_009.jpg,139,7,0,True,2,1047,0.02210526315789474,0.02666666666666667,57,75,0,0,0,0
437,0139_s015_v1_000.jpg,139,1,15,True,8,1053,0.019661334140788564,0.02359882005899705,78,339,0,0,0,0
438,0139_s015_v7_001.jpg,139,7,15,True,8,1053,0.012647390988882783,0.017167381974248927,155,466,0,0,0,0
439,0141_s015_v0_000.jpg,141,0,15,True,5,1052,0.6787301587301586,0.5555555555555556,1,9,1,1,1,1
440,0141_s015_v3_001.jpg,141,3,15,True,5,1052,0.8666666666666666,0.3333333333333333,1,15,1,1,1,1
441,0141_s015_v5_002.jpg,141,5,15,True,5,1052,0.7392857142857142,0.125,1,40,1,1,1,1
442,0141_s023_v0_003.jpg,141,0,23,True,3,1050,0.3194444444444444,0.375,4,8,0,1,1,1
443,0141_s023_v1_004.jpg,141,1,23,True,3,1050,0.6666666666666666,0.3333333333333333,1,9,1,1,1,1
444,0141_s023_v3_005.jpg,141,3,23,True,3,1050,0.7916666666666666,0.375,1,8,1,1,1,1
445,0141_s023_v4_006.jpg,141,4,23,True,3,1050,0.611111111111111,0.16666666666666666,1,18,1,1,1,1
446,0141_s023_v5_007.jpg,141,5,23,True,3,1050,0.7575757575757575,0.2727272727272727,1,11,1,1,1,1
447,0143_s016_v0_000.jpg,143,0,16,True,5,1051,0.8766666666666666,0.8333333333333334,1,6,1,1,1,1
448,0143_s016_v1_001.jpg,143,1,16,True,5,1051,0.9428571428571428,0.7142857142857143,1,7,1,1,1,1
449,0143_s016_v3_002.jpg,143,3,16,True,5,1051,1.0,1.0,1,5,1,1,1,1
450,0143_s016_v5_003.jpg,143,5,16,True,5,1051,1.0,1.0,1,5,1,1,1,1
451,0143_s024_v0_004.jpg,143,0,24,True,4,1050,0.9166666666666666,0.6666666666666666,1,6,1,1,1,1
452,0143_s024_v1_005.jpg,143,1,24,True,4,1050,0.7019230769230769,0.3076923076923077,1,13,1,1,1,1
453,0143_s024_v3_006.jpg,143,3,24,True,4,1050,0.8041666666666667,0.8,1,5,1,1,1,1
454,0143_s024_v4_007.jpg,143,4,24,True,4,1050,0.95,0.8,1,5,1,1,1,1
455,0143_s024_v7_008.jpg,143,7,24,True,4,1050,0.16207264957264958,0.05,3,80,0,1,1,1
456,0145_s016_v0_000.jpg,145,0,16,True,9,1050,0.024620397716722822,0.011479591836734694,21,784,0,0,0,0
457,0145_s016_v3_001.jpg,145,3,16,True,9,1050,0.013100793554088436,0.01272984441301273,110,707,0,0,0,0
458,0145_s016_v4_002.jpg,145,4,16,True,9,1050,0.016612399770780703,0.014173228346456693,57,635,0,0,0,0
459,0145_s016_v5_003.jpg,145,5,16,True,9,1050,0.030007391292106347,0.024930747922437674,30,361,0,0,0,0
460,0145_s016_v7_004.jpg,145,7,16,True,9,1050,0.02360066870337137,0.012465373961218837,37,722,0,0,0,0
461,0145_s023_v0_005.jpg,145,0,23,True,9,1050,0.00523365345897503,0.008645533141210375,584,1041,0,0,0,0
462,0145_s023_v1_006.jpg,145,1,23,True,9,1050,0.01605012517712216,0.01272984441301273,48,707,0,0,0,0
463,0145_s023_v3_007.jpg,145,3,23,True,9,1050,0.027796566019030293,0.02727272727272727,50,330,0,0,0,0
464,0145_s023_v4_008.jpg,145,4,23,True,9,1050,0.009672294628410356,0.012711864406779662,213,708,0,0,0,0
465,0145_s023_v7_009.jpg,145,7,23,True,9,1050,0.00514004412852656,0.008695652173913044,778,1035,0,0,0,0
466,0145_s024_v1_010.jpg,145,1,24,True,10,1051,0.06040259433131286,0.033003300330033,17,303,0,0,0,1
467,0145_s024_v3_011.jpg,145,3,24,True,10,1051,0.03357517731822428,0.01949317738791423,12,513,0,0,0,1
468,0145_s024_v4_012.jpg,145,4,24,True,10,1051,0.025927146811410496,0.016722408026755852,42,598,0,0,0,0
469,0145_s024_v5_013.jpg,145,5,24,True,10,1051,0.028450694325971276,0.01824817518248175,23,548,0,0,0,0
470,0150_s000_v0_007.jpg,150,0,0,True,7,1047,0.020399165407461766,0.010159651669085631,39,689,0,0,0,0
471,0150_s000_v1_011.jpg,150,1,0,True,7,1047,0.04287543449858693,0.021341463414634148,11,328,0,0,0,1
472,0150_s000_v2_009.jpg,150,2,0,True,7,1047,0.03755386210184019,0.019337016574585635,8,362,0,0,1,1
473,0150_s000_v3_012.jpg,150,3,0,True,7,1047,0.029675573685088767,0.023255813953488372,30,301,0,0,0,0
474,0150_s000_v4_008.jpg,150,4,0,True,7,1047,0.01579035370179028,0.012544802867383513,44,558,0,0,0,0
475,0150_s000_v5_013.jpg,150,5,0,True,7,1047,0.02915555356393454,0.0170316301703163,12,411,0,0,0,1
476,0150_s000_v6_010.jpg,150,6,0,True,7,1047,0.026798943977987273,0.011965811965811967,12,585,0,0,0,1
477,0150_s000_v7_014.jpg,150,7,0,True,7,1047,0.03454129390008465,0.017456359102244388,16,401,0,0,0,1
478,0150_s016_v1_000.jpg,150,1,16,True,12,1052,0.05470261118134135,0.0339943342776204,16,353,0,0,0,1
479,0150_s016_v4_001.jpg,150,4,16,True,12,1052,0.1293617091182668,0.04363636363636364,2,275,0,1,1,1
480,0150_s016_v7_002.jpg,150,7,16,True,12,1052,0.18598358678944352,0.16,2,75,0,1,1,1
481,0150_s024_v0_003.jpg,150,0,24,True,11,1051,0.18495280108183335,0.1774193548387097,6,62,0,0,1,1
482,0150_s024_v1_004.jpg,150,1,24,True,11,1051,0.22758796062871298,0.1896551724137931,3,58,0,1,1,1
483,0150_s024_v3_005.jpg,150,3,24,True,11,1051,0.2964237049237268,0.049773755656108594,1,221,1,1,1,1
484,0150_s024_v7_006.jpg,150,7,24,True,11,1051,0.05056256591416916,0.02736318407960199,17,402,0,0,0,1
485,0152_s016_v1_000.jpg,152,1,16,True,3,1054,0.05243576910243577,0.02027027027027027,10,148,0,0,1,1
486,0152_s018_v3_001.jpg,152,3,18,True,1,1052,0.03125,0.03125,32,32,0,0,0,0
487,0152_s018_v5_002.jpg,152,5,18,True,1,1052,0.019230769230769232,0.019230769230769232,52,52,0,0,0,0
488,0152_s018_v7_003.jpg,152,7,18,True,1,1052,0.2,0.2,5,5,0,1,1,1
489,0160_s017_v0_000.jpg,160,0,17,True,12,1052,0.36249428481964113,0.09917355371900827,1,121,1,1,1,1
490,0160_s017_v1_001.jpg,160,1,17,True,12,1052,0.7789702581369248,0.25,1,48,1,1,1,1
491,0160_s017_v3_002.jpg,160,3,17,True,12,1052,0.5140728374247643,0.21818181818181817,1,55,1,1,1,1
492,0160_s029_v1_003.jpg,160,1,29,True,9,1049,0.40880005258808505,0.17647058823529413,1,51,1,1,1,1
493,0160_s029_v3_004.jpg,160,3,29,True,9,1049,0.262391949307743,0.10588235294117647,1,85,1,1,1,1
494,0160_s029_v4_005.jpg,160,4,29,True,9,1049,0.2392043046049038,0.08108108108108109,1,111,1,1,1,1
495,0160_s029_v5_006.jpg,160,5,29,True,9,1049,0.47858020013192415,0.12857142857142856,1,70,1,1,1,1
496,0160_s029_v6_007.jpg,160,6,29,True,9,1049,0.7565536315536315,0.21428571428571427,1,42,1,1,1,1
497,0160_s029_v7_008.jpg,160,7,29,True,9,1049,0.17408334912842272,0.05625,1,160,1,1,1,1
498,0160_s030_v0_009.jpg,160,0,30,True,9,1049,0.11487103850130836,0.056962025316455694,10,158,0,0,1,1
499,0160_s030_v1_010.jpg,160,1,30,True,9,1049,0.0505440040912212,0.036,17,250,0,0,0,1
500,0160_s030_v3_011.jpg,160,3,30,True,9,1049,0.39244562022339796,0.1875,2,48,0,1,1,1
501,0160_s030_v4_012.jpg,160,4,30,True,9,1049,0.6391549595572584,0.15517241379310345,1,58,1,1,1,1
502,0160_s030_v5_013.jpg,160,5,30,True,9,1049,0.44437099934581903,0.11392405063291139,3,79,0,1,1,1
503,0160_s030_v6_014.jpg,160,6,30,True,9,1049,0.18014786983901385,0.04390243902439024,8,205,0,0,1,1
504,0170_s018_v0_000.jpg,170,0,18,True,6,1053,0.025292958536155558,0.015424164524421594,19,389,0,0,0,1
505,0170_s018_v5_001.jpg,170,5,18,True,6,1053,0.09074633641335322,0.03125,11,192,0,0,0,1
506,0170_s027_v0_002.jpg,170,0,27,True,2,1049,0.026289682539682536,0.031746031746031744,48,63,0,0,0,0
507,0170_s027_v1_003.jpg,170,1,27,True,2,1049,0.03068181818181818,0.03636363636363636,40,55,0,0,0,0
508,0170_s027_v2_004.jpg,170,2,27,True,2,1049,0.007414523598384078,0.00980392156862745,199,204,0,0,0,0
509,0170_s027_v3_005.jpg,170,3,27,True,2,1049,0.01668520578420467,0.017241379310344827,62,116,0,0,0,0
510,0170_s027_v4_006.jpg,170,4,27,True,2,1049,0.030858676207513418,0.038461538461538464,43,52,0,0,0,0
511,0170_s027_v7_007.jpg,170,7,27,True,2,1049,0.039312754804892255,0.019801980198019802,17,101,0,0,0,1
512,0176_s019_v0_000.jpg,176,0,19,True,5,1051,0.09349639696388921,0.04201680672268908,9,119,0,0,1,1
513,0176_s019_v1_001.jpg,176,1,19,True,5,1051,1.0,1.0,1,5,1,1,1,1
514,0176_s019_v4_002.jpg,176,4,19,True,5,1051,0.2636829544724281,0.03289473684210526,1,152,1,1,1,1
515,0176_s019_v5_003.jpg,176,5,19,True,5,1051,0.7,0.5,1,10,1,1,1,1
516,0176_s029_v1_004.jpg,176,1,29,True,4,1050,0.19094304388422034,0.1111111111111111,3,36,0,1,1,1
517,0176_s029_v3_005.jpg,176,3,29,True,4,1050,0.0758498363338789,0.032,5,125,0,1,1,1
518,0176_s029_v5_006.jpg,176,5,29,True,4,1050,0.21469155844155846,0.05194805194805195,2,77,0,1,1,1
519,0176_s029_v6_007.jpg,176,6,29,True,4,1050,0.06299506557589923,0.026490066225165563,9,151,0,0,1,1
520,0176_s029_v7_008.jpg,176,7,29,True,4,1050,0.1400358422939068,0.12903225806451613,5,31,0,1,1,1
521,0178_s019_v1_000.jpg,178,1,19,True,2,1051,0.7,0.4,1,5,1,1,1,1
522,0178_s019_v2_001.jpg,178,2,19,True,2,1051,0.12237762237762238,0.15384615384615385,11,13,0,0,0,1
523,0178_s019_v4_002.jpg,178,4,19,True,2,1051,0.5909090909090909,0.18181818181818182,1,11,1,1,1,1
524,0178_s019_v7_003.jpg,178,7,19,True,2,1051,0.5,0.5,2,4,0,1,1,1
525,0178_s022_v3_004.jpg,178,3,22,True,4,1053,0.4022946859903382,0.08695652173913043,1,46,1,1,1,1
526,0178_s022_v4_005.jpg,178,4,22,True,4,1053,0.08991596638655464,0.07142857142857142,10,56,0,0,1,1
527,0196_s000_v0_002.jpg,196,0,0,True,2,1052,0.008590316370636737,0.00966183574879227,133,207,0,0,0,0
528,0196_s000_v1_004.jpg,196,1,0,True,2,1052,0.03449292452830188,0.03773584905660377,32,53,0,0,0,0
529,0196_s000_v2_003.jpg,196,2,0,True,2,1052,0.05721003134796238,0.06896551724137931,22,29,0,0,0,0
530,0196_s022_v0_000.jpg,196,0,22,True,3,1053,0.1722222222222222,0.1,6,30,0,0,1,1
531,0196_s022_v7_001.jpg,196,7,22,True,3,1053,0.07242063492063491,0.07142857142857142,12,42,0,0,0,1
532,0204_s022_v0_000.jpg,204,0,22,True,2,1051,0.028577059519117067,0.03389830508474576,43,59,0,0,0,0
533,0204_s022_v5_001.jpg,204,5,22,True,2,1051,0.025893752088205813,0.0273972602739726,41,73,0,0,0,0
534,0204_s022_v6_002.jpg,204,6,22,True,2,1051,0.14835164835164835,0.15384615384615385,7,13,0,0,1,1
535,0204_s022_v7_003.jpg,204,7,22,True,2,1051,0.03306010928961749,0.03278688524590164,30,61,0,0,0,0
536,0204_s024_v1_004.jpg,204,1,24,True,4,1053,0.023819795318354393,0.011527377521613832,36,347,0,0,0,0
537,0204_s024_v3_005.jpg,204,3,24,True,4,1053,0.02488728043899777,0.008948545861297539,26,447,0,0,0,0
538,0220_s023_v0_000.jpg,220,0,23,True,4,1048,0.010103965031144314,0.007233273056057866,92,553,0,0,0,0
539,0220_s023_v1_001.jpg,220,1,23,True,4,1048,0.15488816738816738,0.022727272727272728,5,176,0,1,1,1
540,0220_s023_v3_002.jpg,220,3,23,True,4,1048,0.08665674603174603,0.02857142857142857,5,140,0,1,1,1
541,0220_s023_v4_003.jpg,220,4,23,True,4,1048,0.014852409403876096,0.018433179723502304,100,217,0,0,0,0
542,0220_s023_v5_004.jpg,220,5,23,True,4,1048,0.031038512634319324,0.020100502512562814,28,199,0,0,0,0
543,0220_s023_v6_005.jpg,220,6,23,True,4,1048,0.028726486784293948,0.013651877133105802,27,293,0,0,0,0
544,0220_s023_v7_006.jpg,220,7,23,True,4,1048,0.27094202898550723,0.05333333333333334,2,75,0,1,1,1
545,0220_s024_v0_007.jpg,220,0,24,True,7,1051,0.07700364779259053,0.028112449799196786,4,249,0,1,1,1
546,0220_s024_v1_008.jpg,220,1,24,True,7,1051,0.11497055415139272,0.025925925925925925,2,270,0,1,1,1
547,0220_s024_v2_009.jpg,220,2,24,True,7,1051,0.09741447202263173,0.03255813953488372,3,215,0,1,1,1
548,0220_s024_v3_010.jpg,220,3,24,True,7,1051,0.10141636427892865,0.047619047619047616,4,147,0,1,1,1
549,0228_s026_v2_000.jpg,228,2,26,True,6,1050,0.08565204839667713,0.03680981595092025,5,163,0,1,1,1
550,0228_s026_v3_001.jpg,228,3,26,True,6,1050,0.5307798481711524,0.2608695652173913,1,23,1,1,1,1
551,0228_s026_v4_002.jpg,228,4,26,True,6,1050,0.23030485643388868,0.04,1,150,1,1,1,1
552,0228_s026_v5_003.jpg,228,5,26,True,6,1050,0.9102564102564102,0.46153846153846156,1,13,1,1,1,1
553,0228_s026_v6_004.jpg,228,6,26,True,6,1050,0.15950002687450213,0.0759493670886076,5,79,0,1,1,1
554,0228_s030_v2_005.jpg,228,2,30,True,5,1049,0.6745421245421246,0.38461538461538464,1,13,1,1,1,1
555,0228_s030_v3_006.jpg,228,3,30,True,5,1049,0.40515873015873016,0.14285714285714285,1,35,1,1,1,1
556,0228_s030_v4_007.jpg,228,4,30,True,5,1049,0.04541385932491905,0.0053475935828877,11,935,0,0,0,1
557,0228_s030_v5_008.jpg,228,5,30,True,5,1049,0.6436315086782377,0.04672897196261682,1,107,1,1,1,1
558,0228_s030_v6_009.jpg,228,6,30,True,5,1049,0.29535632183908045,0.04,1,125,1,1,1,1
559,0228_s030_v7_010.jpg,228,7,30,True,5,1049,0.611111111111111,0.5555555555555556,1,9,1,1,1,1
560,0239_s028_v3_000.jpg,239,3,28,True,2,1052,0.14090909090909093,0.18181818181818182,10,11,0,0,1,1
561,0239_s028_v5_001.jpg,239,5,28,True,2,1052,0.03504547886570358,0.02247191011235955,21,89,0,0,0,0
562,0239_s028_v6_002.jpg,239,6,28,True,2,1052,0.007350427350427351,0.006153846153846154,117,325,0,0,0,0
563,0239_s029_v3_003.jpg,239,3,29,True,3,1053,0.03181818181818182,0.027777777777777776,22,108,0,0,0,0
564,0239_s029_v4_004.jpg,239,4,29,True,3,1053,0.2239316239316239,0.038461538461538464,2,78,0,1,1,1
565,0241_s028_v1_000.jpg,241,1,28,True,4,1050,0.015370556654902051,0.008146639511201629,36,491,0,0,0,0
566,0241_s028_v2_001.jpg,241,2,28,True,4,1050,0.006373828650595909,0.006779661016949152,287,590,0,0,0,0
567,0241_s028_v3_002.jpg,241,3,28,True,4,1050,0.006923706177922019,0.009433962264150943,246,424,0,0,0,0
568,0241_s028_v5_003.jpg,241,5,28,True,4,1050,0.004620112550044511,0.0057306590257879654,320,698,0,0,0,0
569,0241_s028_v7_004.jpg,241,7,28,True,4,1050,0.007681548631940864,0.006359300476947536,88,629,0,0,0,0
570,0241_s029_v0_005.jpg,241,0,29,True,5,1051,0.015031816431098088,0.006544502617801047,49,764,0,0,0,0
571,0241_s029_v3_006.jpg,241,3,29,True,5,1051,0.007829387811604898,0.00562429696287964,130,889,0,0,0,0
572,0241_s029_v5_007.jpg,241,5,29,True,5,1051,0.013854219101312126,0.006459948320413436,110,774,0,0,0,0
573,0241_s029_v7_008.jpg,241,7,29,True,5,1051,0.01758922295141579,0.010351966873706004,79,483,0,0,0,0
574,0253_s000_v0_004.jpg,253,0,0,True,12,1050,0.017608071744353755,0.017391304347826087,112,690,0,0,0,0
575,0253_s000_v1_007.jpg,253,1,0,True,12,1050,0.026487477354837047,0.01951219512195122,109,615,0,0,0,0
576,0253_s000_v2_006.jpg,253,2,0,True,12,1050,0.04323423198766672,0.032520325203252036,15,369,0,0,0,1
577,0253_s000_v4_005.jpg,253,4,0,True,12,1050,0.1107981063639792,0.03785488958990536,5,317,0,1,1,1
578,0253_s000_v7_009.jpg,253,7,0,True,12,1050,0.014794340662591351,0.016172506738544475,188,742,0,0,0,0
579,0253_s001_v0_004.jpg,253,0,1,True,9,1047,0.055666617844662585,0.011734028683181226,7,767,0,0,1,1
580,0253_s001_v1_008.jpg,253,1,1,True,9,1047,0.025544317508952325,0.012362637362637362,38,728,0,0,0,0
581,0253_s001_v2_006.jpg,253,2,1,True,9,1047,0.07665260612447783,0.009922822491730982,5,907,0,1,1,1
582,0253_s001_v3_009.jpg,253,3,1,True,9,1047,0.045365738328951716,0.01347305389221557,9,668,0,0,1,1
583,0253_s001_v4_005.jpg,253,4,1,True,9,1047,0.10079856955754433,0.013888888888888888,2,648,0,1,1,1
584,0253_s001_v5_010.jpg,253,5,1,True,9,1047,0.08216036131155297,0.011015911872705019,3,817,0,1,1,1
585,0253_s001_v6_007.jpg,253,6,1,True,9,1047,0.043722678725981456,0.01061320754716981,16,848,0,0,0,1
586,0253_s001_v7_011.jpg,253,7,1,True,9,1047,0.059054105308712815,0.011857707509881422,10,759,0,0,1,1
587,0253_s030_v1_000.jpg,253,1,30,True,13,1051,0.0880864512073524,0.021172638436482084,3,614,0,1,1,1
588,0253_s030_v3_001.jpg,253,3,30,True,13,1051,0.060101754255300704,0.014301430143014302,2,909,0,1,1,1
589,0253_s030_v5_002.jpg,253,5,30,True,13,1051,0.034002335310954264,0.014008620689655173,11,928,0,0,0,1
590,0253_s030_v7_003.jpg,253,7,30,True,13,1051,0.024761875915252862,0.013641133263378805,24,953,0,0,0,0
