query_index,name,identity,camera,scene,valid,relevant_gallery,kept_gallery,AP,INP,first_match,last_match,Rank-1,Rank-5,Rank-10,Rank-20
0,0002_s002_v0_000.jpg,2,0,2,True,2,1053,1.0,1.0,1,2,1,1,1,1
1,0002_s002_v3_001.jpg,2,3,2,True,2,1053,0.6428571428571428,0.2857142857142857,1,7,1,1,1,1
2,0002_s013_v1_002.jpg,2,1,13,True,2,1053,0.8333333333333333,0.6666666666666666,1,3,1,1,1,1
3,0002_s013_v4_003.jpg,2,4,13,True,2,1053,0.75,0.5,1,4,1,1,1,1
4,0004_s002_v3_000.jpg,4,3,2,True,11,1054,0.8583763906344551,0.3548387096774194,1,31,1,1,1,1
5,0004_s007_v1_010.jpg,4,1,7,True,10,1053,0.9809090909090908,0.9090909090909091,1,11,1,1,1,1
6,0004_s007_v6_011.jpg,4,6,7,True,10,1053,0.8564484126984127,0.5555555555555556,1,18,1,1,1,1
7,0004_s021_v1_001.jpg,4,1,21,True,10,1053,0.9263455988455987,0.9090909090909091,1,11,1,1,1,1
8,0004_s021_v7_002.jpg,4,7,21,True,10,1053,0.6678064041221936,0.5263157894736842,2,19,0,1,1,1
9,0004_s022_v3_003.jpg,4,3,22,True,10,1053,0.47555676820195875,0.13513513513513514,2,74,0,1,1,1
10,0004_s022_v4_004.jpg,4,4,22,True,10,1053,0.25596168202882746,0.07633587786259542,4,131,0,1,1,1
11,0004_s026_v0_005.jpg,4,0,26,True,7,1050,0.7406962785114046,0.13725490196078433,1,51,1,1,1,1
12,0004_s026_v1_006.jpg,4,1,26,True,7,1050,0.7511904761904761,0.23333333333333334,1,30,1,1,1,1
13,0004_s026_v2_007.jpg,4,2,26,True,7,1050,0.2457076107244836,0.05511811023622047,2,127,0,1,1,1
14,0004_s026_v6_008.jpg,4,6,26,True,7,1050,0.8428571428571427,0.4666666666666667,1,15,1,1,1,1
15,0004_s026_v7_009.jpg,4,7,26,True,7,1050,0.6596800882515169,0.1891891891891892,1,37,1,1,1,1
16,0006_s002_v1_000.jpg,6,1,2,True,14,1053,0.17113549914306722,0.0915032679738562,2,153,0,1,1,1
17,0006_s002_v7_001.jpg,6,7,2,True,14,1053,0.19667687992728475,0.1414141414141414,6,99,0,0,1,1
18,0006_s007_v0_012.jpg,6,0,7,True,12,1051,0.3123905817665612,0.11650485436893204,4,103,0,1,1,1
19,0006_s007_v4_013.jpg,6,4,7,True,12,1051,0.6598992792306746,0.13186813186813187,1,91,1,1,1,1
20,0006_s007_v5_014.jpg,6,5,7,True,12,1051,0.4223081158827066,0.14634146341463414,3,82,0,1,1,1
21,0006_s007_v6_015.jpg,6,6,7,True,12,1051,0.4078070965703566,0.13793103448275862,4,87,0,1,1,1
22,0006_s027_v1_002.jpg,6,1,27,True,10,1049,0.5697131594692572,0.12195121951219512,1,82,1,1,1,1
23,0006_s027_v2_003.jpg,6,2,27,True,10,1049,0.6625653594771241,0.06535947712418301,1,153,1,1,1,1
24,0006_s027_v3_004.jpg,6,3,27,True,10,1049,0.6837590978035288,0.10101010101010101,1,99,1,1,1,1
25,0006_s027_v4_005.jpg,6,4,27,True,10,1049,0.6697058029689609,0.10526315789473684,1,95,1,1,1,1
26,0006_s027_v5_006.jpg,6,5,27,True,10,1049,0.45401511767365416,0.07936507936507936,1,126,1,1,1,1
27,0006_s027_v7_007.jpg,6,7,27,True,10,1049,0.11065726624536176,0.07692307692307693,12,130,0,0,0,1
28,0006_s028_v2_008.jpg,6,2,28,True,12,1051,0.6142535178296501,0.12631578947368421,1,95,1,1,1,1
29,0006_s028_v3_009.jpg,6,3,28,True,12,1051,0.5842030995205375,0.10714285714285714,1,112,1,1,1,1
30,0006_s028_v4_010.jpg,6,4,28,True,12,1051,0.5386229760590514,0.1016949152542373,1,118,1,1,1,1
31,0006_s028_v5_011.jpg,6,5,28,True,12,1051,0.6169063206297248,0.10714285714285714,1,112,1,1,1,1
32,0008_s002_v0_000.jpg,8,0,2,True,12,1052,0.0761521267824014,0.04597701149425287,9,261,0,0,1,1
33,0008_s002_v3_001.jpg,8,3,2,True,12,1052,0.14517772239139562,0.03116883116883117,2,385,0,1,1,1
34,0008_s002_v5_002.jpg,8,5,2,True,12,1052,0.2313982056976289,0.037383177570093455,3,321,0,1,1,1
35,0008_s005_v3_013.jpg,8,3,5,True,13,1053,0.06558855215565243,0.01925925925925926,8,675,0,0,1,1
36,0008_s005_v5_014.jpg,8,5,5,True,13,1053,0.20289030050366735,0.03225806451612903,1,403,1,1,1,1
37,0008_s018_v4_003.jpg,8,4,18,True,13,1053,0.13005314410438717,0.029411764705882353,6,442,0,0,1,1
38,0008_s018_v5_004.jpg,8,5,18,True,13,1053,0.14631373110243473,0.023465703971119134,2,554,0,1,1,1
39,0008_s025_v0_005.jpg,8,0,25,True,7,1047,0.05418334874757142,0.010385756676557863,4,674,0,1,1,1
40,0008_s025_v1_006.jpg,8,1,25,True,7,1047,0.043134879014832525,0.010263929618768328,6,682,0,0,1,1
41,0008_s025_v2_007.jpg,8,2,25,True,7,1047,0.007396864355362712,0.007322175732217573,225,956,0,0,0,0
42,0008_s025_v3_008.jpg,8,3,25,True,7,1047,0.03541729360768647,0.02356902356902357,28,297,0,0,0,0
43,0008_s025_v4_009.jpg,8,4,25,True,7,1047,0.09624451429229151,0.030973451327433628,9,226,0,0,1,1
44,0008_s025_v5_010.jpg,8,5,25,True,7,1047,0.07656636464869566,0.0330188679245283,11,212,0,0,0,1
45,0008_s025_v6_011.jpg,8,6,25,True,7,1047,0.06699470552949141,0.01876675603217158,11,373,0,0,0,1
46,0008_s025_v7_012.jpg,8,7,25,True,7,1047,0.10425473248814318,0.018617021276595744,3,376,0,1,1,1
47,0010_s002_v1_000.jpg,10,1,2,True,3,1052,1.0,1.0,1,3,1,1,1,1
48,0010_s002_v4_001.jpg,10,4,2,True,3,1052,0.30324074074074076,0.1875,2,16,0,1,1,1
49,0010_s002_v7_002.jpg,10,7,2,True,3,1052,0.7222222222222222,0.5,1,6,1,1,1,1
50,0010_s011_v4_003.jpg,10,4,11,True,3,1052,0.18835978835978837,0.14285714285714285,5,21,0,1,1,1
51,0010_s011_v6_004.jpg,10,6,11,True,3,1052,0.23630672926447574,0.04225352112676056,3,71,0,1,1,1
52,0010_s011_v7_005.jpg,10,7,11,True,3,1052,0.31923076923076926,0.057692307692307696,2,52,0,1,1,1
53,0012_s002_v4_000.jpg,12,4,2,True,2,1053,0.009428452231956612,0.011764705882352941,141,170,0,0,0,0
54,0012_s002_v7_001.jpg,12,7,2,True,2,1053,0.19444444444444442,0.2222222222222222,6,9,0,0,1,1
55,0012_s003_v0_002.jpg,12,0,3,True,2,1053,0.09552845528455284,0.024390243902439025,6,82,0,0,1,1
56,0012_s003_v1_003.jpg,12,1,3,True,2,1053,0.1361111111111111,0.022222222222222223,4,90,0,1,1,1
57,0014_s002_v1_000.jpg,14,1,2,True,6,1053,0.2666122004357298,0.3333333333333333,5,18,0,1,1,1
58,0014_s002_v3_001.jpg,14,3,2,True,6,1053,0.4523630504833512,0.12244897959183673,1,49,1,1,1,1
59,0014_s005_v3_007.jpg,14,3,5,True,7,1054,0.3197569626141054,0.1794871794871795,1,39,1,1,1,1
60,0014_s020_v0_002.jpg,14,0,20,True,3,1050,0.08189033189033189,0.09090909090909091,12,33,0,0,0,1
61,0014_s020_v1_003.jpg,14,1,20,True,3,1050,0.09859006734006732,0.09375,11,32,0,0,0,1
62,0014_s020_v2_004.jpg,14,2,20,True,3,1050,0.11384314610121062,0.0967741935483871,11,31,0,0,0,1
63,0014_s020_v3_005.jpg,14,3,20,True,3,1050,0.09738705738705739,0.12,13,25,0,0,0,1
64,0014_s020_v4_006.jpg,14,4,20,True,3,1050,0.08393330807123911,0.10344827586206896,14,29,0,0,0,1
65,0016_s002_v0_000.jpg,16,0,2,True,5,1052,0.31999999999999995,0.2,2,25,0,1,1,1
66,0016_s002_v3_001.jpg,16,3,2,True,5,1052,0.9,0.5,1,10,1,1,1,1
67,0016_s002_v5_002.jpg,16,5,2,True,5,1052,0.8625,0.3125,1,16,1,1,1,1
68,0016_s003_v0_003.jpg,16,0,3,True,6,1053,0.20314407814407817,0.17142857142857143,4,35,0,1,1,1
69,0016_s003_v3_004.jpg,16,3,3,True,6,1053,0.7908424908424908,0.23076923076923078,1,26,1,1,1,1
70,0016_s004_v1_005.jpg,16,1,4,True,5,1052,0.9666666666666666,0.8333333333333334,1,6,1,1,1,1
71,0016_s004_v3_006.jpg,16,3,4,True,5,1052,0.7944444444444445,0.5555555555555556,1,9,1,1,1,1
72,0016_s004_v5_007.jpg,16,5,4,True,5,1052,0.8528571428571429,0.7142857142857143,1,7,1,1,1,1
73,0020_s003_v4_000.jpg,20,4,3,True,28,1052,0.8003670404962262,0.5384615384615384,1,52,1,1,1,1
74,0020_s003_v5_001.jpg,20,5,3,True,28,1052,0.8358926916968642,0.42424242424242425,1,66,1,1,1,1
75,0020_s003_v7_002.jpg,20,7,3,True,28,1052,0.8346876631908848,0.6829268292682927,1,41,1,1,1,1
76,0020_s025_v0_003.jpg,20,0,25,True,26,1050,0.9260429134927429,0.5531914893617021,1,47,1,1,1,1
77,0020_s025_v3_004.jpg,20,3,25,True,26,1050,0.7931414474433662,0.45614035087719296,1,57,1,1,1,1
78,0020_s025_v4_005.jpg,20,4,25,True,26,1050,0.8108672358258526,0.4642857142857143,1,56,1,1,1,1
79,0020_s025_v5_006.jpg,20,5,25,True,26,1050,0.8651713192315073,0.4482758620689655,1,58,1,1,1,1
80,0020_s025_v6_007.jpg,20,6,25,True,26,1050,0.6542135204660932,0.52,1,50,1,1,1,1
81,0020_s026_v0_008.jpg,20,0,26,True,24,1048,0.7265039938842724,0.42857142857142855,1,56,1,1,1,1
82,0020_s026_v1_009.jpg,20,1,26,True,24,1048,0.8599501453583605,0.36923076923076925,1,65,1,1,1,1
83,0020_s026_v2_010.jpg,20,2,26,True,24,1048,0.8269167604938589,0.3870967741935484,1,62,1,1,1,1
84,0020_s026_v3_011.jpg,20,3,26,True,24,1048,0.796730147573442,0.43636363636363634,1,55,1,1,1,1
85,0020_s026_v4_012.jpg,20,4,26,True,24,1048,0.7408657839646624,0.47058823529411764,1,51,1,1,1,1
86,0020_s026_v5_013.jpg,20,5,26,True,24,1048,0.8748478355942632,0.5581395348837209,1,43,1,1,1,1
87,0020_s026_v7_014.jpg,20,7,26,True,24,1048,0.7301677995679811,0.5106382978723404,1,47,1,1,1,1
88,0020_s027_v0_015.jpg,20,0,27,True,24,1048,0.63850832959351,0.4444444444444444,1,54,1,1,1,1
89,0020_s027_v1_016.jpg,20,1,27,True,24,1048,0.5897397248912931,0.43636363636363634,1,55,1,1,1,1
90,0020_s027_v3_017.jpg,20,3,27,True,24,1048,0.8266091175414297,0.6,1,40,1,1,1,1
91,0020_s027_v4_018.jpg,20,4,27,True,24,1048,0.8045572564212916,0.5454545454545454,1,44,1,1,1,1
92,0020_s027_v5_019.jpg,20,5,27,True,24,1048,0.9289418690181508,0.6486486486486487,1,37,1,1,1,1
93,0020_s027_v6_020.jpg,20,6,27,True,24,1048,0.8482429905437683,0.6153846153846154,1,39,1,1,1,1
94,0020_s027_v7_021.jpg,20,7,27,True,24,1048,0.7501197963292708,0.6666666666666666,1,36,1,1,1,1
95,0020_s028_v0_022.jpg,20,0,28,True,27,1051,0.8229740970104636,0.54,1,50,1,1,1,1
96,0020_s028_v1_023.jpg,20,1,28,True,27,1051,0.8240769058578294,0.5510204081632653,1,49,1,1,1,1
97,0020_s028_v3_024.jpg,20,3,28,True,27,1051,0.8674321818977672,0.48214285714285715,1,56,1,1,1,1
98,0020_s028_v5_025.jpg,20,5,28,True,27,1051,0.901788304182856,0.5,1,54,1,1,1,1
99,0020_s030_v1_026.jpg,20,1,30,True,26,1050,0.7187024486792375,0.5306122448979592,1,49,1,1,1,1
100,0020_s030_v4_027.jpg,20,4,30,True,26,1050,0.833635929990677,0.5,1,52,1,1,1,1
101,0020_s030_v5_028.jpg,20,5,30,True,26,1050,0.886550269178149,0.6341463414634146,1,41,1,1,1,1
102,0020_s030_v6_029.jpg,20,6,30,True,26,1050,0.9355883537144135,0.4262295081967213,1,61,1,1,1,1
103,0020_s030_v7_030.jpg,20,7,30,True,26,1050,0.7865907155139232,0.41935483870967744,1,62,1,1,1,1
104,0022_s003_v3_007.jpg,22,3,3,True,7,1053,0.25876504447933024,0.1,2,70,0,1,1,1
105,0022_s003_v5_008.jpg,22,5,3,True,7,1053,0.16316501757850974,0.07216494845360824,3,97,0,1,1,1
106,0022_s012_v4_000.jpg,22,4,12,True,7,1053,0.27194805194805194,0.16666666666666666,6,42,0,0,1,1
107,0022_s012_v7_001.jpg,22,7,12,True,7,1053,0.37178416821273963,0.175,1,40,1,1,1,1
108,0022_s019_v0_002.jpg,22,0,19,True,4,1050,0.32184579439252337,0.037383177570093455,1,107,1,1,1,1
109,0022_s019_v3_003.jpg,22,3,19,True,4,1050,0.10285922879790214,0.0851063829787234,7,47,0,0,1,1
110,0022_s019_v4_004.jpg,22,4,19,True,4,1050,0.6101449275362318,0.17391304347826086,1,23,1,1,1,1
111,0022_s019_v5_005.jpg,22,5,19,True,4,1050,0.3971920289855072,0.125,1,32,1,1,1,1
112,0022_s019_v7_006.jpg,22,7,19,True,4,1050,0.30783061024996505,0.043010752688172046,1,93,1,1,1,1
113,0024_s000_v0_026.jpg,24,0,0,True,26,1047,0.9897286637746215,0.896551724137931,1,29,1,1,1,1
114,0024_s000_v1_030.jpg,24,1,0,True,26,1047,0.9849477488942372,0.9285714285714286,1,28,1,1,1,1
115,0024_s000_v2_028.jpg,24,2,0,True,26,1047,0.8877633339969567,0.6046511627906976,1,43,1,1,1,1
116,0024_s000_v3_031.jpg,24,3,0,True,26,1047,0.921795602231857,0.5531914893617021,1,47,1,1,1,1
117,0024_s000_v4_027.jpg,24,4,0,True,26,1047,0.941721388767722,0.65,1,40,1,1,1,1
118,0024_s000_v5_032.jpg,24,5,0,True,26,1047,0.5153554284901855,0.2222222222222222,1,117,1,1,1,1
119,0024_s000_v6_029.jpg,24,6,0,True,26,1047,0.783449142540179,0.4126984126984127,1,63,1,1,1,1
120,0024_s000_v7_033.jpg,24,7,0,True,26,1047,0.9685538094233747,0.7027027027027027,1,37,1,1,1,1
121,0024_s003_v0_004.jpg,24,0,3,True,31,1052,0.9459092116209348,0.6078431372549019,1,51,1,1,1,1
122,0024_s003_v5_005.jpg,24,5,3,True,31,1052,0.9798580342562901,0.775,1,40,1,1,1,1
123,0024_s003_v6_006.jpg,24,6,3,True,31,1052,0.9211084376918397,0.543859649122807,1,57,1,1,1,1
124,0024_s012_v0_000.jpg,24,0,12,True,30,1051,0.7868469146442438,0.35714285714285715,1,84,1,1,1,1
125,0024_s012_v3_001.jpg,24,3,12,True,30,1051,0.8815127428171077,0.6976744186046512,1,43,1,1,1,1
126,0024_s012_v5_002.jpg,24,5,12,True,30,1051,0.9211188569412404,0.7317073170731707,1,41,1,1,1,1
127,0024_s012_v7_003.jpg,24,7,12,True,30,1051,0.8847267814242585,0.35714285714285715,1,84,1,1,1,1
128,0024_s025_v0_007.jpg,24,0,25,True,27,1048,0.9931679965651867,0.9310344827586207,1,29,1,1,1,1
129,0024_s025_v1_008.jpg,24,1,25,True,27,1048,0.9373976733888454,0.38571428571428573,1,70,1,1,1,1
130,0024_s025_v2_009.jpg,24,2,25,True,27,1048,0.9743349263241737,0.675,1,40,1,1,1,1
131,0024_s025_v3_010.jpg,24,3,25,True,27,1048,0.9903815453384419,0.84375,1,32,1,1,1,1
132,0024_s025_v4_011.jpg,24,4,25,True,27,1048,0.9800509081878814,0.84375,1,32,1,1,1,1
133,0024_s025_v5_012.jpg,24,5,25,True,27,1048,0.9779567755981967,0.7297297297297297,1,37,1,1,1,1
134,0024_s025_v7_013.jpg,24,7,25,True,27,1048,0.9311826859075131,0.7941176470588235,1,34,1,1,1,1
135,0024_s028_v0_014.jpg,24,0,28,True,26,1047,0.8820103808586914,0.22608695652173913,1,115,1,1,1,1
136,0024_s028_v1_015.jpg,24,1,28,True,26,1047,0.9786950767288889,0.896551724137931,1,29,1,1,1,1
137,0024_s028_v2_016.jpg,24,2,28,True,26,1047,0.9874540274540275,0.7878787878787878,1,33,1,1,1,1
138,0024_s028_v3_017.jpg,24,3,28,True,26,1047,0.9604922515526488,0.7027027027027027,1,37,1,1,1,1
139,0024_s028_v4_018.jpg,24,4,28,True,26,1047,0.9721702144265864,0.8666666666666667,1,30,1,1,1,1
140,0024_s028_v5_019.jpg,24,5,28,True,26,1047,0.9723887306850643,0.8666666666666667,1,30,1,1,1,1
141,0024_s028_v6_020.jpg,24,6,28,True,26,1047,0.9759151401460089,0.8387096774193549,1,31,1,1,1,1
142,0024_s028_v7_021.jpg,24,7,28,True,26,1047,0.979958640293628,0.8387096774193549,1,31,1,1,1,1
143,0024_s029_v1_022.jpg,24,1,29,True,30,1051,0.9507312345884488,0.6521739130434783,1,46,1,1,1,1
144,0024_s029_v2_023.jpg,24,2,29,True,30,1051,0.8828955310210228,0.40540540540540543,1,74,1,1,1,1
145,0024_s029_v3_024.jpg,24,3,29,True,30,1051,0.9257178929743114,0.6666666666666666,1,45,1,1,1,1
146,0024_s029_v7_025.jpg,24,7,29,True,30,1051,0.9600677660434555,0.4838709677419355,1,62,1,1,1,1
147,0026_s002_v2_000.jpg,26,2,2,True,22,1053,0.3962321397423915,0.21782178217821782,1,101,1,1,1,1
148,0026_s002_v4_001.jpg,26,4,2,True,22,1053,0.13145615859382398,0.05365853658536585,6,410,0,0,1,1
149,0026_s003_v1_007.jpg,26,1,3,True,21,1052,0.3361418064868289,0.19090909090909092,1,110,1,1,1,1
150,0026_s003_v3_008.jpg,26,3,3,True,21,1052,0.3854547835687949,0.24705882352941178,1,85,1,1,1,1
151,0026_s003_v5_009.jpg,26,5,3,True,21,1052,0.3709276360961153,0.1926605504587156,1,109,1,1,1,1
152,0026_s005_v1_022.jpg,26,1,5,True,22,1053,0.4037602097902054,0.22916666666666666,1,96,1,1,1,1
153,0026_s005_v3_023.jpg,26,3,5,True,22,1053,0.35840610759609676,0.2558139534883721,1,86,1,1,1,1
154,0026_s014_v1_002.jpg,26,1,14,True,22,1053,0.3988680515964267,0.22916666666666666,1,96,1,1,1,1
155,0026_s014_v4_003.jpg,26,4,14,True,22,1053,0.30197464856839334,0.176,1,125,1,1,1,1
156,0026_s020_v4_004.jpg,26,4,20,True,21,1052,0.5176809720020055,0.12804878048780488,1,164,1,1,1,1
157,0026_s020_v5_005.jpg,26,5,20,True,21,1052,0.7368190573490936,0.09375,1,224,1,1,1,1
158,0026_s020_v7_006.jpg,26,7,20,True,21,1052,0.5844725092098224,0.1,1,210,1,1,1,1
159,0026_s025_v0_010.jpg,26,0,25,True,18,1049,0.3313703814681298,0.14754098360655737,1,122,1,1,1,1
160,0026_s025_v1_011.jpg,26,1,25,True,18,1049,0.440377936993007,0.12,1,150,1,1,1,1
161,0026_s025_v4_012.jpg,26,4,25,True,18,1049,0.3009805338178279,0.12080536912751678,1,149,1,1,1,1
162,0026_s025_v5_013.jpg,26,5,25,True,18,1049,0.51410020467119,0.10650887573964497,1,169,1,1,1,1
163,0026_s025_v6_014.jpg,26,6,25,True,18,1049,0.6006782044197507,0.06382978723404255,1,282,1,1,1,1
164,0026_s025_v7_015.jpg,26,7,25,True,18,1049,0.6062229077699186,0.11042944785276074,1,163,1,1,1,1
165,0026_s027_v1_016.jpg,26,1,27,True,18,1049,0.5152084135230368,0.17475728155339806,1,103,1,1,1,1
166,0026_s027_v3_017.jpg,26,3,27,True,18,1049,0.45348556633118087,0.10778443113772455,1,167,1,1,1,1
167,0026_s027_v4_018.jpg,26,4,27,True,18,1049,0.4071501509028224,0.11842105263157894,1,152,1,1,1,1
168,0026_s027_v5_019.jpg,26,5,27,True,18,1049,0.47479187138437834,0.1125,1,160,1,1,1,1
169,0026_s027_v6_020.jpg,26,6,27,True,18,1049,0.47068810218795876,0.10843373493975904,1,166,1,1,1,1
170,0026_s027_v7_021.jpg,26,7,27,True,18,1049,0.45371657174658364,0.18947368421052632,1,95,1,1,1,1
171,0030_s004_v5_002.jpg,30,5,4,True,4,1053,0.47229437229437227,0.06060606060606061,1,66,1,1,1,1
172,0030_s004_v7_003.jpg,30,7,4,True,4,1053,0.22602714866434379,0.0975609756097561,3,41,0,1,1,1
173,0030_s005_v5_004.jpg,30,5,5,True,4,1053,0.49185463659147866,0.14285714285714285,1,28,1,1,1,1
174,0030_s005_v7_005.jpg,30,7,5,True,4,1053,0.39464285714285713,0.25,2,16,0,1,1,1
175,0030_s018_v0_000.jpg,30,0,18,True,4,1053,0.05956751581751581,0.030303030303030304,8,132,0,0,1,1
176,0030_s018_v3_001.jpg,30,3,18,True,4,1053,0.2413058355107627,0.0851063829787234,2,47,0,1,1,1
177,0034_s004_v1_006.jpg,34,1,4,True,11,1053,0.747076678111161,0.24444444444444444,1,45,1,1,1,1
178,0034_s004_v3_007.jpg,34,3,4,True,11,1053,0.815829340000463,0.44,1,25,1,1,1,1
179,0034_s005_v1_008.jpg,34,1,5,True,10,1052,0.8915508021390375,0.5882352941176471,1,17,1,1,1,1
180,0034_s005_v3_009.jpg,34,3,5,True,10,1052,0.725873015873016,0.18181818181818182,1,55,1,1,1,1
181,0034_s005_v7_010.jpg,34,7,5,True,10,1052,0.7558730158730158,0.5,1,20,1,1,1,1
182,0034_s009_v1_011.jpg,34,1,9,True,11,1053,0.5915264490130799,0.09090909090909091,1,121,1,1,1,1
183,0034_s009_v3_012.jpg,34,3,9,True,11,1053,0.825032795487341,0.2619047619047619,1,42,1,1,1,1
184,0034_s014_v1_000.jpg,34,1,14,True,10,1052,0.7120810081336397,0.2702702702702703,1,37,1,1,1,1
185,0034_s014_v3_001.jpg,34,3,14,True,10,1052,0.634353386077524,0.2777777777777778,1,36,1,1,1,1
186,0034_s014_v4_002.jpg,34,4,14,True,10,1052,0.2924851572445739,0.10989010989010989,1,91,1,1,1,1
187,0034_s018_v1_003.jpg,34,1,18,True,10,1052,0.5812749995102936,0.06060606060606061,1,165,1,1,1,1
188,0034_s018_v3_004.jpg,34,3,18,True,10,1052,0.25936805358457427,0.06493506493506493,2,154,0,1,1,1
189,0034_s018_v5_005.jpg,34,5,18,True,10,1052,0.5143471433285407,0.17857142857142858,1,56,1,1,1,1
190,0036_s000_v0_011.jpg,36,0,0,True,11,1048,0.025092414749927346,0.01824212271973466,99,603,0,0,0,0
191,0036_s000_v1_015.jpg,36,1,0,True,11,1048,0.04335868599749619,0.045454545454545456,79,242,0,0,0,0
192,0036_s000_v2_013.jpg,36,2,0,True,11,1048,0.01656778305327721,0.01916376306620209,197,574,0,0,0,0
193,0036_s000_v3_016.jpg,36,3,0,True,11,1048,0.015704478063019,0.011235955056179775,161,979,0,0,0,0
194,0036_s000_v4_012.jpg,36,4,0,True,11,1048,0.01240857439962616,0.01544943820224719,263,712,0,0,0,0
195,0036_s000_v5_017.jpg,36,5,0,True,11,1048,0.04770851879955145,0.01669195751138088,49,659,0,0,0,0
196,0036_s000_v6_014.jpg,36,6,0,True,11,1048,0.030937782382433467,0.03170028818443804,89,347,0,0,0,0
197,0036_s004_v1_003.jpg,36,1,4,True,16,1053,0.50215288554086,0.04519774011299435,1,354,1,1,1,1
198,0036_s004_v3_004.jpg,36,3,4,True,16,1053,0.45512510335526235,0.0453257790368272,1,353,1,1,1,1
199,0036_s007_v6_005.jpg,36,6,7,True,17,1054,0.2768087969136027,0.026687598116169546,1,637,1,1,1,1
200,0036_s008_v1_006.jpg,36,1,8,True,16,1053,0.4258478202327754,0.025848142164781908,1,619,1,1,1,1
201,0036_s008_v7_007.jpg,36,7,8,True,16,1053,0.35415081762253947,0.03747072599531616,1,427,1,1,1,1
202,0036_s009_v1_008.jpg,36,1,9,True,15,1052,0.3426506807269913,0.022321428571428572,1,672,1,1,1,1
203,0036_s009_v4_009.jpg,36,4,9,True,15,1052,0.358859300493125,0.033860045146726865,1,443,1,1,1,1
204,0036_s009_v7_010.jpg,36,7,9,True,15,1052,0.42339706570863117,0.029940119760479042,1,501,1,1,1,1
205,0036_s012_v1_000.jpg,36,1,12,True,15,1052,0.3204788997056741,0.020026702269692925,1,749,1,1,1,1
206,0036_s012_v4_001.jpg,36,4,12,True,15,1052,0.4298524926855016,0.025295109612141653,1,593,1,1,1,1
207,0036_s012_v7_002.jpg,36,7,12,True,15,1052,0.16286119072252653,0.014822134387351778,2,1012,0,1,1,1
208,0045_s005_v1_000.jpg,45,1,5,True,3,1052,0.9166666666666666,0.75,1,4,1,1,1,1
209,0045_s005_v3_001.jpg,45,3,5,True,3,1052,1.0,1.0,1,3,1,1,1,1
210,0045_s005_v7_002.jpg,45,7,5,True,3,1052,1.0,1.0,1,3,1,1,1,1
211,0045_s009_v1_003.jpg,45,1,9,True,3,1052,0.9166666666666666,0.75,1,4,1,1,1,1
212,0045_s009_v3_004.jpg,45,3,9,True,3,1052,0.8055555555555555,0.75,1,4,1,1,1,1
213,0045_s009_v5_005.jpg,45,5,9,True,3,1052,0.9166666666666666,0.75,1,4,1,1,1,1
214,0047_s005_v1_003.jpg,47,1,5,True,6,1053,1.0,1.0,1,6,1,1,1,1
215,0047_s005_v2_004.jpg,47,2,5,True,6,1053,0.6079365079365079,0.6666666666666666,2,9,0,1,1,1
216,0047_s009_v1_005.jpg,47,1,9,True,5,1052,0.8761904761904761,0.7142857142857143,1,7,1,1,1,1
217,0047_s009_v4_006.jpg,47,4,9,True,5,1052,0.9266666666666665,0.8333333333333334,1,6,1,1,1,1
218,0047_s009_v7_007.jpg,47,7,9,True,5,1052,0.9666666666666666,0.8333333333333334,1,6,1,1,1,1
219,0047_s018_v0_000.jpg,47,0,18,True,5,1052,0.7833333333333333,0.5,1,10,1,1,1,1
220,0047_s018_v1_001.jpg,47,1,18,True,5,1052,1.0,1.0,1,5,1,1,1,1
221,0047_s018_v7_002.jpg,47,7,18,True,5,1052,1.0,1.0,1,5,1,1,1,1
222,0059_s007_v2_015.jpg,59,2,7,True,18,1053,0.8044585016984847,0.4090909090909091,1,44,1,1,1,1
223,0059_s007_v7_016.jpg,59,7,7,True,18,1053,0.7696678576108927,0.5142857142857142,1,35,1,1,1,1
224,0059_s011_v1_017.jpg,59,1,11,True,17,1052,0.5165452701060871,0.17708333333333334,1,96,1,1,1,1
225,0059_s011_v5_018.jpg,59,5,11,True,17,1052,0.6008025143039868,0.26153846153846155,1,65,1,1,1,1
226,0059_s011_v7_019.jpg,59,7,11,True,17,1052,0.6813464878142708,0.3090909090909091,1,55,1,1,1,1
227,0059_s015_v1_000.jpg,59,1,15,True,17,1052,0.8147176080157322,0.25757575757575757,1,66,1,1,1,1
228,0059_s015_v2_001.jpg,59,2,15,True,17,1052,0.8535005070608785,0.3269230769230769,1,52,1,1,1,1
229,0059_s015_v6_002.jpg,59,6,15,True,17,1052,0.6729263141636367,0.09340659340659341,1,182,1,1,1,1
230,0059_s016_v0_003.jpg,59,0,16,True,18,1053,0.5346695695528875,0.14173228346456693,1,127,1,1,1,1
231,0059_s016_v7_004.jpg,59,7,16,True,18,1053,0.41277834388264,0.2465753424657534,2,73,0,1,1,1
232,0059_s021_v1_005.jpg,59,1,21,True,16,1051,0.6074128189059662,0.2807017543859649,1,57,1,1,1,1
233,0059_s021_v2_006.jpg,59,2,21,True,16,1051,0.6933756064194233,0.12121212121212122,1,132,1,1,1,1
234,0059_s021_v3_007.jpg,59,3,21,True,16,1051,0.6194282083762919,0.12121212121212122,1,132,1,1,1,1
235,0059_s021_v7_008.jpg,59,7,21,True,16,1051,0.9539851998491704,0.8,1,20,1,1,1,1
236,0059_s028_v0_009.jpg,59,0,28,True,14,1049,0.6163385799663994,0.5384615384615384,1,26,1,1,1,1
237,0059_s028_v1_010.jpg,59,1,28,True,14,1049,0.9570313744226789,0.6086956521739131,1,23,1,1,1,1
238,0059_s028_v2_011.jpg,59,2,28,True,14,1049,0.6920200150767378,0.14583333333333334,1,96,1,1,1,1
239,0059_s028_v5_012.jpg,59,5,28,True,14,1049,0.5198223205366062,0.0979020979020979,1,143,1,1,1,1
240,0059_s028_v6_013.jpg,59,6,28,True,14,1049,0.6589543017034474,0.19718309859154928,1,71,1,1,1,1
241,0059_s028_v7_014.jpg,59,7,28,True,14,1049,0.8941662329267371,0.7777777777777778,1,18,1,1,1,1
242,0063_s007_v0_007.jpg,63,0,7,True,7,1052,0.6661707937105735,0.16279069767441862,1,43,1,1,1,1
243,0063_s007_v2_008.jpg,63,2,7,True,7,1052,0.7398268398268398,0.5833333333333334,1,12,1,1,1,1
244,0063_s007_v3_009.jpg,63,3,7,True,7,1052,0.8976190476190476,0.7,1,10,1,1,1,1
245,0063_s025_v0_000.jpg,63,0,25,True,3,1048,0.2253968253968254,0.2,3,15,0,1,1,1
246,0063_s025_v1_001.jpg,63,1,25,True,3,1048,1.0,1.0,1,3,1,1,1,1
247,0063_s025_v3_002.jpg,63,3,25,True,3,1048,0.6960784313725491,0.08823529411764706,1,34,1,1,1,1
248,0063_s025_v4_003.jpg,63,4,25,True,3,1048,0.9166666666666666,0.75,1,4,1,1,1,1
249,0063_s025_v5_004.jpg,63,5,25,True,3,1048,0.8333333333333334,0.5,1,6,1,1,1,1
250,0063_s025_v6_005.jpg,63,6,25,True,3,1048,0.5719489981785063,0.04918032786885246,1,61,1,1,1,1
251,0063_s025_v7_006.jpg,63,7,25,True,3,1048,0.39999999999999997,0.3,2,10,0,1,1,1
252,0069_s008_v2_003.jpg,69,2,8,True,3,1052,0.023750178115374918,0.027522935779816515,45,109,0,0,0,0
253,0069_s008_v4_004.jpg,69,4,8,True,3,1052,0.17204301075268816,0.0069124423963133645,2,434,0,1,1,1
254,0069_s008_v7_005.jpg,69,7,8,True,3,1052,0.17489177489177488,0.14285714285714285,5,21,0,1,1,1
255,0069_s012_v1_000.jpg,69,1,12,True,3,1052,0.03944911297852474,0.027777777777777776,17,108,0,0,0,1
256,0069_s012_v5_001.jpg,69,5,12,True,3,1052,0.051109674639086396,0.023076923076923078,14,130,0,0,0,1
257,0069_s012_v7_002.jpg,69,7,12,True,3,1052,0.02671497584541063,0.016666666666666666,23,180,0,0,0,0
258,0075_s009_v3_016.jpg,75,3,9,True,16,1052,0.20999000739356716,0.08080808080808081,2,198,0,1,1,1
259,0075_s009_v5_017.jpg,75,5,9,True,16,1052,0.429783260627939,0.09523809523809523,1,168,1,1,1,1
260,0075_s009_v7_018.jpg,75,7,9,True,16,1052,0.19182550957628297,0.09248554913294797,2,173,0,1,1,1
261,0075_s012_v1_000.jpg,75,1,12,True,16,1052,0.33637073080552804,0.05194805194805195,1,308,1,1,1,1
262,0075_s012_v3_001.jpg,75,3,12,True,16,1052,0.626053441939762,0.19753086419753085,1,81,1,1,1,1
263,0075_s012_v4_002.jpg,75,4,12,True,16,1052,0.45978649632661395,0.13559322033898305,1,118,1,1,1,1
264,0075_s019_v0_003.jpg,75,0,19,True,16,1052,0.35299960186830537,0.05904059040590406,1,271,1,1,1,1
265,0075_s019_v3_004.jpg,75,3,19,True,16,1052,0.5806836874013287,0.08121827411167512,1,197,1,1,1,1
266,0075_s019_v5_005.jpg,75,5,19,True,16,1052,0.41027543746948447,0.07729468599033816,1,207,1,1,1,1
267,0075_s021_v1_006.jpg,75,1,21,True,15,1051,0.44871276683789796,0.04297994269340974,1,349,1,1,1,1
268,0075_s021_v5_007.jpg,75,5,21,True,15,1051,0.12203317450363022,0.09202453987730061,6,163,0,0,1,1
269,0075_s021_v6_008.jpg,75,6,21,True,15,1051,0.437978435536575,0.21428571428571427,1,70,1,1,1,1
270,0075_s021_v7_009.jpg,75,7,21,True,15,1051,0.382684067412369,0.1724137931034483,3,87,0,1,1,1
271,0075_s029_v0_010.jpg,75,0,29,True,13,1049,0.23521187739474564,0.049429657794676805,1,263,1,1,1,1
272,0075_s029_v1_011.jpg,75,1,29,True,13,1049,0.22353146477505095,0.05627705627705628,1,231,1,1,1,1
273,0075_s029_v2_012.jpg,75,2,29,True,13,1049,0.7833615920572444,0.2826086956521739,1,46,1,1,1,1
274,0075_s029_v3_013.jpg,75,3,29,True,13,1049,0.6678211389749852,0.25,1,52,1,1,1,1
275,0075_s029_v5_014.jpg,75,5,29,True,13,1049,0.6072857721117104,0.13978494623655913,1,93,1,1,1,1
276,0075_s029_v6_015.jpg,75,6,29,True,13,1049,0.47841084646556753,0.05439330543933055,1,239,1,1,1,1
277,0079_s010_v1_006.jpg,79,1,10,True,6,1053,0.673941798941799,0.2222222222222222,1,27,1,1,1,1
278,0079_s010_v3_007.jpg,79,3,10,True,6,1053,0.9055555555555554,0.6,1,10,1,1,1,1
279,0079_s013_v1_000.jpg,79,1,13,True,6,1053,0.6852764094143405,0.20689655172413793,1,29,1,1,1,1
280,0079_s013_v3_001.jpg,79,3,13,True,6,1053,0.7313492063492063,0.4,1,15,1,1,1,1
281,0079_s022_v1_002.jpg,79,1,22,True,4,1051,1.0,1.0,1,4,1,1,1,1
282,0079_s022_v3_003.jpg,79,3,22,True,4,1051,0.5047619047619047,0.4,1,10,1,1,1,1
283,0079_s022_v4_004.jpg,79,4,22,True,4,1051,0.37628676470588235,0.11764705882352941,1,34,1,1,1,1
284,0079_s022_v5_005.jpg,79,5,22,True,4,1051,0.3384615384615384,0.07692307692307693,1,52,1,1,1,1
285,0088_s010_v1_007.jpg,88,1,10,True,7,1052,0.5472582972582972,0.05303030303030303,1,132,1,1,1,1
286,0088_s010_v3_008.jpg,88,3,10,True,7,1052,0.09518706490893267,0.051094890510948905,17,137,0,0,0,1
287,0088_s010_v7_009.jpg,88,7,10,True,7,1052,0.5419261223281854,0.06422018348623854,1,109,1,1,1,1
288,0088_s013_v2_000.jpg,88,2,13,True,7,1052,0.7724489795918367,0.5,1,14,1,1,1,1
289,0088_s013_v4_001.jpg,88,4,13,True,7,1052,0.06530453827263814,0.04666666666666667,10,150,0,0,1,1
290,0088_s013_v7_002.jpg,88,7,13,True,7,1052,0.22682131616463413,0.11290322580645161,6,62,0,0,1,1
291,0088_s015_v1_003.jpg,88,1,15,True,8,1053,0.517979407979408,0.21621621621621623,2,37,0,1,1,1
292,0088_s015_v7_004.jpg,88,7,15,True,8,1053,0.6646279761904762,0.32,1,25,1,1,1,1
293,0088_s022_v1_005.jpg,88,1,22,True,8,1053,0.5877110054548135,0.07017543859649122,1,114,1,1,1,1
294,0088_s022_v7_006.jpg,88,7,22,True,8,1053,0.6205030741110003,0.13559322033898305,1,59,1,1,1,1
295,0090_s000_v0_003.jpg,90,0,0,True,3,1047,0.008117713228060977,0.011152416356877323,210,269,0,0,0,0
296,0090_s000_v1_007.jpg,90,1,0,True,3,1047,0.042187093416601616,0.04918032786885246,28,61,0,0,0,0
297,0090_s000_v2_005.jpg,90,2,0,True,3,1047,0.008938458357343108,0.012875536480686695,188,233,0,0,0,0
298,0090_s000_v3_008.jpg,90,3,0,True,3,1047,0.016389978213507628,0.022058823529411766,90,136,0,0,0,0
299,0090_s000_v4_004.jpg,90,4,0,True,3,1047,0.005301605689421308,0.007556675062972292,345,397,0,0,0,0
300,0090_s000_v5_009.jpg,90,5,0,True,3,1047,0.010421920975199664,0.015384615384615385,183,195,0,0,0,0
301,0090_s000_v6_006.jpg,90,6,0,True,3,1047,0.01849243435692034,0.026785714285714284,100,112,0,0,0,0
302,0090_s000_v7_010.jpg,90,7,0,True,3,1047,0.01665509667862232,0.01910828025477707,76,157,0,0,0,0
303,0090_s010_v1_000.jpg,90,1,10,True,8,1052,0.033320537913562105,0.03686635944700461,82,217,0,0,0,0
304,0090_s010_v3_001.jpg,90,3,10,True,8,1052,0.03449570192023897,0.03940886699507389,82,203,0,0,0,0
305,0090_s010_v5_002.jpg,90,5,10,True,8,1052,0.033589291007857465,0.04081632653061224,90,196,0,0,0,0
306,0092_s010_v1_004.jpg,92,1,10,True,4,1052,0.724537037037037,0.14814814814814814,1,27,1,1,1,1
307,0092_s010_v4_005.jpg,92,4,10,True,4,1052,0.23988095238095236,0.06666666666666667,2,60,0,1,1,1
308,0092_s010_v7_006.jpg,92,7,10,True,4,1052,0.5625,0.25,1,16,1,1,1,1
309,0092_s022_v0_000.jpg,92,0,22,True,3,1051,0.5909090909090909,0.2727272727272727,1,11,1,1,1,1
310,0092_s022_v1_001.jpg,92,1,22,True,3,1051,0.39087301587301587,0.047619047619047616,1,63,1,1,1,1
311,0092_s022_v3_002.jpg,92,3,22,True,3,1051,0.4747474747474747,0.09090909090909091,1,33,1,1,1,1
312,0092_s022_v7_003.jpg,92,7,22,True,3,1051,0.4168734491315136,0.0967741935483871,1,31,1,1,1,1
313,0094_s011_v0_020.jpg,94,0,11,True,20,1053,0.3964257697230765,0.053475935828877004,1,374,1,1,1,1
314,0094_s011_v3_021.jpg,94,3,11,True,20,1053,0.6024412222750947,0.2,1,100,1,1,1,1
315,0094_s013_v4_000.jpg,94,4,13,True,20,1053,0.27140106008396325,0.09523809523809523,1,210,1,1,1,1
316,0094_s013_v7_001.jpg,94,7,13,True,20,1053,0.6044360264839568,0.07462686567164178,1,268,1,1,1,1
317,0094_s015_v4_002.jpg,94,4,15,True,20,1053,0.23473598173702723,0.055865921787709494,1,358,1,1,1,1
318,0094_s015_v7_003.jpg,94,7,15,True,20,1053,0.6675187838563332,0.24096385542168675,1,83,1,1,1,1
319,0094_s016_v1_004.jpg,94,1,16,True,20,1053,0.5005079149768442,0.14705882352941177,1,136,1,1,1,1
320,0094_s016_v7_005.jpg,94,7,16,True,20,1053,0.5939625177639896,0.23255813953488372,1,86,1,1,1,1
321,0094_s023_v0_006.jpg,94,0,23,True,17,1050,0.38384562787449344,0.08095238095238096,2,210,0,1,1,1
322,0094_s023_v1_007.jpg,94,1,23,True,17,1050,0.22291670465894267,0.11038961038961038,1,154,1,1,1,1
323,0094_s023_v2_008.jpg,94,2,23,True,17,1050,0.26284776404026966,0.13178294573643412,2,129,0,1,1,1
324,0094_s023_v6_009.jpg,94,6,23,True,17,1050,0.2938895149021744,0.125,3,136,0,1,1,1
325,0094_s023_v6_010.jpg,94,6,23,True,17,1050,0.19611707076669357,0.10493827160493827,4,162,0,1,1,1
326,0094_s024_v0_011.jpg,94,0,24,True,16,1049,0.10409615866731457,0.064,10,250,0,0,1,1
327,0094_s024_v1_012.jpg,94,1,24,True,16,1049,0.3118002018099419,0.10884353741496598,1,147,1,1,1,1
328,0094_s024_v3_013.jpg,94,3,24,True,16,1049,0.256407134670077,0.10457516339869281,2,153,0,1,1,1
329,0094_s024_v4_014.jpg,94,4,24,True,16,1049,0.13326159840985957,0.051118210862619806,1,313,1,1,1,1
330,0094_s024_v5_015.jpg,94,5,24,True,16,1049,0.07355304137352803,0.058394160583941604,26,274,0,0,0,0
331,0094_s024_v7_016.jpg,94,7,24,True,16,1049,0.2408857140662618,0.10457516339869281,1,153,1,1,1,1
332,0094_s028_v4_017.jpg,94,4,28,True,19,1052,0.1356535415926365,0.06713780918727916,1,283,1,1,1,1
333,0094_s028_v6_018.jpg,94,6,28,True,19,1052,0.22797828660324818,0.060126582278481014,2,316,0,1,1,1
334,0094_s028_v7_019.jpg,94,7,28,True,19,1052,0.5107719099041692,0.2,1,95,1,1,1,1
335,0096_s011_v3_010.jpg,96,3,11,True,10,1052,0.04203672239312636,0.03496503496503497,13,286,0,0,0,1
336,0096_s011_v5_011.jpg,96,5,11,True,10,1052,0.054978308005057576,0.027624309392265192,13,362,0,0,0,1
337,0096_s011_v7_012.jpg,96,7,11,True,10,1052,0.04172425417007199,0.02247191011235955,7,445,0,0,1,1
338,0096_s015_v0_000.jpg,96,0,15,True,10,1052,0.604092912078921,0.025510204081632654,1,392,1,1,1,1
339,0096_s015_v4_001.jpg,96,4,15,True,10,1052,0.2953509290292678,0.021321961620469083,1,469,1,1,1,1
340,0096_s015_v6_002.jpg,96,6,15,True,10,1052,0.5241721107662359,0.0684931506849315,1,146,1,1,1,1
341,0096_s022_v4_003.jpg,96,4,22,True,11,1053,0.20458624489241475,0.020446096654275093,1,538,1,1,1,1
342,0096_s022_v7_004.jpg,96,7,22,True,11,1053,0.4195716907088362,0.054455445544554455,1,202,1,1,1,1
343,0096_s024_v5_005.jpg,96,5,24,True,11,1053,0.29372274948651805,0.030136986301369864,1,365,1,1,1,1
344,0096_s024_v7_006.jpg,96,7,24,True,11,1053,0.44378000914525606,0.05472636815920398,1,201,1,1,1,1
345,0096_s028_v0_007.jpg,96,0,28,True,10,1052,0.20495451138014623,0.019157088122605363,1,522,1,1,1,1
346,0096_s028_v5_008.jpg,96,5,28,True,10,1052,0.24834395429207262,0.05405405405405406,2,185,0,1,1,1
347,0096_s028_v7_009.jpg,96,7,28,True,10,1052,0.48164185802343695,0.05263157894736842,1,190,1,1,1,1
348,0100_s011_v1_010.jpg,100,1,11,True,10,1053,0.9047863247863248,0.5555555555555556,1,18,1,1,1,1
349,0100_s011_v4_011.jpg,100,4,11,True,10,1053,0.5088703363023138,0.3225806451612903,1,31,1,1,1,1
350,0100_s017_v0_000.jpg,100,0,17,True,9,1052,0.6594541910331384,0.16666666666666666,1,54,1,1,1,1
351,0100_s017_v1_001.jpg,100,1,17,True,9,1052,0.9297008547008547,0.6923076923076923,1,13,1,1,1,1
352,0100_s017_v3_002.jpg,100,3,17,True,9,1052,0.5219790497568275,0.25,1,36,1,1,1,1
353,0100_s025_v0_003.jpg,100,0,25,True,5,1048,0.55,0.25,1,20,1,1,1,1
354,0100_s025_v1_004.jpg,100,1,25,True,5,1048,0.8583333333333332,0.625,1,8,1,1,1,1
355,0100_s025_v2_005.jpg,100,2,25,True,5,1048,0.8166666666666667,0.4166666666666667,1,12,1,1,1,1
356,0100_s025_v3_006.jpg,100,3,25,True,5,1048,0.45383022774327114,0.17857142857142858,2,28,0,1,1,1
357,0100_s025_v4_007.jpg,100,4,25,True,5,1048,0.3836797877045555,0.14285714285714285,1,35,1,1,1,1
358,0100_s025_v5_008.jpg,100,5,25,True,5,1048,0.19878928089454403,0.08771929824561403,6,57,0,0,1,1
359,0100_s025_v7_009.jpg,100,7,25,True,5,1048,0.7797979797979798,0.45454545454545453,1,11,1,1,1,1
360,0110_s011_v4_002.jpg,110,4,11,True,2,1052,0.21428571428571427,0.09523809523809523,3,21,0,1,1,1
361,0110_s011_v6_003.jpg,110,6,11,True,2,1052,0.2222222222222222,0.1111111111111111,3,18,0,1,1,1
362,0110_s011_v7_004.jpg,110,7,11,True,2,1052,1.0,1.0,1,2,1,1,1,1
363,0110_s012_v0_000.jpg,110,0,12,True,3,1053,0.43846153846153846,0.11538461538461539,1,26,1,1,1,1
364,0110_s012_v5_001.jpg,110,5,12,True,3,1053,1.0,1.0,1,3,1,1,1,1
365,0112_s012_v0_000.jpg,112,0,12,True,7,1053,0.2729062175446363,0.09859154929577464,1,71,1,1,1,1
366,0112_s012_v3_001.jpg,112,3,12,True,7,1053,0.6501133786848072,0.4666666666666667,1,15,1,1,1,1
367,0112_s018_v0_002.jpg,112,0,18,True,7,1053,0.2641911728118625,0.06666666666666667,1,105,1,1,1,1
368,0112_s018_v3_003.jpg,112,3,18,True,7,1053,0.32466793464098037,0.0660377358490566,1,106,1,1,1,1
369,0112_s025_v1_004.jpg,112,1,25,True,4,1050,0.16567460317460317,0.13333333333333333,5,30,0,1,1,1
370,0112_s025_v2_005.jpg,112,2,25,True,4,1050,0.036766414637339616,0.029850746268656716,19,134,0,0,0,1
371,0112_s025_v3_006.jpg,112,3,25,True,4,1050,0.1449314574314574,0.05194805194805195,3,77,0,1,1,1
372,0112_s025_v4_007.jpg,112,4,25,True,4,1050,0.0732615663322185,0.08695652173913043,13,46,0,0,0,1
373,0112_s025_v5_008.jpg,112,5,25,True,4,1050,0.042378146544813214,0.04938271604938271,28,81,0,0,0,0
374,0114_s012_v3_000.jpg,114,3,12,True,11,1053,0.6415587394484864,0.15714285714285714,1,70,1,1,1,1
375,0114_s012_v5_001.jpg,114,5,12,True,11,1053,0.7516491084672904,0.21153846153846154,1,52,1,1,1,1
376,0114_s016_v3_002.jpg,114,3,16,True,11,1053,0.43229283091948073,0.09322033898305085,1,118,1,1,1,1
377,0114_s016_v5_003.jpg,114,5,16,True,11,1053,0.6343640380297271,0.14864864864864866,1,74,1,1,1,1
378,0114_s018_v0_004.jpg,114,0,18,True,9,1051,0.6342132793173691,0.15254237288135594,1,59,1,1,1,1
379,0114_s018_v1_005.jpg,114,1,18,True,9,1051,0.673148148148148,0.3333333333333333,1,27,1,1,1,1
380,0114_s018_v2_006.jpg,114,2,18,True,9,1051,0.7486560280677927,0.5,1,18,1,1,1,1
381,0114_s018_v6_007.jpg,114,6,18,True,9,1051,0.9479717813051146,0.6428571428571429,1,14,1,1,1,1
382,0114_s019_v0_008.jpg,114,0,19,True,8,1050,0.6149245689655173,0.2,1,40,1,1,1,1
383,0114_s019_v1_009.jpg,114,1,19,True,8,1050,0.5621036372981285,0.09090909090909091,1,88,1,1,1,1
384,0114_s019_v2_010.jpg,114,2,19,True,8,1050,0.6305357142857142,0.2857142857142857,1,28,1,1,1,1
385,0114_s019_v4_011.jpg,114,4,19,True,8,1050,0.3491838023088023,0.17777777777777778,2,45,0,1,1,1
386,0114_s019_v6_012.jpg,114,6,19,True,8,1050,0.8126780626780626,0.2962962962962963,1,27,1,1,1,1
387,0116_s012_v0_000.jpg,116,0,12,True,4,1052,0.26785714285714285,0.2857142857142857,5,14,0,1,1,1
388,0116_s012_v4_001.jpg,116,4,12,True,4,1052,0.6041666666666666,0.5,2,8,0,1,1,1
389,0116_s012_v6_002.jpg,116,6,12,True,4,1052,0.6602564102564104,0.3076923076923077,1,13,1,1,1,1
390,0116_s029_v1_003.jpg,116,1,29,True,3,1051,0.24090909090909088,0.2727272727272727,5,11,0,1,1,1
391,0116_s029_v3_004.jpg,116,3,29,True,3,1051,0.2748917748917749,0.14285714285714285,2,21,0,1,1,1
392,0116_s029_v5_005.jpg,116,5,29,True,3,1051,0.5213675213675214,0.23076923076923078,1,13,1,1,1,1
393,0116_s029_v7_006.jpg,116,7,29,True,3,1051,0.2126022126022126,0.2727272727272727,7,11,0,0,1,1
394,0122_s012_v2_000.jpg,122,2,12,True,10,1052,0.6770703705143064,0.43478260869565216,1,23,1,1,1,1
395,0122_s012_v5_001.jpg,122,5,12,True,10,1052,0.6079013143719025,0.2564102564102564,1,39,1,1,1,1
396,0122_s012_v7_002.jpg,122,7,12,True,10,1052,0.318839189047931,0.11904761904761904,1,84,1,1,1,1
397,0122_s013_v0_003.jpg,122,0,13,True,11,1053,0.46760622418517156,0.19298245614035087,1,57,1,1,1,1
398,0122_s013_v1_004.jpg,122,1,13,True,11,1053,0.5609399513142829,0.15714285714285714,1,70,1,1,1,1
399,0122_s025_v0_005.jpg,122,0,25,True,5,1047,0.42603174603174604,0.11904761904761904,1,42,1,1,1,1
400,0122_s025_v1_006.jpg,122,1,25,True,5,1047,0.3603030303030303,0.15151515151515152,1,33,1,1,1,1
401,0122_s025_v2_007.jpg,122,2,25,True,5,1047,0.3376190476190476,0.08333333333333333,1,60,1,1,1,1
402,0122_s025_v3_008.jpg,122,3,25,True,5,1047,0.6437965260545905,0.16129032258064516,1,31,1,1,1,1
403,0122_s025_v4_009.jpg,122,4,25,True,5,1047,0.8263157894736842,0.13157894736842105,1,38,1,1,1,1
404,0122_s025_v5_010.jpg,122,5,25,True,5,1047,0.5809523809523809,0.3333333333333333,1,15,1,1,1,1
405,0122_s025_v6_011.jpg,122,6,25,True,5,1047,0.3215741121623475,0.29411764705882354,3,17,0,1,1,1
406,0122_s025_v7_012.jpg,122,7,25,True,5,1047,0.13455419903810578,0.09433962264150944,6,53,0,0,1,1
407,0127_s013_v0_000.jpg,127,0,13,True,4,1053,0.4235294117647059,0.11764705882352941,1,34,1,1,1,1
408,0127_s013_v3_001.jpg,127,3,13,True,4,1053,0.28484848484848485,0.3333333333333333,3,12,0,1,1,1
409,0127_s022_v4_002.jpg,127,4,22,True,4,1053,0.15772357723577235,0.0975609756097561,5,41,0,1,1,1
410,0127_s022_v7_003.jpg,127,7,22,True,4,1053,0.3296099290780142,0.0851063829787234,1,47,1,1,1,1
411,0127_s028_v3_004.jpg,127,3,28,True,4,1053,0.3158949745906267,0.08695652173913043,1,46,1,1,1,1
412,0127_s028_v5_005.jpg,127,5,28,True,4,1053,0.183765243902439,0.0975609756097561,2,41,0,1,1,1
413,0129_s013_v0_000.jpg,129,0,13,True,13,1052,0.3615974292088296,0.10483870967741936,1,124,1,1,1,1
414,0129_s013_v3_001.jpg,129,3,13,True,13,1052,0.6418225759805551,0.08666666666666667,1,150,1,1,1,1
415,0129_s013_v5_002.jpg,129,5,13,True,13,1052,0.7545345072868008,0.11926605504587157,1,109,1,1,1,1
416,0129_s015_v3_003.jpg,129,3,15,True,13,1052,0.692496291708673,0.12871287128712872,1,101,1,1,1,1
417,0129_s015_v5_004.jpg,129,5,15,True,13,1052,0.6263280638280638,0.09285714285714286,1,140,1,1,1,1
418,0129_s015_v7_005.jpg,129,7,15,True,13,1052,0.5434923579860726,0.22413793103448276,1,58,1,1,1,1
419,0129_s016_v1_006.jpg,129,1,16,True,14,1053,0.6061807210812357,0.22580645161290322,1,62,1,1,1,1
420,0129_s016_v6_007.jpg,129,6,16,True,14,1053,0.4244635857041872,0.14285714285714285,1,98,1,1,1,1
421,0129_s023_v0_008.jpg,129,0,23,True,11,1050,0.2863261183988352,0.06043956043956044,1,182,1,1,1,1
422,0129_s023_v1_009.jpg,129,1,23,True,11,1050,0.36543505384202163,0.18032786885245902,1,61,1,1,1,1
423,0129_s023_v3_010.jpg,129,3,23,True,11,1050,0.4585668903850722,0.05945945945945946,2,185,0,1,1,1
424,0129_s023_v4_011.jpg,129,4,23,True,11,1050,0.5168330730581275,0.14473684210526316,1,76,1,1,1,1
425,0129_s023_v5_012.jpg,129,5,23,True,11,1050,0.7417143386831928,0.07096774193548387,1,155,1,1,1,1
426,0129_s024_v0_013.jpg,129,0,24,True,13,1052,0.23243276645675962,0.05327868852459016,1,244,1,1,1,1
427,0129_s024_v4_014.jpg,129,4,24,True,13,1052,0.4394931998133752,0.18309859154929578,1,71,1,1,1,1
428,0129_s024_v5_015.jpg,129,5,24,True,13,1052,0.520979096091878,0.09558823529411764,1,136,1,1,1,1
429,0139_s000_v0_002.jpg,139,0,0,True,2,1047,0.013080576350317959,0.016260162601626018,101,123,0,0,0,0
430,0139_s000_v1_006.jpg,139,1,0,True,2,1047,0.011898395721925133,0.014705882352941176,110,136,0,0,0,0
431,0139_s000_v2_004.jpg,139,2,0,True,2,1047,0.01213558376342586,0.014925373134328358,107,134,0,0,0,0
432,0139_s000_v3_007.jpg,139,3,0,True,2,1047,0.026977821913273747,0.03508771929824561,53,57,0,0,0,0
433,0139_s000_v4_003.jpg,139,4,0,True,2,1047,0.02601330913490623,0.034482758620689655,57,58,0,0,0,0
434,0139_s000_v5_008.jpg,139,5,0,True,2,1047,0.013147473467448122,0.01694915254237288,107,118,0,0,0,0
435,0139_s000_v6_005.jpg,139,6,0,True,2,1047,0.013011294261294262,0.017094017094017096,112,117,0,0,0,0
436,0139_s000_v7_009.jpg,139,7,0,True,2,1047,0.020740883658113062,0.0273972602739726,71,73,0,0,0,0
437,0139_s015_v1_000.jpg,139,1,15,True,8,1053,0.04222452755293042,0.058823529411764705,55,136,0,0,0,0
438,0139_s015_v7_001.jpg,139,7,15,True,8,1053,0.03731497826527612,0.049079754601226995,60,163,0,0,0,0
439,0141_s015_v0_000.jpg,141,0,15,True,5,1052,0.4685714285714286,0.14285714285714285,1,35,1,1,1,1
440,0141_s015_v3_001.jpg,141,3,15,True,5,1052,0.7944444444444445,0.5555555555555556,1,9,1,1,1,1
441,0141_s015_v5_002.jpg,141,5,15,True,5,1052,0.5977777777777777,0.5555555555555556,2,9,0,1,1,1
442,0141_s023_v0_003.jpg,141,0,23,True,3,1050,0.6333333333333333,0.5,1,6,1,1,1,1
443,0141_s023_v1_004.jpg,141,1,23,True,3,1050,0.7916666666666666,0.375,1,8,1,1,1,1
444,0141_s023_v3_005.jpg,141,3,23,True,3,1050,0.7380952380952381,0.21428571428571427,1,14,1,1,1,1
445,0141_s023_v4_006.jpg,141,4,23,True,3,1050,0.6805555555555555,0.375,1,8,1,1,1,1
446,0141_s023_v5_007.jpg,141,5,23,True,3,1050,0.7777777777777778,0.3333333333333333,1,9,1,1,1,1
447,0143_s016_v0_000.jpg,143,0,16,True,5,1051,1.0,1.0,1,5,1,1,1,1
448,0143_s016_v1_001.jpg,143,1,16,True,5,1051,1.0,1.0,1,5,1,1,1,1
449,0143_s016_v3_002.jpg,143,3,16,True,5,1051,0.9428571428571428,0.7142857142857143,1,7,1,1,1,1
450,0143_s016_v5_003.jpg,143,5,16,True,5,1051,1.0,1.0,1,5,1,1,1,1
451,0143_s024_v0_004.jpg,143,0,24,True,4,1050,0.95,0.8,1,5,1,1,1,1
452,0143_s024_v1_005.jpg,143,1,24,True,4,1050,1.0,1.0,1,4,1,1,1,1
453,0143_s024_v3_006.jpg,143,3,24,True,4,1050,1.0,1.0,1,4,1,1,1,1
454,0143_s024_v4_007.jpg,143,4,24,True,4,1050,0.95,0.8,1,5,1,1,1,1
455,0143_s024_v7_008.jpg,143,7,24,True,4,1050,1.0,1.0,1,4,1,1,1,1
456,0145_s016_v0_000.jpg,145,0,16,True,9,1050,0.525243676934772,0.04712041884816754,1,191,1,1,1,1
457,0145_s016_v3_001.jpg,145,3,16,True,9,1050,0.18693558580384828,0.024324324324324326,3,370,0,1,1,1
458,0145_s016_v4_002.jpg,145,4,16,True,9,1050,0.4809477697229,0.03409090909090909,1,264,1,1,1,1
459,0145_s016_v5_003.jpg,145,5,16,True,9,1050,0.4310939711178843,0.03103448275862069,1,290,1,1,1,1
460,0145_s016_v7_004.jpg,145,7,16,True,9,1050,0.3210080745008412,0.023872679045092837,1,377,1,1,1,1
461,0145_s023_v0_005.jpg,145,0,23,True,9,1050,0.014162275973294301,0.01559792027729636,171,577,0,0,0,0
462,0145_s023_v1_006.jpg,145,1,23,True,9,1050,0.15163805011963788,0.10975609756097561,8,82,0,0,1,1
463,0145_s023_v3_007.jpg,145,3,23,True,9,1050,0.18918059233675844,0.09574468085106383,2,94,0,1,1,1
464,0145_s023_v4_008.jpg,145,4,23,True,9,1050,0.6506116266340806,0.15517241379310345,1,58,1,1,1,1
465,0145_s023_v7_009.jpg,145,7,23,True,9,1050,0.026082413278358953,0.019148936170212766,54,470,0,0,0,0
466,0145_s024_v1_010.jpg,145,1,24,True,10,1051,0.43115774172976734,0.05747126436781609,1,174,1,1,1,1
467,0145_s024_v3_011.jpg,145,3,24,True,10,1051,0.55583288599182,0.06134969325153374,1,163,1,1,1,1
468,0145_s024_v4_012.jpg,145,4,24,True,10,1051,0.5255112243155722,0.06944444444444445,1,144,1,1,1,1
469,0145_s024_v5_013.jpg,145,5,24,True,10,1051,0.5217013351909904,0.05747126436781609,1,174,1,1,1,1
470,0150_s000_v0_007.jpg,150,0,0,True,7,1047,0.04615963464114647,0.026119402985074626,17,268,0,0,0,1
471,0150_s000_v1_011.jpg,150,1,0,True,7,1047,0.22971132743563055,0.056910569105691054,1,123,1,1,1,1
472,0150_s000_v2_009.jpg,150,2,0,True,7,1047,0.07846003349701658,0.05343511450381679,4,131,0,1,1,1
473,0150_s000_v3_012.jpg,150,3,0,True,7,1047,0.0678761039140577,0.044585987261146494,8,157,0,0,1,1
474,0150_s000_v4_008.jpg,150,4,0,True,7,1047,0.031715300519165476,0.0219435736677116,15,319,0,0,0,1
475,0150_s000_v5_013.jpg,150,5,0,True,7,1047,0.030601256154113538,0.02127659574468085,17,329,0,0,0,1
476,0150_s000_v6_010.jpg,150,6,0,True,7,1047,0.16885566955909942,0.03867403314917127,1,181,1,1,1,1
477,0150_s000_v7_014.jpg,150,7,0,True,7,1047,0.1687085464722627,0.06140350877192982,3,114,0,1,1,1
478,0150_s016_v1_000.jpg,150,1,16,True,12,1052,0.2057581738040117,0.020905923344947737,1,574,1,1,1,1
479,0150_s016_v4_001.jpg,150,4,16,True,12,1052,0.14785096608595144,0.041237113402061855,2,291,0,1,1,1
480,0150_s016_v7_002.jpg,150,7,16,True,12,1052,0.26289831859255547,0.057692307692307696,1,208,1,1,1,1
481,0150_s024_v0_003.jpg,150,0,24,True,11,1051,0.2723465645730014,0.03859649122807018,1,285,1,1,1,1
482,0150_s024_v1_004.jpg,150,1,24,True,11,1051,0.40856968226868456,0.11827956989247312,1,93,1,1,1,1
483,0150_s024_v3_005.jpg,150,3,24,True,11,1051,0.13402300353090427,0.1375,8,80,0,0,1,1
484,0150_s024_v7_006.jpg,150,7,24,True,11,1051,0.14323758983283366,0.02689486552567237,1,409,1,1,1,1
485,0152_s016_v1_000.jpg,152,1,16,True,3,1054,0.6388888888888888,0.75,2,4,0,1,1,1
486,0152_s018_v3_001.jpg,152,3,18,True,1,1052,0.5,0.5,2,2,0,1,1,1
487,0152_s018_v5_002.jpg,152,5,18,True,1,1052,0.5,0.5,2,2,0,1,1,1
488,0152_s018_v7_003.jpg,152,7,18,True,1,1052,0.25,0.25,4,4,0,1,1,1
489,0160_s017_v0_000.jpg,160,0,17,True,12,1052,0.25316541726238206,0.13793103448275862,2,87,0,1,1,1
490,0160_s017_v1_001.jpg,160,1,17,True,12,1052,0.3706843301951998,0.3076923076923077,4,39,0,1,1,1
491,0160_s017_v3_002.jpg,160,3,17,True,12,1052,0.597283170046328,0.4,2,30,0,1,1,1
492,0160_s029_v1_003.jpg,160,1,29,True,9,1049,0.19606054171271559,0.13636363636363635,5,66,0,1,1,1
493,0160_s029_v3_004.jpg,160,3,29,True,9,1049,0.3896370249913421,0.16363636363636364,1,55,1,1,1,1
494,0160_s029_v4_005.jpg,160,4,29,True,9,1049,0.3529168037939968,0.16363636363636364,1,55,1,1,1,1
495,0160_s029_v5_006.jpg,160,5,29,True,9,1049,0.45446898780232114,0.23076923076923078,2,39,0,1,1,1
496,0160_s029_v6_007.jpg,160,6,29,True,9,1049,0.7225108225108225,0.2571428571428571,1,35,1,1,1,1
497,0160_s029_v7_008.jpg,160,7,29,True,9,1049,0.3823587934699046,0.25,4,36,0,1,1,1
498,0160_s030_v0_009.jpg,160,0,30,True,9,1049,0.34161019845604024,0.2647058823529412,2,34,0,1,1,1
499,0160_s030_v1_010.jpg,160,1,30,True,9,1049,0.22674481008822608,0.16071428571428573,4,56,0,1,1,1
500,0160_s030_v3_011.jpg,160,3,30,True,9,1049,0.1860601861770664,0.15,5,60,0,1,1,1
501,0160_s030_v4_012.jpg,160,4,30,True,9,1049,0.6920560920560921,0.4090909090909091,1,22,1,1,1,1
502,0160_s030_v5_013.jpg,160,5,30,True,9,1049,0.8064745196324143,0.23684210526315788,1,38,1,1,1,1
503,0160_s030_v6_014.jpg,160,6,30,True,9,1049,0.7424369480973254,0.16981132075471697,1,53,1,1,1,1
504,0170_s018_v0_000.jpg,170,0,18,True,6,1053,0.0360176097773458,0.022641509433962263,38,265,0,0,0,0
505,0170_s018_v5_001.jpg,170,5,18,True,6,1053,0.2830687830687831,0.05555555555555555,3,108,0,1,1,1
506,0170_s027_v0_002.jpg,170,0,27,True,2,1049,0.029709507042253523,0.028169014084507043,32,71,0,0,0,0
507,0170_s027_v1_003.jpg,170,1,27,True,2,1049,0.03439735828288387,0.02531645569620253,23,79,0,0,0,0
508,0170_s027_v2_004.jpg,170,2,27,True,2,1049,0.00986235277423017,0.00823045267489712,87,243,0,0,0,0
509,0170_s027_v3_005.jpg,170,3,27,True,2,1049,0.019904761904761904,0.016,42,125,0,0,0,0
510,0170_s027_v4_006.jpg,170,4,27,True,2,1049,0.025833333333333333,0.02666666666666667,40,75,0,0,0,0
511,0170_s027_v7_007.jpg,170,7,27,True,2,1049,0.023222251377591183,0.019417475728155338,37,103,0,0,0,0
512,0176_s019_v0_000.jpg,176,0,19,True,5,1051,0.4460462957189278,0.06329113924050633,1,79,1,1,1,1
513,0176_s019_v1_001.jpg,176,1,19,True,5,1051,1.0,1.0,1,5,1,1,1,1
514,0176_s019_v4_002.jpg,176,4,19,True,5,1051,0.7226190476190476,0.625,1,8,1,1,1,1
515,0176_s019_v5_003.jpg,176,5,19,True,5,1051,0.925,0.625,1,8,1,1,1,1
516,0176_s029_v1_004.jpg,176,1,29,True,4,1050,0.5770833333333333,0.26666666666666666,1,15,1,1,1,1
517,0176_s029_v3_005.jpg,176,3,29,True,4,1050,0.24583333333333335,0.08333333333333333,4,48,0,1,1,1
518,0176_s029_v5_006.jpg,176,5,29,True,4,1050,0.7329545454545454,0.18181818181818182,1,22,1,1,1,1
519,0176_s029_v6_007.jpg,176,6,29,True,4,1050,0.46882284382284384,0.10256410256410256,1,39,1,1,1,1
520,0176_s029_v7_008.jpg,176,7,29,True,4,1050,0.42991452991452994,0.26666666666666666,1,15,1,1,1,1
521,0178_s019_v1_000.jpg,178,1,19,True,2,1051,0.29166666666666663,0.25,3,8,0,1,1,1
522,0178_s019_v2_001.jpg,178,2,19,True,2,1051,0.18253968253968253,0.2222222222222222,7,9,0,0,1,1
523,0178_s019_v4_002.jpg,178,4,19,True,2,1051,0.25,0.16666666666666666,3,12,0,1,1,1
524,0178_s019_v7_003.jpg,178,7,19,True,2,1051,0.26666666666666666,0.3333333333333333,5,6,0,1,1,1
525,0178_s022_v3_004.jpg,178,3,22,True,4,1053,0.27325581395348836,0.09302325581395349,3,43,0,1,1,1
526,0178_s022_v4_005.jpg,178,4,22,True,4,1053,0.7083333333333334,0.3333333333333333,1,12,1,1,1,1
527,0196_s000_v0_002.jpg,196,0,0,True,2,1052,0.02976190476190476,0.03571428571428571,42,56,0,0,0,0
528,0196_s000_v1_004.jpg,196,1,0,True,2,1052,0.3125,0.125,2,16,0,1,1,1
529,0196_s000_v2_003.jpg,196,2,0,True,2,1052,0.02988215488215488,0.037037037037037035,44,54,0,0,0,0
530,0196_s022_v0_000.jpg,196,0,22,True,3,1053,0.08131017780140587,0.07894736842105263,11,38,0,0,0,1
531,0196_s022_v7_001.jpg,196,7,22,True,3,1053,0.054711628241040006,0.057692307692307696,21,52,0,0,0,0
532,0204_s022_v0_000.jpg,204,0,22,True,2,1051,0.025,0.025,40,80,0,0,0,0
533,0204_s022_v5_001.jpg,204,5,22,True,2,1051,0.03203203203203203,0.02702702702702703,27,74,0,0,0,0
534,0204_s022_v6_002.jpg,204,6,22,True,2,1051,0.2916666666666667,0.08333333333333333,2,24,0,1,1,1
535,0204_s022_v7_003.jpg,204,7,22,True,2,1051,0.19090909090909092,0.18181818181818182,5,11,0,1,1,1
536,0204_s024_v1_004.jpg,204,1,24,True,4,1053,0.07936404021510404,0.03076923076923077,7,130,0,0,1,1
537,0204_s024_v3_005.jpg,204,3,24,True,4,1053,0.2525699359622514,0.046511627906976744,2,86,0,1,1,1
538,0220_s023_v0_000.jpg,220,0,23,True,4,1048,0.02172868803788502,0.020202020202020204,31,198,0,0,0,0
539,0220_s023_v1_001.jpg,220,1,23,True,4,1048,0.4419491525423729,0.06779661016949153,1,59,1,1,1,1
540,0220_s023_v3_002.jpg,220,3,23,True,4,1048,0.09840823400145433,0.06779661016949153,11,59,0,0,0,1
541,0220_s023_v4_003.jpg,220,4,23,True,4,1048,0.06292641325536062,0.0625,19,64,0,0,0,1
542,0220_s023_v5_004.jpg,220,5,23,True,4,1048,0.10975474829430207,0.06896551724137931,10,58,0,0,1,1
543,0220_s023_v6_005.jpg,220,6,23,True,4,1048,0.1488095238095238,0.11428571428571428,10,35,0,0,1,1
544,0220_s023_v7_006.jpg,220,7,23,True,4,1048,0.6704545454545454,0.18181818181818182,1,22,1,1,1,1
545,0220_s024_v0_007.jpg,220,0,24,True,7,1051,0.34666557212996846,0.06140350877192982,1,114,1,1,1,1
546,0220_s024_v1_008.jpg,220,1,24,True,7,1051,0.12894670736861447,0.04216867469879518,4,166,0,1,1,1
547,0220_s024_v2_009.jpg,220,2,24,True,7,1051,0.027696398577956482,0.023890784982935155,96,293,0,0,0,0
548,0220_s024_v3_010.jpg,220,3,24,True,7,1051,0.07382118476282169,0.0319634703196347,17,219,0,0,0,1
549,0228_s026_v2_000.jpg,228,2,26,True,6,1050,0.2330250691327803,0.02631578947368421,3,228,0,1,1,1
550,0228_s026_v3_001.jpg,228,3,26,True,6,1050,0.6227106227106226,0.057692307692307696,1,104,1,1,1,1
551,0228_s026_v4_002.jpg,228,4,26,True,6,1050,0.2611498823466369,0.20689655172413793,3,29,0,1,1,1
552,0228_s026_v5_003.jpg,228,5,26,True,6,1050,0.8508771929824562,0.10526315789473684,1,57,1,1,1,1
553,0228_s026_v6_004.jpg,228,6,26,True,6,1050,0.6793290043290042,0.05,1,120,1,1,1,1
554,0228_s030_v2_005.jpg,228,2,30,True,5,1049,0.8526315789473685,0.2631578947368421,1,19,1,1,1,1
555,0228_s030_v3_006.jpg,228,3,30,True,5,1049,0.7352272727272727,0.3125,1,16,1,1,1,1
556,0228_s030_v4_007.jpg,228,4,30,True,5,1049,0.12846624081910726,0.016556291390728478,3,302,0,1,1,1
557,0228_s030_v5_008.jpg,228,5,30,True,5,1049,0.5584615384615386,0.19230769230769232,1,26,1,1,1,1
558,0228_s030_v6_009.jpg,228,6,30,True,5,1049,0.4684415584415584,0.17857142857142858,1,28,1,1,1,1
559,0228_s030_v7_010.jpg,228,7,30,True,5,1049,0.85,0.25,1,20,1,1,1,1
560,0239_s028_v3_000.jpg,239,3,28,True,2,1052,0.45,0.4,2,5,0,1,1,1
561,0239_s028_v5_001.jpg,239,5,28,True,2,1052,0.06971153846153846,0.0625,13,32,0,0,0,1
562,0239_s028_v6_002.jpg,239,6,28,True,2,1052,0.022470559961547704,0.0273972602739726,57,73,0,0,0,0
563,0239_s029_v3_003.jpg,239,3,29,True,3,1053,0.18992248062015504,0.06976744186046512,3,43,0,1,1,1
564,0239_s029_v4_004.jpg,239,4,29,True,3,1053,0.2794486215538847,0.05263157894736842,2,57,0,1,1,1
565,0241_s028_v1_000.jpg,241,1,28,True,4,1050,0.06605776032823996,0.05333333333333334,19,75,0,0,0,1
566,0241_s028_v2_001.jpg,241,2,28,True,4,1050,0.06600795038295038,0.04395604395604396,15,91,0,0,0,1
567,0241_s028_v3_002.jpg,241,3,28,True,4,1050,0.07626066153526108,0.05263157894736842,22,76,0,0,0,0
568,0241_s028_v5_003.jpg,241,5,28,True,4,1050,0.055951751372591556,0.056338028169014086,24,71,0,0,0,0
569,0241_s028_v7_004.jpg,241,7,28,True,4,1050,0.04550723370958612,0.05555555555555555,24,72,0,0,0,0
570,0241_s029_v0_005.jpg,241,0,29,True,5,1051,0.051698535493601906,0.04807692307692308,17,104,0,0,0,1
571,0241_s029_v3_006.jpg,241,3,29,True,5,1051,0.12545890801704757,0.11363636363636363,6,44,0,0,1,1
572,0241_s029_v5_007.jpg,241,5,29,True,5,1051,0.2625953721075672,0.12195121951219512,4,41,0,1,1,1
573,0241_s029_v7_008.jpg,241,7,29,True,5,1051,0.07885714285714286,0.06666666666666667,21,75,0,0,0,0
574,0253_s000_v0_004.jpg,253,0,0,True,12,1050,0.02515082655449889,0.027522935779816515,96,436,0,0,0,0
575,0253_s000_v1_007.jpg,253,1,0,True,12,1050,0.019975622622382738,0.02414486921529175,125,497,0,0,0,0
576,0253_s000_v2_006.jpg,253,2,0,True,12,1050,0.03946248806436394,0.03715170278637771,73,323,0,0,0,0
577,0253_s000_v4_005.jpg,253,4,0,True,12,1050,0.04423997459395231,0.022770398481973434,38,527,0,0,0,0
578,0253_s000_v7_009.jpg,253,7,0,True,12,1050,0.015157468780379352,0.015852047556142668,180,757,0,0,0,0
579,0253_s001_v0_004.jpg,253,0,1,True,9,1047,0.04992915689963987,0.017142857142857144,12,525,0,0,0,1
580,0253_s001_v1_008.jpg,253,1,1,True,9,1047,0.038054587910068854,0.031141868512110725,31,289,0,0,0,0
581,0253_s001_v2_006.jpg,253,2,1,True,9,1047,0.04975564485529645,0.016728624535315983,14,538,0,0,0,1
582,0253_s001_v3_009.jpg,253,3,1,True,9,1047,0.09791017048417759,0.022222222222222223,3,405,0,1,1,1
583,0253_s001_v4_005.jpg,253,4,1,True,9,1047,0.09901974133233306,0.016666666666666666,2,540,0,1,1,1
584,0253_s001_v5_010.jpg,253,5,1,True,9,1047,0.24059477341878807,0.013595166163141994,1,662,1,1,1,1
585,0253_s001_v6_007.jpg,253,6,1,True,9,1047,0.03517548419578312,0.0141287284144427,14,637,0,0,0,1
586,0253_s001_v7_011.jpg,253,7,1,True,9,1047,0.056493462822497995,0.028391167192429023,7,317,0,0,1,1
587,0253_s030_v1_000.jpg,253,1,30,True,13,1051,0.11895885341890952,0.013918629550321198,5,934,0,1,1,1
588,0253_s030_v3_001.jpg,253,3,30,True,13,1051,0.2621871772682481,0.02050473186119874,1,634,1,1,1,1
589,0253_s030_v5_002.jpg,253,5,30,True,13,1051,0.31345657830102347,0.02034428794992175,2,639,0,1,1,1
590,0253_s030_v7_003.jpg,253,7,30,True,13,1051,0.07997767545181607,0.023679417122040074,9,549,0,0,1,1
